GLM RESULTS

Model fit per channel for Oxy(beta, t, p values)
S1-D1:     -0.039    -0.091  0.9271291       0.151     0.460  0.6457189       0.059     0.237  0.8129627       0.095     0.294  0.7688551       0.060     0.186  0.8528217      -0.123    -0.490  0.6243748    
S1-D2:     -0.099    -0.320  0.7488530       0.085     0.352  0.7246484       0.024     0.128  0.8978819       0.068     0.282  0.7777819       0.018     0.076  0.9394518      -0.279    -0.263  0.7929804    
S1-D3:      0.118     0.284  0.7762942      -0.363    -1.094  0.2742336       0.094     0.370  0.7114428       0.287     0.896  0.3704534      -0.011    -0.034  0.9732756      -0.380    -0.204  0.8383371    
S2-D2:     -0.189    -0.565  0.5720071       0.163     0.622  0.5341589      -0.023    -0.120  0.9047056       0.030     0.119  0.9051538       0.032     0.129  0.8973203      -0.251    -0.051  0.9591830    
S2-D4:      0.398     1.191  0.2337819       0.013     0.047  0.9625396      -0.005    -0.025  0.9803844      -0.055    -0.208  0.8355532       0.086     0.321  0.7480981      -0.446    -0.299  0.7648128    
S2-D9:      0.007     0.028  0.9775154       0.058     0.291  0.7714796      -0.012    -0.081  0.9357025       0.039     0.200  0.8417600       0.039     0.196  0.8446208      -0.304    -0.222  0.8244586    
S3-D1:     -0.692    -1.416  0.1570984       0.109     0.236  0.8134800      -0.155    -0.427  0.6698191       0.447     0.948  0.3435639      -0.140    -0.315  0.7525814       0.112     0.156  0.8762393    
S3-D3:     -0.120    -0.289  0.7729821      -0.024    -0.064  0.9489288       0.091     0.304  0.7608675       0.219     0.580  0.5622363       0.131     0.354  0.7232924      -0.263    -0.447  0.6548356    
S3-D5:     -0.165    -0.243  0.8078244      -0.029    -0.050  0.9600918       0.183     0.401  0.6884025       0.446     0.775  0.4386843       0.114     0.200  0.8418232      -0.216    -0.425  0.6706488    
S4-D2:      0.034     0.109  0.9128610       0.163     0.642  0.5212181       0.018     0.092  0.9267938       0.003     0.010  0.9919017       0.059     0.232  0.8165452      -0.335    -0.313  0.7543779    
S4-D3:     -0.444    -1.249  0.2118785      -0.274    -0.974  0.3303755       0.069     0.300  0.7639584       0.046     0.160  0.8727001       0.110     0.384  0.7011931      -0.363     0.111  0.9112728    
S4-D4:      0.241     0.711  0.4770615       0.269     0.950  0.3421503      -0.077    -0.364  0.7162570      -0.254    -0.928  0.3537561      -0.044    -0.160  0.8729118      -0.390    -0.016  0.9868522    
S4-D6:      0.258     0.818  0.4135581       0.097     0.375  0.7079101      -0.006    -0.028  0.9774091       0.088     0.346  0.7294786      -0.061    -0.235  0.8145597      -0.342    -0.291  0.7709456    
S5-D3:     -0.204    -0.712  0.4763533      -0.257    -1.179  0.2384627       0.022     0.132  0.8950075       0.077     0.363  0.7164760       0.034     0.160  0.8728391      -0.319     0.063  0.9500557    
S5-D5:      0.044     0.133  0.8945796       0.058     0.221  0.8254911       0.020     0.096  0.9233972       0.179     0.683  0.4945510       0.038     0.145  0.8844598      -0.259    -0.449  0.6537182    
S5-D6:      0.201     0.702  0.4831387      -0.359    -1.729  0.0841671      -0.122    -0.761  0.4467847       0.209     1.023  0.3067712      -0.181    -0.881  0.3784018      -0.307     0.264  0.7921065    
S5-D7:      0.099     0.262  0.7932245      -0.115    -0.390  0.6966518       0.091     0.394  0.6933541       0.146     0.493  0.6219180      -0.100    -0.339  0.7346847      -0.326    -0.340  0.7341034    
S6-D5:     -0.172    -0.533  0.5942596       0.038     0.127  0.8993332       0.260     1.123  0.2614821       0.384     1.289  0.1975577       0.121     0.420  0.6748032      -0.351    -1.206  0.2280099    
S6-D7:     -0.013    -0.039  0.9686536      -0.086    -0.370  0.7111185       0.173     0.901  0.3676065       0.156     0.659  0.5098237       0.134     0.555  0.5791466      -0.396    -0.619  0.5358285    
S7-D6:      0.094     0.259  0.7958970      -0.047    -0.170  0.8647029       0.029     0.132  0.8949098       0.230     0.832  0.4053665      -0.066    -0.239  0.8115141      -0.345    -0.227  0.8205535    
S7-D7:     -0.168    -0.453  0.6505052      -0.156    -0.582  0.5605460       0.098     0.465  0.6419731       0.291     1.087  0.2771508      -0.202    -0.755  0.4501449      -0.400    -0.078  0.9379769    
S7-D8:      0.590     1.720  0.0857545       0.129     0.422  0.6731428       0.185     0.763  0.4457772       0.255     0.845  0.3983140      -0.078    -0.264  0.7920239      -0.351    -0.935  0.3498341    
S7-D14:      0.294     1.025  0.3054336      -0.129    -0.566  0.5712684       0.050     0.276  0.7824522       0.116     0.521  0.6024022      -0.025    -0.115  0.9081153      -0.373    -0.407  0.6841913    
S8-D7:      0.403     0.722  0.4702776      -0.564    -1.315  0.1887130       0.067     0.209  0.8342237       0.215     0.504  0.6145110      -0.057    -0.136  0.8919421      -0.356     0.356  0.7216145    
S8-D8:      0.436     1.247  0.2126141      -0.180    -0.597  0.5508245       0.136     0.613  0.5402467       0.223     0.760  0.4473984       0.096     0.339  0.7348379      -0.294    -0.469  0.6394825    
S9-D4:      0.072     0.235  0.8143710       0.192     0.697  0.4859422       0.016     0.075  0.9399970       0.217     0.815  0.4154333      -0.077    -0.288  0.7730298      -0.310    -0.457  0.6474167    
S9-D6:      0.198     0.564  0.5729676       0.179     0.646  0.5186381       0.000     0.002  0.9983831       0.152     0.545  0.5860768      -0.137    -0.487  0.6266701      -0.291    -0.269  0.7882562    
S9-D12:      0.155     0.431  0.6664087      -0.096    -0.376  0.7071027       0.070     0.346  0.7293834       0.083     0.329  0.7421232      -0.313    -1.236  0.2166810      -0.364     0.097  0.9225167    
S9-D14:      0.245     0.679  0.4973195       0.117     0.416  0.6773334      -0.020    -0.088  0.9296215       0.106     0.378  0.7053518      -0.225    -0.802  0.4226395      -0.285     0.075  0.9398513    
S10-D9:      0.368     0.976  0.3292312       0.290     0.902  0.3673435      -0.013    -0.054  0.9569716       0.020     0.063  0.9494270      -0.037    -0.116  0.9074824      -0.313    -0.405  0.6854152    
S10-D10:      0.015     0.034  0.9727772       0.915     2.361  0.0184063       0.048     0.164  0.8699240      -0.087    -0.225  0.8223967      -0.148    -0.401  0.6886699      -0.121    -0.528  0.5975049    
S10-D11:      0.287     0.582  0.5605014      -0.124    -0.297  0.7661743       0.077     0.248  0.8043422       0.235     0.585  0.5587492      -0.155    -0.388  0.6983787      -0.311    -0.233  0.8156899    
S11-D4:      0.012     0.033  0.9739646      -0.157    -0.576  0.5647828       0.145     0.701  0.4837533       0.400     1.550  0.1215515       0.072     0.277  0.7820548      -0.466    -0.331  0.7403613    
S11-D9:      0.058     0.217  0.8285547       0.035     0.164  0.8695510       0.084     0.542  0.5879434       0.020     0.099  0.9207673       0.182     0.882  0.3778540      -0.432    -0.627  0.5306438    
S11-D11:      0.056     0.163  0.8709416       0.343     1.205  0.2286443       0.142     0.626  0.5312211       0.160     0.566  0.5715003       0.027     0.096  0.9233346      -0.343    -0.812  0.4172068    
S11-D12:      0.087     0.236  0.8137367       0.019     0.067  0.9466008       0.010     0.045  0.9637423       0.014     0.050  0.9601165      -0.039    -0.143  0.8864478      -0.309    -0.113  0.9103090    
S12-D10:     -0.217    -0.394  0.6939888       0.395     0.741  0.4586949      -0.043    -0.106  0.9154439       0.430     0.820  0.4123772      -0.438    -0.903  0.3664954       0.040    -0.020  0.9837129    
S12-D11:     -0.278    -0.660  0.5096481      -0.034    -0.082  0.9344706      -0.163    -0.522  0.6016856       0.175     0.437  0.6621060      -0.301    -0.767  0.4432463      -0.187     0.684  0.4942121    
S12-D13:     -0.283    -0.502  0.6155639      -0.542    -1.071  0.2841829       0.489     1.300  0.1940098       0.961     1.893  0.0586096       0.439     0.951  0.3420027      -0.125    -1.438  0.1506273    
S13-D11:      0.286     0.838  0.4020563       0.363     1.257  0.2089743      -0.079    -0.343  0.7313141       0.025     0.085  0.9318895      -0.130    -0.450  0.6529653      -0.291    -0.196  0.8448274    
S13-D12:      0.026     0.081  0.9354126       0.115     0.439  0.6604706       0.043     0.210  0.8340556       0.210     0.810  0.4181707       0.043     0.163  0.8709157      -0.328    -0.484  0.6284665    
S13-D13:      0.088     0.208  0.8355802       0.337     0.994  0.3206030       0.038     0.146  0.8837433       0.217     0.644  0.5196480      -0.058    -0.171  0.8640499      -0.213    -0.511  0.6093982    
S13-D15:      0.434     1.078  0.2811778       0.075     0.232  0.8162376       0.163     0.648  0.5171669       0.252     0.795  0.4266595      -0.135    -0.425  0.6709132      -0.393    -0.588  0.5563701    
S14-D12:      0.571     1.798  0.0724315       0.011     0.046  0.9629992       0.098     0.499  0.6181702       0.175     0.742  0.4585267      -0.255    -1.081  0.2798702      -0.391    -0.415  0.6782121    
S14-D14:      0.183     0.544  0.5867725      -0.002    -0.007  0.9942158       0.035     0.175  0.8610871       0.034     0.139  0.8896244      -0.060    -0.247  0.8045699      -0.334     0.115  0.9088052    
S14-D15:      0.615     2.006  0.0450848       0.004     0.015  0.9880637       0.123     0.605  0.5452060       0.241     0.945  0.3448100      -0.160    -0.627  0.5307993      -0.409    -0.573  0.5664331    
S14-D16:      0.564     0.823  0.4104716       0.065     0.131  0.8961706      -0.060    -0.166  0.8682723       0.225     0.464  0.6427975       0.219     0.456  0.6481627      -0.304     0.155  0.8767291    
S15-D13:      0.289     0.607  0.5441971      -0.386    -0.845  0.3981691       0.259     0.705  0.4808800       0.761     1.705  0.0884198       0.158     0.362  0.7176592      -0.388    -0.929  0.3529266    
S15-D15:      0.789     2.821  0.0048736       0.236     0.933  0.3508977       0.248     1.249  0.2120519       0.350     1.432  0.1524860       0.037     0.151  0.8797802      -0.462    -1.968  0.0493338    
S16-D15:      0.360     0.426  0.6700331      -0.359    -0.600  0.5486763       0.013     0.028  0.9775844       0.176     0.301  0.7632675       0.068     0.114  0.9096181      -0.388     0.367  0.7139588    
S16-D16:     -0.108    -0.250  0.8023578       0.082     0.268  0.7889276       0.003     0.012  0.9905596       0.053     0.181  0.8566003       0.167     0.580  0.5621585      -0.232     0.594  0.5523490    

Model fit per channel for DeOxy(beta, t, p values)
S1-D1:      0.610     1.323  0.1860380       0.933     2.217  0.0268578      -0.012    -0.042  0.9663790      -0.323    -0.756  0.4496204      -0.099    -0.258  0.7967798      -0.054    -0.467  0.6407240    
S1-D2:     -0.186    -0.257  0.7970933       0.618     1.044  0.2965745       0.285     0.657  0.5110131       0.072     0.124  0.9013350       0.538     0.994  0.3206654      -0.072    -1.090  0.2757689    
S1-D3:     -0.077    -0.125  0.9003119       0.159     0.285  0.7759442       0.169     0.417  0.6769563       0.618     1.113  0.2659066       0.396     0.784  0.4333600      -0.080    -0.775  0.4384032    
S2-D2:     -0.177    -0.495  0.6205523       0.396     1.147  0.2517429       0.003     0.014  0.9889259      -0.092    -0.272  0.7856481       0.240     0.770  0.4411891      -0.077    -0.328  0.7429718    
S2-D4:     -0.233    -0.372  0.7095975      -0.588    -1.031  0.3027494       0.090     0.215  0.8299978       0.568     1.008  0.3137933       0.487     0.948  0.3434323      -0.196    -0.184  0.8538883    
S2-D9:     -0.294    -0.965  0.3345387       0.412     1.401  0.1616148       0.349     1.489  0.1366600       0.187     0.628  0.5298918       0.793     2.898  0.0038363       0.004    -2.728  0.0064652    
S3-D1:      0.618     1.096  0.2735180       0.301     0.592  0.5542917      -0.046    -0.122  0.9027906      -0.003    -0.006  0.9954120      -0.208    -0.439  0.6606720      -0.147    -0.189  0.8503181    
S3-D3:      0.039     0.073  0.9418402       0.348     0.772  0.4402793      -0.077    -0.244  0.8074414      -0.015    -0.034  0.9724965      -0.127    -0.312  0.7554225      -0.141     0.048  0.9615494    
S3-D5:      0.114     0.371  0.7104196      -0.291    -1.090  0.2759013      -0.056    -0.287  0.7738951       0.102     0.371  0.7105638      -0.117    -0.467  0.6403606      -0.317     0.268  0.7885396    
S4-D2:     -0.097    -0.155  0.8770979       0.293     0.499  0.6178173      -0.170    -0.419  0.6750990      -0.284    -0.487  0.6265643       0.287     0.560  0.5758713       0.238     0.071  0.9433974    
S4-D3:     -0.150    -0.270  0.7873141      -0.928    -1.700  0.0893534       0.118     0.282  0.7779969       0.856     1.572  0.1161781       0.278     0.548  0.5840056      -0.075    -0.280  0.7796336    
S4-D4:      0.210     0.353  0.7245113       0.025     0.045  0.9638749      -0.644    -1.652  0.0988602      -0.436    -0.832  0.4053474       0.037     0.077  0.9385619       0.233     1.060  0.2892241    
S4-D6:     -0.353    -0.580  0.5619896      -0.071    -0.133  0.8946046       0.027     0.071  0.9432441       0.018     0.035  0.9717257       0.154     0.309  0.7570559      -0.031    -0.019  0.9849106    
S5-D3:      0.232     0.463  0.6435053      -0.652    -1.531  0.1260957      -0.072    -0.237  0.8125467       0.579     1.376  0.1690748      -0.191    -0.490  0.6239573      -0.330     0.201  0.8407371    
S5-D5:      0.684     1.522  0.1282602       0.581     1.525  0.1274366      -0.077    -0.282  0.7776186      -0.278    -0.737  0.4610706      -0.254    -0.714  0.4756649      -0.445    -0.290  0.7717177    
S5-D6:     -0.470    -0.984  0.3253324      -0.113    -0.251  0.8021802       0.294     0.972  0.3311892       0.401     0.895  0.3711567       0.140     0.365  0.7153060      -0.239    -0.736  0.4617979    
S5-D7:      0.082     0.124  0.9009688      -0.232    -0.384  0.7013406       0.468     1.072  0.2839412       0.387     0.668  0.5039995       0.217     0.410  0.6816977      -0.382    -1.009  0.3129748    
S6-D5:     -0.418    -1.093  0.2748389      -0.089    -0.310  0.7568442       0.174     0.791  0.4292569       0.259     0.905  0.3658383      -0.005    -0.018  0.9858458      -0.296     0.044  0.9651083    
S6-D7:     -0.208    -0.315  0.7527913       0.460     0.841  0.4007061       0.027     0.070  0.9445505      -0.140    -0.269  0.7882603       0.028     0.058  0.9537034      -0.241    -0.639  0.5226676    
S7-D6:     -0.464    -0.921  0.3574161      -0.604    -1.321  0.1869160       0.302     0.955  0.3398319      -0.249    -0.552  0.5808627       0.171     0.421  0.6738255      -0.384    -0.127  0.8991544    
S7-D7:      0.455     0.911  0.3625950      -0.555    -1.173  0.2411227      -0.040    -0.116  0.9077531       0.207     0.441  0.6589804       0.382     0.889  0.3740752      -0.395    -0.426  0.6701873    
S7-D8:      0.168     0.235  0.8140887      -1.192    -2.063  0.0393410      -0.116    -0.280  0.7793127       0.533     0.949  0.3429202       0.314     0.597  0.5507593      -0.294     0.768  0.4427282    
S7-D14:      0.883     1.824  0.0683750      -0.966    -2.104  0.0356260       0.326     0.918  0.3589531       0.806     1.771  0.0767666       0.496     1.151  0.2501533      -0.494    -1.135  0.2567579    
S8-D7:      0.131     0.348  0.7281622      -1.371    -3.699  0.0002272       0.072     0.254  0.7991916       0.590     1.623  0.1048970       0.057     0.167  0.8676701      -0.181     0.396  0.6924354    
S8-D8:      0.050     0.093  0.9258920      -0.775    -1.909  0.0565223      -0.128    -0.427  0.6694368       0.122     0.312  0.7547370      -0.050    -0.129  0.8974893      -0.131     0.940  0.3471784    
S9-D4:      0.300     0.457  0.6478095       0.275     0.466  0.6410991      -0.341    -0.783  0.4335884      -0.157    -0.273  0.7852520      -0.002    -0.003  0.9976261       0.163     0.334  0.7388175    
S9-D6:     -0.360    -0.739  0.4601980       0.057     0.133  0.8942923      -0.055    -0.187  0.8514052      -0.086    -0.208  0.8354547       0.124     0.326  0.7441190      -0.139     0.031  0.9750099    
S9-D12:     -0.095    -0.223  0.8237008      -0.856    -2.215  0.0269455       0.256     0.996  0.3195473       0.404     1.062  0.2886804       0.751     2.250  0.0246652      -0.215    -0.580  0.5618079    
S9-D14:      0.372     0.629  0.5294101      -0.840    -1.610  0.1077867      -0.181    -0.473  0.6363429       0.066     0.130  0.8967807       0.366     0.776  0.4379386      -0.226     0.578  0.5631294    
S10-D9:      0.228     0.476  0.6341204       0.848     1.816  0.0697181      -0.203    -0.586  0.5576684      -0.273    -0.587  0.5573112       0.220     0.520  0.6031112       0.203    -0.198  0.8427333    
S10-D10:      0.478     1.066  0.2867476       0.590     1.555  0.1203207      -0.073    -0.281  0.7785772      -0.082    -0.222  0.8243344      -0.082    -0.238  0.8118714      -0.073    -0.462  0.6444792    
S10-D11:     -0.190    -0.289  0.7728433      -1.240    -2.107  0.0353234       0.015     0.034  0.9727329       0.875     1.542  0.1234452       0.196     0.371  0.7108743      -0.103     0.227  0.8206401    
S11-D4:     -0.369    -0.767  0.4434345      -1.226    -2.658  0.0079831      -0.302    -0.875  0.3819392       0.818     1.796  0.0728449       0.076     0.181  0.8565398       0.152     0.899  0.3690098    
S11-D9:     -0.166    -0.416  0.6775811      -1.172    -2.982  0.0029287      -0.013    -0.048  0.9619607       0.635     1.590  0.1121955       0.653     1.873  0.0614004      -0.135    -0.243  0.8082011    
S11-D11:     -0.404    -0.708  0.4791415       0.417     0.788  0.4310064      -0.076    -0.209  0.8342859      -0.331    -0.639  0.5227989       0.695     1.542  0.1233758       0.262    -0.342  0.7323902    
S11-D12:     -0.555    -1.136  0.2560558      -1.274    -2.769  0.0057170      -0.008    -0.024  0.9810033       0.577     1.275  0.2026564       0.667     1.593  0.1114307       0.096     0.249  0.8033355    
S12-D10:      0.473     0.239  0.8112719      -0.346    -0.190  0.8494993       0.105     0.076  0.9397189       0.476     0.259  0.7955021      -0.277    -0.164  0.8700078      -0.222    -0.060  0.9525232    
S12-D11:      0.082     0.159  0.8739260      -0.698    -1.570  0.1167582       0.069     0.217  0.8284552       0.604     1.371  0.1706075       0.022     0.054  0.9567752      -0.171    -0.277  0.7819040    
S12-D13:      0.530     0.911  0.3622417      -0.569    -1.120  0.2630584      -0.098    -0.268  0.7888438       0.318     0.635  0.5256690      -0.484    -1.086  0.2778049      -0.270    -0.062  0.9507173    
S13-D11:     -0.314    -0.533  0.5939497       0.354     0.689  0.4912490       0.075     0.219  0.8269821      -0.652    -1.299  0.1941857       0.189     0.427  0.6697445       0.126     0.319  0.7495315    
S13-D12:     -0.079    -0.139  0.8895036       0.191     0.391  0.6960375      -0.236    -0.717  0.4737252      -0.124    -0.261  0.7940129       0.344     0.801  0.4232235      -0.182     0.267  0.7894813    
S13-D13:     -0.241    -0.575  0.5653955      -0.040    -0.114  0.9093654       0.071     0.293  0.7693020      -0.010    -0.029  0.9771995      -0.182    -0.568  0.5700922      -0.016    -0.264  0.7918499    
S13-D15:      0.644     1.325  0.1854647      -0.982    -2.196  0.0282872      -0.041    -0.125  0.9007084       0.506     1.125  0.2608827       0.311     0.752  0.4521232      -0.446    -0.079  0.9373422    
S14-D12:      0.447     0.874  0.3825077      -1.010    -2.083  0.0374584      -0.105    -0.296  0.7675271       0.520     1.078  0.2813334       0.575     1.304  0.1924085      -0.311     0.027  0.9782512    
S14-D14:      0.993     2.204  0.0277565      -0.849    -1.945  0.0520202       0.056     0.165  0.8690373       0.852     1.982  0.0476863       0.609     1.483  0.1383361      -0.366    -1.007  0.3139327    
S14-D15:      0.540     1.482  0.1385372      -0.871    -2.412  0.0160445       0.121     0.476  0.6342525       0.131     0.366  0.7144422       0.058     0.184  0.8543908      -0.389    -0.011  0.9913794    
S14-D16:      0.272     0.759  0.4478360      -1.010    -2.961  0.0031307      -0.211    -0.852  0.3946378       0.194     0.579  0.5624392      -0.267    -0.878  0.3801907      -0.190     1.826  0.0680567    
S15-D13:      0.086     0.129  0.8973825      -1.097    -1.779  0.0755961       0.204     0.474  0.6356352       1.075     1.790  0.0737039      -0.190    -0.351  0.7260206      -0.272    -0.177  0.8593972    
S15-D15:      0.311     0.702  0.4826864      -0.511    -1.213  0.2253763       0.209     0.668  0.5042863       0.544     1.319  0.1875313       0.178     0.461  0.6449130      -0.188    -0.815  0.4151748    
S16-D15:      0.477     1.241  0.2147591      -0.819    -2.189  0.0288356      -0.175    -0.628  0.5300253       0.377     1.027  0.3046666      -0.115    -0.336  0.7369139      -0.183     0.761  0.4468570    
S16-D16:      0.218     0.609  0.5428844      -0.654    -2.054  0.0401720      -0.076    -0.310  0.7563521      -0.024    -0.078  0.9380332      -0.064    -0.211  0.8328973      -0.110     0.984  0.3253106    

Model fit per channel for Total(beta, t, p values)
S1-D1:      0.000     0.001  0.9991245       0.188     0.585  0.5585855       0.040     0.174  0.8622535       0.044     0.147  0.8835336       0.033     0.108  0.9138618      -0.120    -0.389  0.6970854    
S1-D2:     -0.010    -0.031  0.9750285       0.058     0.230  0.8180064       0.012     0.067  0.9462764       0.011     0.046  0.9635178       0.054     0.221  0.8250963      -0.269    -0.325  0.7451166    
S1-D3:      0.095     0.228  0.8193317      -0.177    -0.523  0.6013258       0.203     0.752  0.4523600       0.352     1.065  0.2870643       0.256     0.764  0.4451507      -0.354    -0.740  0.4591741    
S2-D2:     -0.151    -0.433  0.6652218       0.140     0.495  0.6205582      -0.037    -0.173  0.8626123       0.007     0.024  0.9807768       0.013     0.047  0.9622579      -0.234     0.032  0.9742897    
S2-D4:      0.221     0.563  0.5737187      -0.021    -0.066  0.9477558       0.061     0.236  0.8137198       0.144     0.445  0.6560842       0.103     0.317  0.7511735      -0.438    -0.429  0.6683029    
S2-D9:     -0.053    -0.195  0.8451899       0.039     0.175  0.8612830      -0.021    -0.128  0.8983821       0.045     0.210  0.8338806       0.046     0.215  0.8299015      -0.279    -0.257  0.7971619    
S3-D1:     -0.340    -0.620  0.5351550       0.253     0.478  0.6325028      -0.095    -0.229  0.8186846       0.459     0.855  0.3929550      -0.176    -0.349  0.7272963       0.037    -0.111  0.9118485    
S3-D3:     -0.002    -0.004  0.9965140       0.330     0.697  0.4861408       0.247     0.668  0.5042711       0.384     0.800  0.4236785       0.278     0.613  0.5402419      -0.298    -1.058  0.2904748    
S3-D5:     -0.230    -0.526  0.5987331      -0.043    -0.108  0.9136850       0.215     0.665  0.5058838       0.401     1.002  0.3165528       0.245     0.643  0.5205345      -0.284    -0.804  0.4215764    
S4-D2:      0.066     0.128  0.8984968       0.262     0.646  0.5182185       0.127     0.396  0.6923717       0.195     0.476  0.6343538       0.114     0.271  0.7864605      -0.327    -0.483  0.6288912    
S4-D3:     -0.204    -0.553  0.5803651      -0.345    -1.163  0.2449758       0.029     0.120  0.9041442       0.098     0.329  0.7425202       0.020     0.066  0.9471395      -0.351     0.129  0.8974354    
S4-D4:      0.168     0.323  0.7466868       0.187     0.423  0.6722253      -0.008    -0.024  0.9811730       0.002     0.005  0.9962847       0.070     0.162  0.8709431      -0.368    -0.260  0.7945462    
S4-D6:      0.201     0.680  0.4964746       0.159     0.611  0.5414072      -0.030    -0.152  0.8793307       0.056     0.220  0.8261898      -0.045    -0.177  0.8595245      -0.324    -0.309  0.7571590    
S5-D3:     -0.238    -0.867  0.3864018      -0.410    -1.911  0.0563313       0.023     0.135  0.8923161       0.105     0.494  0.6213296       0.077     0.362  0.7176516      -0.333     0.189  0.8500550    
S5-D5:      0.083     0.268  0.7887802      -0.002    -0.009  0.9928171      -0.030    -0.155  0.8765322       0.129     0.501  0.6167488       0.003     0.012  0.9904844      -0.296    -0.216  0.8291236    
S5-D6:      0.083     0.314  0.7536229      -0.394    -2.055  0.0400937      -0.083    -0.521  0.6024085       0.108     0.549  0.5833590      -0.148    -0.741  0.4587504      -0.314     0.278  0.7807516    
S5-D7:      0.133     0.410  0.6818979       0.038     0.155  0.8769628       0.078     0.384  0.7007637       0.028     0.109  0.9133354      -0.098    -0.383  0.7015809      -0.342    -0.400  0.6895741    
S6-D5:     -0.069    -0.188  0.8510823       0.087     0.269  0.7876228       0.222     0.872  0.3832294       0.387     1.210  0.2266525       0.148     0.472  0.6369028      -0.387    -0.912  0.3620931    
S6-D7:      0.061     0.237  0.8129962       0.089     0.472  0.6373209       0.139     0.907  0.3646156       0.132     0.690  0.4905275       0.046     0.237  0.8126148      -0.408    -0.810  0.4180674    
S7-D6:      0.232     0.611  0.5415776      -0.066    -0.226  0.8211526      -0.003    -0.014  0.9887483       0.131     0.446  0.6557598      -0.114    -0.389  0.6976277      -0.365    -0.194  0.8462394    
S7-D7:     -0.306    -0.909  0.3636846       0.051     0.212  0.8318739       0.148     0.776  0.4380708       0.172     0.717  0.4734945       0.047     0.194  0.8458906      -0.417    -0.358  0.7205570    
S7-D8:      0.527     1.563  0.1183815       0.072     0.220  0.8255343       0.201     0.770  0.4415306       0.255     0.794  0.4275828       0.063     0.200  0.8418190      -0.362    -1.255  0.2096830    
S7-D14:      0.438     1.162  0.2453088      -0.091    -0.300  0.7641640       0.142     0.582  0.5607260       0.271     0.893  0.3718857      -0.052    -0.173  0.8626337      -0.396    -0.619  0.5360741    
S8-D7:      0.375     0.574  0.5663795      -0.383    -0.822  0.4113319       0.159     0.470  0.6382060       0.192     0.433  0.6653051       0.097     0.217  0.8286041      -0.329     0.076  0.9398281    
S8-D8:      0.362     0.933  0.3509877      -0.511    -1.531  0.1261459       0.029     0.116  0.9077669       0.244     0.739  0.4600216       0.047     0.149  0.8817558      -0.256     0.245  0.8062587    
S9-D4:      0.047     0.128  0.8982608       0.177     0.573  0.5667858       0.033     0.134  0.8932758       0.149     0.490  0.6240016      -0.135    -0.439  0.6606386      -0.285    -0.216  0.8288826    
S9-D6:      0.238     0.389  0.6976518       0.268     0.544  0.5867031       0.038     0.103  0.9179513       0.106     0.218  0.8273062      -0.196    -0.398  0.6908278      -0.297    -0.231  0.8171285    
S9-D12:     -0.047    -0.102  0.9188093      -0.005    -0.015  0.9878038       0.176     0.698  0.4851863       0.055     0.170  0.8653460       0.018     0.055  0.9563542      -0.399    -0.192  0.8480242    
S9-D14:      0.436     1.355  0.1757445       0.091     0.352  0.7247343      -0.007    -0.034  0.9727106       0.153     0.584  0.5592988      -0.189    -0.726  0.4678203      -0.297    -0.252  0.8010349    
S10-D9:      0.502     1.253  0.2104221       0.353     1.051  0.2934073       0.017     0.068  0.9456132       0.015     0.047  0.9628695      -0.056    -0.172  0.8638574      -0.294    -0.560  0.5755846    
S10-D10:     -0.004    -0.009  0.9925701       0.747     1.906  0.0569646       0.045     0.156  0.8759097      -0.031    -0.080  0.9363967      -0.113    -0.303  0.7620614      -0.117    -0.488  0.6257854    
S10-D11:      0.289     0.671  0.5026294       0.242     0.630  0.5289223       0.266     0.933  0.3512161       0.250     0.686  0.4930485       0.130     0.356  0.7222332      -0.309    -1.112  0.2664735    
S11-D4:      0.035     0.088  0.9298565      -0.228    -0.731  0.4649559       0.149     0.631  0.5282884       0.272     0.907  0.3648327       0.045     0.149  0.8818435      -0.442    -0.398  0.6908735    
S11-D9:      0.040     0.113  0.9099225      -0.042    -0.145  0.8851021       0.056     0.254  0.7997430       0.048     0.166  0.8681318       0.122     0.425  0.6706756      -0.451    -0.420  0.6747660    
S11-D11:      0.160     0.579  0.5627668       0.160     0.665  0.5061930       0.029     0.168  0.8666236       0.036     0.167  0.8672841      -0.106    -0.469  0.6390676      -0.310    -0.319  0.7496401    
S11-D12:      0.105     0.262  0.7933595      -0.081    -0.250  0.8025863       0.102     0.400  0.6894269       0.236     0.743  0.4575709       0.038     0.117  0.9067950      -0.294    -0.395  0.6929744    
S12-D10:      0.305     0.521  0.6022874       0.207     0.375  0.7074028      -0.075    -0.181  0.8562928       0.460     0.860  0.3897075      -0.638    -1.291  0.1970468      -0.073     0.145  0.8845520    
S12-D11:     -0.208    -0.439  0.6606790       0.002     0.004  0.9965950       0.140     0.422  0.6728715       0.446     1.011  0.3120583      -0.050    -0.120  0.9045264      -0.215    -0.600  0.5484535    
S12-D13:     -0.266    -0.522  0.6015204      -0.676    -1.406  0.1599029       0.513     1.439  0.1503601       1.130     2.340  0.0194851       0.321     0.742  0.4580935      -0.190    -1.521  0.1285367    
S13-D11:      0.163     0.425  0.6710052       0.425     1.311  0.1901349       0.005     0.021  0.9829684       0.039     0.120  0.9043637      -0.086    -0.270  0.7874299      -0.270    -0.382  0.7026910    
S13-D12:     -0.156    -0.375  0.7080089       0.185     0.592  0.5536693       0.086     0.352  0.7252298       0.130     0.420  0.6746944       0.054     0.173  0.8624135      -0.332    -0.215  0.8296851    
S13-D13:      0.120     0.288  0.7735622       0.309     0.908  0.3642401       0.062     0.237  0.8127523       0.176     0.516  0.6058644      -0.097    -0.290  0.7720886      -0.195    -0.587  0.5575931    
S13-D15:      0.393     0.914  0.3607939      -0.081    -0.266  0.7905007       0.046     0.185  0.8532752       0.168     0.545  0.5861947      -0.116    -0.372  0.7099313      -0.422     0.165  0.8691374    
S14-D12:      0.467     1.183  0.2371723      -0.047    -0.161  0.8717940       0.025     0.108  0.9139620      -0.031    -0.110  0.9121716       0.082     0.291  0.7714230      -0.416    -0.124  0.9011158    
S14-D14:      0.272     0.775  0.4386507       0.062     0.228  0.8194532      -0.076    -0.368  0.7130761       0.014     0.054  0.9565555      -0.204    -0.769  0.4420320      -0.350     0.307  0.7588896    
S14-D15:      0.561     1.722  0.0854184      -0.166    -0.621  0.5344896       0.063     0.303  0.7616751       0.129     0.495  0.6210523      -0.169    -0.642  0.5206882      -0.438    -0.121  0.9040794    
S14-D16:      0.119     0.181  0.8564370       0.144     0.303  0.7622273      -0.115    -0.350  0.7267679      -0.160    -0.351  0.7257185       0.109     0.242  0.8087569      -0.294     0.373  0.7094413    
S15-D13:      0.646     0.959  0.3375546      -0.667    -1.079  0.2806525       0.220     0.476  0.6343237       1.023     1.697  0.0899135       0.168     0.297  0.7666377      -0.449    -0.758  0.4486821    
S15-D15:      0.792     3.010  0.0026758       0.206     0.861  0.3891899       0.271     1.421  0.1556036       0.392     1.685  0.0922502       0.026     0.112  0.9105635      -0.463    -2.188  0.0288652    
S16-D15:      0.450     0.801  0.4231299      -0.494    -1.293  0.1964362      -0.122    -0.419  0.6751112       0.087     0.238  0.8118361       0.142     0.382  0.7022154      -0.369     0.530  0.5962335    
S16-D16:      0.305     0.699  0.4849163      -0.023    -0.070  0.9445015      -0.285    -1.247  0.2125279      -0.248    -0.782  0.4346008      -0.051    -0.164  0.8694586      -0.204     1.037  0.2999301    


GLM CONTRAST RESULTS
Contrast 1: 0 + 1 + 2 + 3 + 4 > Baseline
Contrast 2: 0 + 1 + 2 + 3 > 4 
Contrast 3: 0 + 1 + 2 + 4 > 3 
Contrast 4: 0 + 1 + 3 + 4 > 2 
Contrast 5: 0 + 2 + 3 + 4 > 1 
Contrast 6: 1 + 2 + 3 + 4 > 0 
Contrast 7: 2 > Baseline

Contrast results per channel for Oxy(t, p values)
S1-D1:      0.450  0.6525046       0.329  0.7424170       0.198  0.8432337       0.296  0.7674635       0.032  0.9741398       0.430  0.6672063       0.237  0.8129627    
S1-D2:      0.167  0.8673780       0.123  0.9017763      -0.082  0.9347130       0.087  0.9305060      -0.145  0.8848501       0.415  0.6784906       0.128  0.8978819    
S1-D3:      0.163  0.8702335       0.243  0.8081085      -0.617  0.5370573      -0.086  0.9318070       1.181  0.2379052      -0.119  0.9053653       0.370  0.7114428    
S2-D2:      0.024  0.9809862      -0.106  0.9153188      -0.085  0.9318963       0.106  0.9152152      -0.575  0.5654901       0.528  0.5976151      -0.120  0.9047056    
S2-D4:      0.692  0.4890866       0.521  0.6024225       0.981  0.3268698       0.694  0.4878268       0.730  0.4652672      -0.469  0.6394800      -0.025  0.9803844    
S2-D9:      0.288  0.7735662       0.141  0.8881101       0.126  0.9001149       0.348  0.7280778       0.034  0.9729123       0.210  0.8333797      -0.081  0.9357025    
S3-D1:     -0.395  0.6930710      -0.201  0.8409001      -1.231  0.2186763      -0.121  0.9038133      -0.590  0.5555767       0.841  0.4005867      -0.427  0.6698191    
S3-D3:      0.325  0.7450329       0.054  0.9569317      -0.167  0.8674798       0.139  0.8895032       0.388  0.6980914       0.553  0.5806207       0.304  0.7608675    
S3-D5:      0.422  0.6732328       0.322  0.7476212      -0.276  0.7829005       0.137  0.8912893       0.473  0.6363717       0.571  0.5679352       0.401  0.6884025    
S4-D2:      0.456  0.6485892       0.331  0.7404487       0.520  0.6033002       0.408  0.6836902      -0.087  0.9305767       0.288  0.7731777       0.092  0.9267938    
S4-D3:     -0.728  0.4668865      -1.363  0.1731644      -0.980  0.3273984      -0.986  0.3243390       0.083  0.9337849       0.482  0.6301492       0.300  0.7639584    
S4-D4:      0.209  0.8342275       0.435  0.6637159       1.051  0.2935227       0.438  0.6616057      -0.672  0.5017219      -0.472  0.6373650      -0.364  0.7162570    
S4-D6:      0.600  0.5483693       1.031  0.3025416       0.353  0.7243142       0.714  0.4751609       0.315  0.7526496      -0.186  0.8527691      -0.028  0.9774091    
S5-D3:     -0.657  0.5116356      -0.966  0.3342767      -1.036  0.3004098      -0.760  0.4474799       0.392  0.6954980       0.128  0.8980300       0.132  0.8950075    
S5-D5:      0.565  0.5719514       0.539  0.5898053      -0.035  0.9721714       0.543  0.5871223       0.376  0.7066445       0.326  0.7443158       0.096  0.9233972    
S5-D6:     -0.529  0.5970685       0.269  0.7882947      -1.543  0.1232183      -0.017  0.9866294       1.008  0.3137654      -1.037  0.2998079      -0.761  0.4467847    
S5-D7:      0.177  0.8597123       0.580  0.5621379      -0.271  0.7863608      -0.097  0.9227424       0.521  0.6021304      -0.089  0.9288697       0.394  0.6933541    
S6-D5:      0.906  0.3652525       0.788  0.4307194      -0.199  0.8421203       0.159  0.8737820       0.802  0.4228032       1.389  0.1649878       1.123  0.2614821    
S6-D7:      0.647  0.5176415       0.214  0.8307245       0.110  0.9123624       0.036  0.9710562       0.997  0.3187514       0.517  0.6050876       0.901  0.3676065    
S7-D6:      0.372  0.7102803       0.726  0.4679746      -0.374  0.7081616       0.316  0.7519463       0.530  0.5962311       0.062  0.9509502       0.132  0.8949098    
S7-D7:     -0.219  0.8268049       0.498  0.6182690      -1.287  0.1985198      -0.590  0.5555962       0.289  0.7726369       0.238  0.8119119       0.465  0.6419731    
S7-D8:      1.457  0.1453820       2.400  0.0165422       0.823  0.4105477       1.043  0.2970519       1.144  0.2527483      -0.125  0.9002636       0.763  0.4457772    
S7-D14:      0.592  0.5541342       0.867  0.3863780       0.155  0.8768428       0.396  0.6922740       1.123  0.2617692      -0.438  0.6614286       0.276  0.7824522    
S8-D7:      0.068  0.9454978       0.221  0.8249411      -0.395  0.6932470      -0.081  0.9358232       1.231  0.2185294      -0.611  0.5413075       0.209  0.8342237    
S8-D8:      1.052  0.2930787       0.975  0.3298838       0.388  0.6983001       0.699  0.4847910       1.594  0.1111506      -0.212  0.8320441       0.613  0.5402467    
S9-D4:      0.632  0.5273941       1.144  0.2527882      -0.023  0.9819723       0.665  0.5065057       0.058  0.9534426       0.386  0.6995774       0.075  0.9399970    
S9-D6:      0.604  0.5460602       1.259  0.2081874       0.147  0.8831470       0.696  0.4868847       0.054  0.9566876      -0.003  0.9977564       0.002  0.9983831    
S9-D12:     -0.174  0.8620629       1.054  0.2920863      -0.514  0.6070688      -0.465  0.6423249       0.159  0.8734655      -0.499  0.6176338       0.346  0.7293834    
S9-D14:      0.331  0.7405995       1.295  0.1956056       0.017  0.9865138       0.439  0.6610419      -0.018  0.9860322      -0.316  0.7521105      -0.088  0.9296215    
S10-D9:      0.853  0.3940166       1.236  0.2168938       0.829  0.4073128       0.866  0.3867747       0.067  0.9466463      -0.131  0.8961129      -0.054  0.9569716    
S10-D10:      0.881  0.3786019       1.618  0.1059560       1.053  0.2925577       0.782  0.4343271      -1.253  0.2104204       0.733  0.4638343       0.164  0.8699240    
S10-D11:      0.349  0.7271704       0.847  0.3973119      -0.167  0.8673352       0.174  0.8619323       0.646  0.5185931      -0.240  0.8106123       0.248  0.8043422    
S11-D4:      0.762  0.4465085       0.620  0.5352163      -0.587  0.5572514       0.326  0.7441810       1.400  0.1619093       0.526  0.5993355       0.701  0.4837533    
S11-D9:      0.803  0.4219416       0.040  0.9681299       0.774  0.4391479       0.439  0.6604689       0.704  0.4814168       0.448  0.6540846       0.542  0.5879434    
S11-D11:      1.078  0.2811753       1.302  0.1932876       0.680  0.4966320       0.655  0.5123163       0.067  0.9465894       0.781  0.4348187       0.626  0.5312211    
S11-D12:      0.132  0.8947598       0.306  0.7594348       0.108  0.9138677       0.121  0.9035970       0.086  0.9313113      -0.095  0.9244144       0.045  0.9637423    
S12-D10:      0.104  0.9170280       1.212  0.2256505      -0.595  0.5521612       0.210  0.8336865      -0.535  0.5928455       0.422  0.6728213      -0.106  0.9154439    
S12-D11:     -0.671  0.5022542       0.002  0.9980544      -1.026  0.3053057      -0.272  0.7857577      -0.595  0.5516375      -0.052  0.9581642      -0.522  0.6016856    
S12-D13:      1.006  0.3147427       0.236  0.8136774      -0.768  0.4427487       0.094  0.9249634       1.862  0.0629243       1.197  0.2316285       1.300  0.1940098    
S13-D11:      0.678  0.4977357       1.415  0.1573551       0.665  0.5064334       0.941  0.3468951      -0.400  0.6894165      -0.135  0.8924302      -0.343  0.7313141    
S13-D12:      0.695  0.4871608       0.711  0.4770716       0.030  0.9761413       0.646  0.5183413       0.355  0.7229467       0.493  0.6224477       0.210  0.8340556    
S13-D13:      0.792  0.4284981       1.177  0.2394312       0.255  0.7988624       0.735  0.4625318      -0.068  0.9455067       0.471  0.6374791       0.146  0.8837433    
S13-D15:      1.024  0.3061107       1.728  0.0841912       0.413  0.6797847       0.683  0.4949931       0.877  0.3808077      -0.086  0.9316360       0.648  0.5171669    
S14-D12:      1.017  0.3095258       2.426  0.0154236       0.503  0.6154098       0.804  0.4215411       1.053  0.2925657      -0.724  0.4690127       0.499  0.6181702    
S14-D14:      0.323  0.7466151       0.661  0.5088128       0.242  0.8086830       0.230  0.8184683       0.352  0.7245715      -0.223  0.8237409       0.175  0.8610871    
S14-D15:      1.292  0.1964849       2.456  0.0141899       0.578  0.5636416       0.984  0.3254247       1.365  0.1726521      -0.591  0.5548414       0.605  0.5452060    
S14-D16:      0.973  0.3307811       0.597  0.5505612       0.537  0.5915131       1.161  0.2459302       0.795  0.4270099      -0.079  0.9366842      -0.166  0.8682723    
S15-D13:      0.982  0.3263011       1.092  0.2751301      -0.418  0.6761301       0.545  0.5860949       1.766  0.0777185       0.446  0.6557115       0.705  0.4808800    
S15-D15:      2.657  0.0080008       3.667  0.0002578       1.676  0.0940318       2.007  0.0449792       2.050  0.0406249       0.128  0.8984972       1.249  0.2120519    
S16-D15:      0.185  0.8529660       0.106  0.9153851      -0.073  0.9418465       0.194  0.8459071       0.705  0.4806585      -0.244  0.8070491       0.028  0.9775844    
S16-D16:      0.307  0.7590043      -0.231  0.8175204       0.142  0.8868165       0.308  0.7582365       0.051  0.9595914       0.456  0.6487428       0.012  0.9905596    
Contrast results per channel for DeOxy(t, p values)
S1-D1:      1.339  0.1809955       1.923  0.0547489       1.889  0.0591179       1.410  0.1589116      -0.792  0.4283707      -0.110  0.9126492      -0.042  0.9663790    
S1-D2:      1.137  0.2559642       0.266  0.7899897       0.956  0.3392575       0.732  0.4640701       0.068  0.9454678       1.010  0.3128655       0.657  0.5110131    
S1-D3:      1.075  0.2824325       0.535  0.5924992       0.023  0.9816473       0.893  0.3721791       0.749  0.4539757       1.004  0.3154626       0.417  0.6769563    
S2-D2:      0.536  0.5923387      -0.213  0.8313560       0.732  0.4645154       0.493  0.6218947      -0.565  0.5724783       0.916  0.3598059       0.014  0.9889259    
S2-D4:      0.266  0.7906403      -0.728  0.4667812      -0.631  0.5283982       0.138  0.8903239       1.154  0.2488550       0.540  0.5895980       0.215  0.8299978    
S2-D9:      2.248  0.0247741      -0.338  0.7357245       1.651  0.0989517       1.221  0.2223633       0.929  0.3533339       2.665  0.0078025       1.489  0.1366600    
S3-D1:      0.611  0.5410743       1.321  0.1869045       0.586  0.5581741       0.765  0.4442176       0.051  0.9594544      -0.438  0.6612268      -0.122  0.9027906    
S3-D3:      0.193  0.8473694       0.578  0.5632659       0.205  0.8373196       0.414  0.6787044      -0.523  0.6013244       0.074  0.9408674      -0.244  0.8074414    
S3-D5:     -0.483  0.6291188      -0.032  0.9745585      -0.807  0.4199651      -0.276  0.7822423       0.537  0.5911608      -0.680  0.4965517      -0.287  0.7738951    
S4-D2:      0.025  0.9798859      -0.609  0.5426971       0.455  0.6493137       0.342  0.7321240      -0.428  0.6688452       0.159  0.8736377      -0.419  0.6750990    
S4-D3:      0.144  0.8858406      -0.465  0.6419449      -1.225  0.2209726      -0.050  0.9597582       1.643  0.1005756       0.385  0.6999916       0.282  0.7779969    
S4-D4:     -0.713  0.4757675      -1.050  0.2938828       0.053  0.9581016       0.529  0.5966661      -0.698  0.4855432      -0.868  0.3855824      -1.652  0.0988602    
S4-D6:     -0.202  0.8401517      -0.597  0.5509003      -0.221  0.8250304      -0.247  0.8051728      -0.072  0.9425875       0.371  0.7110694       0.071  0.9432441    
S5-D3:     -0.123  0.9022231       0.396  0.6923747      -1.364  0.1729752       0.050  0.9603014       1.284  0.1994790      -0.509  0.6110147      -0.237  0.8125467    
S5-D5:      0.844  0.3990811       1.804  0.0715385       1.446  0.1483552       1.044  0.2965770      -0.603  0.5466740      -0.733  0.4635474      -0.282  0.7776186    
S5-D6:      0.307  0.7588661      -0.042  0.9664184      -0.566  0.5715136      -0.448  0.6545194       0.481  0.6303487       1.081  0.2800827       0.972  0.3311892    
S5-D7:      0.716  0.4743392       0.521  0.6021840       0.109  0.9128465      -0.014  0.9888877       1.013  0.3115204       0.487  0.6264121       1.072  0.2839412    
S6-D5:     -0.129  0.8970416      -0.133  0.8940271      -0.981  0.3266334      -0.738  0.4609722       0.154  0.8777220       0.879  0.3793294       0.791  0.4292569    
S6-D7:      0.160  0.8730851       0.126  0.9001231       0.394  0.6935059       0.133  0.8945089      -0.617  0.5372102       0.380  0.7040671       0.070  0.9445505    
S7-D6:     -0.966  0.3343809      -1.659  0.0974592      -0.345  0.7299563      -1.599  0.1101374       0.370  0.7118033       0.078  0.9382100       0.955  0.3398319    
S7-D7:      0.461  0.6447510      -0.434  0.6640318       0.033  0.9739487       0.525  0.5993985       1.493  0.1357675      -0.424  0.6713598      -0.116  0.9077531    
S7-D8:     -0.243  0.8078057      -0.937  0.3489073      -1.070  0.2848279      -0.059  0.9532441       1.582  0.1139986      -0.399  0.6902197      -0.280  0.7793127    
S7-D14:      1.439  0.1503481       0.755  0.4506271      -0.062  0.9503476       0.902  0.3671263       3.273  0.0010983      -0.201  0.8410292       0.918  0.3589531    
S8-D7:     -0.611  0.5413301      -1.118  0.2638185      -1.972  0.0489002      -0.815  0.4152277       2.618  0.0089771      -0.933  0.3509497       0.254  0.7991916    
S8-D8:     -0.907  0.3643695      -0.912  0.3619661      -1.178  0.2390890      -0.630  0.5289658       0.885  0.3761896      -0.750  0.4533288      -0.427  0.6694368    
S9-D4:      0.058  0.9536460       0.083  0.9340800       0.292  0.7705659       0.715  0.4749279      -0.350  0.7260720      -0.341  0.7334433      -0.783  0.4335884    
S9-D6:     -0.397  0.6917944      -0.830  0.4067734      -0.161  0.8723649      -0.271  0.7863469      -0.469  0.6390977       0.372  0.7098933      -0.187  0.8514052    
S9-D12:      0.666  0.5053952      -1.752  0.0801073      -0.419  0.6751147      -0.074  0.9409822       2.612  0.0091373       0.699  0.4848197       0.996  0.3195473    
S9-D14:     -0.191  0.8483871      -1.118  0.2637089      -0.295  0.7678003       0.152  0.8790719       1.231  0.2186819      -0.707  0.4794626      -0.473  0.6363429    
S10-D9:      0.803  0.4218724       0.532  0.5949166       1.267  0.2052606       1.288  0.1980424      -0.823  0.4108724       0.336  0.7366879      -0.586  0.5576684    
S10-D10:      1.151  0.2499032       1.563  0.1183269       1.209  0.2268784       1.301  0.1934817      -0.429  0.6678825      -0.133  0.8944259      -0.281  0.7785772    
S10-D11:     -0.261  0.7942987      -0.771  0.4409589      -1.556  0.1199901      -0.345  0.7304929       1.577  0.1150879       0.024  0.9808626       0.034  0.9727329    
S11-D4:     -0.968  0.3331350      -1.600  0.1098345      -2.468  0.0137445      -0.417  0.6769838       1.374  0.1698614      -0.244  0.8073160      -0.875  0.3819392    
S11-D9:     -0.083  0.9340136      -2.312  0.0209891      -1.536  0.1249128      -0.050  0.9602871       2.568  0.0103694       0.296  0.7670760      -0.048  0.9619607    
S11-D11:      0.296  0.7675029      -1.385  0.1664614       0.829  0.4074347       0.509  0.6109051      -0.454  0.6497858       0.842  0.3997252      -0.209  0.8342859    
S11-D12:     -0.572  0.5676297      -2.640  0.0084023      -1.640  0.1013805      -0.647  0.5176565       1.847  0.0650590       0.455  0.6489690      -0.024  0.9810033    
S12-D10:      0.111  0.9114042       0.353  0.7240504      -0.128  0.8978088       0.059  0.9530404       0.274  0.7844359      -0.112  0.9110660       0.076  0.9397189    
S12-D11:      0.089  0.9293091       0.047  0.9627577      -1.155  0.2482399      -0.067  0.9467114       1.517  0.1295980      -0.075  0.9402221       0.217  0.8284552    
S12-D13:     -0.319  0.7499549       0.887  0.3753956      -0.913  0.3614453      -0.138  0.8905730       0.727  0.4672490      -0.942  0.3464739      -0.268  0.7888438    
S13-D11:     -0.373  0.7092932      -0.912  0.3619629       0.876  0.3811863      -0.596  0.5514672      -0.934  0.3507576       0.210  0.8335975       0.219  0.8269821    
S13-D12:      0.103  0.9180979      -0.752  0.4523047       0.323  0.7466508       0.651  0.5149667      -0.267  0.7895370       0.206  0.8370715      -0.717  0.4737252    
S13-D13:     -0.584  0.5592711      -0.062  0.9505750      -0.500  0.6173209      -0.827  0.4082245      -0.427  0.6691199       0.088  0.9296652       0.293  0.7693020    
S13-D15:      0.456  0.6483866      -0.261  0.7942502      -0.567  0.5706879       0.573  0.5669852       2.366  0.0181586      -0.773  0.4395519      -0.125  0.9007084    
S14-D12:      0.421  0.6737845      -0.971  0.3316116      -0.558  0.5771582       0.623  0.5333713       2.271  0.0233704      -0.417  0.6767478      -0.296  0.7675271    
S14-D14:      1.614  0.1068169       0.649  0.5164032      -0.042  0.9662084       1.565  0.1178780       3.339  0.0008684      -0.322  0.7478613       0.165  0.8690373    
S14-D15:     -0.029  0.9764885      -0.262  0.7934580      -0.350  0.7264691      -0.354  0.7234384       2.202  0.0278516      -1.385  0.1664133       0.476  0.6342525    
S14-D16:     -1.395  0.1632206      -0.935  0.3499824      -1.802  0.0718270      -0.878  0.3801766       1.296  0.1951453      -1.966  0.0495800      -0.852  0.3946378    
S15-D13:      0.068  0.9461749       0.504  0.6143065      -1.533  0.1256582      -0.261  0.7942197       1.758  0.0790667      -0.065  0.9483132       0.474  0.6356352    
S15-D15:      0.831  0.4061805       0.584  0.5592116      -0.382  0.7028538       0.330  0.7414262       1.916  0.0556388       0.114  0.9096033       0.668  0.5042863    
S16-D15:     -0.322  0.7472301      -0.044  0.9647674      -1.189  0.2346501       0.112  0.9106245       1.687  0.0918569      -1.477  0.1398540      -0.628  0.5300253    
S16-D16:     -0.818  0.4137244      -0.890  0.3738012      -0.764  0.4452129      -0.604  0.5458041       0.989  0.3227387      -1.335  0.1820669      -0.310  0.7563521    
Contrast results per channel for Total(t, p values)
S1-D1:      0.468  0.6399202       0.412  0.6802287       0.325  0.7452219       0.333  0.7393949      -0.105  0.9163865       0.365  0.7152607       0.174  0.8622535    
S1-D2:      0.232  0.8168541       0.038  0.9697508       0.200  0.8416992       0.176  0.8601214       0.018  0.9856368       0.219  0.8267487       0.067  0.9462764    
S1-D3:      0.879  0.3795845       0.354  0.7233309       0.034  0.9729943       0.443  0.6580641       1.431  0.1527892       0.548  0.5834824       0.752  0.4523600    
S2-D2:     -0.045  0.9640868      -0.105  0.9167300      -0.070  0.9444177       0.075  0.9399221      -0.504  0.6146115       0.347  0.7285103      -0.173  0.8626123    
S2-D4:      0.671  0.5024513       0.515  0.6069641       0.333  0.7390448       0.503  0.6149555       0.785  0.4327450       0.071  0.9432206       0.236  0.8137198    
S2-D9:      0.119  0.9054180      -0.089  0.9288977      -0.074  0.9407667       0.200  0.8417561      -0.044  0.9646460       0.274  0.7844692      -0.128  0.8983821    
S3-D1:      0.082  0.9345276       0.545  0.5859926      -0.669  0.5033217       0.249  0.8031164      -0.324  0.7461532       0.620  0.5351037      -0.229  0.8186846    
S3-D3:      1.124  0.2612585       0.876  0.3813458       0.431  0.6663080       0.748  0.4544120       0.518  0.6045325       1.030  0.3033974       0.668  0.5042711    
S3-D5:      0.701  0.4832846       0.159  0.8737898      -0.258  0.7962087       0.175  0.8611220       0.759  0.4477781       1.013  0.3111146       0.665  0.5058838    
S4-D2:      0.760  0.4473548       0.667  0.5050189       0.460  0.6453770       0.558  0.5772882       0.278  0.7809573       0.492  0.6229368       0.396  0.6923717    
S4-D3:     -0.566  0.5712707      -0.806  0.4204125      -0.937  0.3487319      -0.694  0.4878443       0.421  0.6736083       0.007  0.9947710       0.120  0.9041442    
S4-D4:      0.416  0.6777465       0.355  0.7223109       0.438  0.6615794       0.417  0.6766748       0.048  0.9621163       0.073  0.9421384      -0.024  0.9811730    
S4-D6:      0.570  0.5686713       0.943  0.3457506       0.407  0.6843358       0.641  0.5217602       0.039  0.9688344      -0.097  0.9230686      -0.152  0.8793307    
S5-D3:     -0.908  0.3639086      -1.498  0.1343406      -1.468  0.1424949      -1.016  0.3100218       0.802  0.4225720       0.051  0.9593341       0.135  0.8923161    
S5-D5:      0.323  0.7468904       0.379  0.7047839      -0.137  0.8913184       0.442  0.6586774       0.322  0.7475075       0.023  0.9813571      -0.155  0.8765322    
S5-D6:     -0.944  0.3453174      -0.367  0.7139192      -1.626  0.1042003      -0.650  0.5158460       0.770  0.4415146      -0.986  0.3243694      -0.521  0.6024085    
S5-D7:      0.297  0.7662743       0.794  0.4271087       0.232  0.8166293       0.043  0.9653190       0.173  0.8627988      -0.114  0.9092007       0.384  0.7007637    
S6-D5:      1.037  0.3001967       0.883  0.3775321       0.000  0.9997104       0.455  0.6492600       0.807  0.4201028       1.094  0.2741183       0.872  0.3832294    
S6-D7:      1.007  0.3143476       0.977  0.3289251       0.534  0.5934887       0.471  0.6378565       0.688  0.4918726       0.554  0.5798432       0.907  0.3646156    
S7-D6:      0.268  0.7886671       0.747  0.4550446      -0.136  0.8921992       0.295  0.7681407       0.473  0.6362168      -0.325  0.7454887      -0.014  0.9887483    
S7-D7:      0.202  0.8398420       0.038  0.9694443      -0.475  0.6350164      -0.363  0.7169657       0.018  0.9853721       0.943  0.3461344       0.776  0.4380708    
S7-D8:      1.482  0.1386408       1.961  0.0501776       0.831  0.4063780       0.897  0.3699946       1.308  0.1911644       0.085  0.9320078       0.770  0.4415306    
S7-D14:      0.974  0.3305184       1.463  0.1437331       0.255  0.7990249       0.626  0.5311481       1.258  0.2088229      -0.195  0.8457420       0.582  0.5607260    
S8-D7:      0.451  0.6520475       0.264  0.7915206       0.057  0.9543971       0.135  0.8924263       1.199  0.2309598      -0.222  0.8245850       0.470  0.6382060    
S8-D8:      0.233  0.8155903       0.134  0.8932696      -0.424  0.6716642       0.164  0.8701039       1.568  0.1171740      -0.652  0.5147394       0.116  0.9077669    
S9-D4:      0.362  0.7171875       0.967  0.3336939      -0.040  0.9679391       0.312  0.7550250      -0.119  0.9054825       0.201  0.8405095       0.134  0.8932758    
S9-D6:      0.389  0.6976195       0.890  0.3736105       0.226  0.8209368       0.349  0.7271745      -0.074  0.9409996      -0.015  0.9878025       0.103  0.9179513    
S9-D12:      0.258  0.7961378       0.242  0.8087298       0.124  0.9013754      -0.222  0.8241959       0.280  0.7796604       0.289  0.7728606       0.698  0.4851863    
S9-D14:      0.727  0.4673394       1.784  0.0747603       0.318  0.7506557       0.867  0.3861753       0.482  0.6302291      -0.505  0.6137830      -0.034  0.9727106    
S10-D9:      1.083  0.2792089       1.566  0.1177151       1.088  0.2769361       1.011  0.3122842       0.172  0.8630907      -0.200  0.8414603       0.068  0.9456132    
S10-D10:      0.777  0.4372048       1.322  0.1865438       0.815  0.4151554       0.670  0.5031281      -0.981  0.3268563       0.654  0.5132500       0.156  0.8759097    
S10-D11:      1.376  0.1692263       1.442  0.1495456       0.779  0.4359087       0.699  0.4845078       0.863  0.3880912       0.668  0.5041107       0.933  0.3512161    
S11-D4:      0.381  0.7033782       0.311  0.7558518      -0.412  0.6807714      -0.035  0.9724441       1.107  0.2684195       0.226  0.8215407       0.631  0.5282884    
S11-D9:      0.345  0.7301243      -0.037  0.9707496       0.212  0.8324625       0.172  0.8633855       0.486  0.6272605       0.179  0.8581397       0.254  0.7997430    
S11-D11:      0.549  0.5830590       1.170  0.2422157       0.418  0.6760838       0.376  0.7066247      -0.088  0.9301765      -0.074  0.9412024       0.168  0.8666236    
S11-D12:      0.513  0.6081102       0.544  0.5864373      -0.103  0.9177888       0.273  0.7847104       0.774  0.4393860       0.207  0.8362249       0.400  0.6894269    
S12-D10:      0.211  0.8331680       1.804  0.0714665      -0.525  0.5997251       0.412  0.6802143      -0.122  0.9032772      -0.247  0.8050416      -0.181  0.8562928    
S12-D11:      0.340  0.7336490       0.595  0.5516769      -0.563  0.5738628       0.052  0.9585295       0.329  0.7424913       0.708  0.4792187       0.422  0.6728715    
S12-D13:      1.032  0.3024817       0.536  0.5918344      -1.158  0.2472252      -0.005  0.9957044       2.197  0.0282371       1.259  0.2082998       1.439  0.1503601    
S13-D11:      0.720  0.4717053       1.255  0.2097086       0.661  0.5085870       0.721  0.4708367      -0.420  0.6746210       0.251  0.8017258       0.021  0.9829684    
S13-D12:      0.421  0.6739091       0.324  0.7462805       0.060  0.9519613       0.198  0.8428354      -0.101  0.9192873       0.635  0.5254155       0.352  0.7252298    
S13-D13:      0.734  0.4633859       1.247  0.2126600       0.290  0.7718933       0.610  0.5419989      -0.062  0.9503008       0.354  0.7236751       0.237  0.8127523    
S13-D15:      0.559  0.5765886       1.053  0.2925038       0.114  0.9089938       0.495  0.6210202       0.806  0.4204238      -0.384  0.7010184       0.185  0.8532752    
S14-D12:      0.753  0.4517678       0.598  0.5498672       0.940  0.3472360       0.694  0.4875508       0.932  0.3517921      -0.500  0.6170722       0.108  0.9139620    
S14-D14:      0.113  0.9097688       0.954  0.3405175       0.068  0.9456579       0.366  0.7143334      -0.095  0.9243589      -0.614  0.5391009      -0.368  0.7130761    
S14-D15:      0.651  0.5154775       1.526  0.1272441       0.272  0.7857229       0.478  0.6325593       1.259  0.2084441      -0.975  0.3297405       0.303  0.7616751    
S14-D16:      0.100  0.9201312      -0.132  0.8953254       0.408  0.6837192       0.344  0.7305538      -0.188  0.8507520      -0.105  0.9161186      -0.350  0.7267679    
S15-D13:      1.033  0.3019022       1.100  0.2715977      -0.469  0.6394677       0.727  0.4676755       1.979  0.0480381       0.066  0.9477414       0.476  0.6343237    
S15-D15:      2.838  0.0046248       4.027  0.0000605       1.668  0.0956823       2.006  0.0451443       2.318  0.0206609       0.175  0.8611540       1.421  0.1556036    
S16-D15:      0.073  0.9414380      -0.283  0.7769126      -0.139  0.8897060       0.409  0.6827275       1.228  0.2196373      -0.689  0.4907043      -0.419  0.6751112    
S16-D16:     -0.470  0.6387207      -0.324  0.7462925       0.273  0.7849583       0.376  0.7070236      -0.381  0.7029219      -1.036  0.3003065      -1.247  0.2125279    
Explained VarianceOxy(R squared)
S1-D1:      0.000  0.0177971    0.0000000    
S1-D2:      0.000  0.0164134    0.0000000    
S1-D3:      0.000  0.0455526    0.0000000    
S2-D2:      0.000  0.0313683    0.0000000    
S2-D4:      0.000  0.0428190    0.0000000    
S2-D9:      0.000  0.0135295    0.0000000    
S3-D1:      0.000  0.0752692    0.0000000    
S3-D3:      0.000  0.0209260    0.0000000    
S3-D5:      0.000  0.0247236    0.0000000    
S4-D2:      0.000  0.0202926    0.0000000    
S4-D3:      0.000  0.0504406    0.0000000    
S4-D4:      0.000  0.0425832    0.0000000    
S4-D6:      0.000  0.0332114    0.0000000    
S5-D3:      0.000  0.0433389    0.0000000    
S5-D5:      0.000  0.0244264    0.0000000    
S5-D6:      0.000  0.0686897    0.0000000    
S5-D7:      0.000  0.0304468    0.0000000    
S6-D5:      0.000  0.0508237    0.0000000    
S6-D7:      0.000  0.0358654    0.0000000    
S7-D6:      0.000  0.0304155    0.0000000    
S7-D7:      0.000  0.0503369    0.0000000    
S7-D8:      0.000  0.0785180    0.0000000    
S7-D14:      0.000  0.0485782    0.0000000    
S8-D7:      0.000  0.0514323    0.0000000    
S8-D8:      0.000  0.0591557    0.0000000    
S9-D4:      0.000  0.0412821    0.0000000    
S9-D6:      0.000  0.0391790    0.0000000    
S9-D12:      0.000  0.0556840    0.0000000    
S9-D14:      0.000  0.0423314    0.0000000    
S10-D9:      0.000  0.0424353    0.0000000    
S10-D10:      0.000  0.0789816    0.0000000    
S10-D11:      0.000  0.0358320    0.0000000    
S11-D4:      0.000  0.0535734    0.0000000    
S11-D9:      0.000  0.0327323    0.0000000    
S11-D11:      0.000  0.0473064    0.0000000    
S11-D12:      0.000  0.0108445    0.0000000    
S12-D10:      0.000  0.0710647    0.0000000    
S12-D11:      0.000  0.0436094    0.0000000    
S12-D13:      0.000  0.0652471    0.0000000    
S13-D11:      0.000  0.0507453    0.0000000    
S13-D12:      0.000  0.0300463    0.0000000    
S13-D13:      0.000  0.0423617    0.0000000    
S13-D15:      0.000  0.0589665    0.0000000    
S14-D12:      0.000  0.0874816    0.0000000    
S14-D14:      0.000  0.0256453    0.0000000    
S14-D15:      0.000  0.0871963    0.0000000    
S14-D16:      0.000  0.0367594    0.0000000    
S15-D13:      0.000  0.0600238    0.0000000    
S15-D15:      0.000  0.1208375    0.0000000    
S16-D15:      0.000  0.0247012    0.0000000    
S16-D16:      0.000  0.0231773    0.0000000    
Explained VarianceDeOxy(R squared)
S1-D1:      0.000  0.0794261    0.0000000    
S1-D2:      0.000  0.0429667    0.0000000    
S1-D3:      0.000  0.0454093    0.0000000    
S2-D2:      0.000  0.0467790    0.0000000    
S2-D4:      0.000  0.0494998    0.0000000    
S2-D9:      0.000  0.0944058    0.0000000    
S3-D1:      0.000  0.0442605    0.0000000    
S3-D3:      0.000  0.0316656    0.0000000    
S3-D5:      0.000  0.0384750    0.0000000    
S4-D2:      0.000  0.0340793    0.0000000    
S4-D3:      0.000  0.0622512    0.0000000    
S4-D4:      0.000  0.0637720    0.0000000    
S4-D6:      0.000  0.0222953    0.0000000    
S5-D3:      0.000  0.0580721    0.0000000    
S5-D5:      0.000  0.0710004    0.0000000    
S5-D6:      0.000  0.0387869    0.0000000    
S5-D7:      0.000  0.0445299    0.0000000    
S6-D5:      0.000  0.0418779    0.0000000    
S6-D7:      0.000  0.0284509    0.0000000    
S7-D6:      0.000  0.0716575    0.0000000    
S7-D7:      0.000  0.0585805    0.0000000    
S7-D8:      0.000  0.0684851    0.0000000    
S7-D14:      0.000  0.1117832    0.0000000    
S8-D7:      0.000  0.1215969    0.0000000    
S8-D8:      0.000  0.0581037    0.0000000    
S9-D4:      0.000  0.0356780    0.0000000    
S9-D6:      0.000  0.0336076    0.0000000    
S9-D12:      0.000  0.0997651    0.0000000    
S9-D14:      0.000  0.0676073    0.0000000    
S10-D9:      0.000  0.0641292    0.0000000    
S10-D10:      0.000  0.0597300    0.0000000    
S10-D11:      0.000  0.0717411    0.0000000    
S11-D4:      0.000  0.0941504    0.0000000    
S11-D9:      0.000  0.1127696    0.0000000    
S11-D11:      0.000  0.0681918    0.0000000    
S11-D12:      0.000  0.1152690    0.0000000    
S12-D10:      0.000  0.0149422    0.0000000    
S12-D11:      0.000  0.0555337    0.0000000    
S12-D13:      0.000  0.0557744    0.0000000    
S13-D11:      0.000  0.0478693    0.0000000    
S13-D12:      0.000  0.0475776    0.0000000    
S13-D13:      0.000  0.0276884    0.0000000    
S13-D15:      0.000  0.0875628    0.0000000    
S14-D12:      0.000  0.0863695    0.0000000    
S14-D14:      0.000  0.1108346    0.0000000    
S14-D15:      0.000  0.1085920    0.0000000    
S14-D16:      0.000  0.0973302    0.0000000    
S15-D13:      0.000  0.0680043    0.0000000    
S15-D15:      0.000  0.0623479    0.0000000    
S16-D15:      0.000  0.0811220    0.0000000    
S16-D16:      0.000  0.0721328    0.0000000    
Explained VarianceTotal(R squared)
S1-D1:      0.000  0.0198077    0.0000000    
S1-D2:      0.000  0.0094251    0.0000000    
S1-D3:      0.000  0.0445563    0.0000000    
S2-D2:      0.000  0.0257687    0.0000000    
S2-D4:      0.000  0.0282585    0.0000000    
S2-D9:      0.000  0.0162500    0.0000000    
S3-D1:      0.000  0.0567617    0.0000000    
S3-D3:      0.000  0.0408786    0.0000000    
S3-D5:      0.000  0.0347641    0.0000000    
S4-D2:      0.000  0.0256903    0.0000000    
S4-D3:      0.000  0.0393907    0.0000000    
S4-D4:      0.000  0.0160590    0.0000000    
S4-D6:      0.000  0.0307590    0.0000000    
S5-D3:      0.000  0.0663423    0.0000000    
S5-D5:      0.000  0.0195075    0.0000000    
S5-D6:      0.000  0.0663731    0.0000000    
S5-D7:      0.000  0.0312637    0.0000000    
S6-D5:      0.000  0.0444383    0.0000000    
S6-D7:      0.000  0.0391829    0.0000000    
S7-D6:      0.000  0.0296955    0.0000000    
S7-D7:      0.000  0.0333808    0.0000000    
S7-D8:      0.000  0.0714597    0.0000000    
S7-D14:      0.000  0.0587827    0.0000000    
S8-D7:      0.000  0.0433443    0.0000000    
S8-D8:      0.000  0.0605294    0.0000000    
S9-D4:      0.000  0.0337849    0.0000000    
S9-D6:      0.000  0.0284727    0.0000000    
S9-D12:      0.000  0.0245224    0.0000000    
S9-D14:      0.000  0.0595090    0.0000000    
S10-D9:      0.000  0.0539978    0.0000000    
S10-D10:      0.000  0.0635211    0.0000000    
S10-D11:      0.000  0.0523380    0.0000000    
S11-D4:      0.000  0.0408203    0.0000000    
S11-D9:      0.000  0.0166687    0.0000000    
S11-D11:      0.000  0.0371284    0.0000000    
S11-D12:      0.000  0.0278586    0.0000000    
S12-D10:      0.000  0.0708838    0.0000000    
S12-D11:      0.000  0.0371047    0.0000000    
S12-D13:      0.000  0.0778163    0.0000000    
S13-D11:      0.000  0.0467359    0.0000000    
S13-D12:      0.000  0.0248493    0.0000000    
S13-D13:      0.000  0.0416168    0.0000000    
S13-D15:      0.000  0.0419745    0.0000000    
S14-D12:      0.000  0.0450059    0.0000000    
S14-D14:      0.000  0.0345227    0.0000000    
S14-D15:      0.000  0.0733648    0.0000000    
S14-D16:      0.000  0.0198188    0.0000000    
S15-D13:      0.000  0.0657328    0.0000000    
S15-D15:      0.000  0.1334772    0.0000000    
S16-D15:      0.000  0.0477261    0.0000000    
S16-D16:      0.000  0.0411551    0.0000000    
