0.0000000000  0.0000000000  0.0000000000  0.0000000000  0.0000000000  1.0000000000  
0.0000000000  0.0000000000  0.0000000000  0.0000000000  0.0000000000  1.0000000000  
0.0000000000  0.0000000000  0.0000000000  0.0000000000  0.0000000000  1.0000000000  
0.0000000000  0.0000000000  0.0000000000  0.0000000000  0.0000000000  1.0000000000  
0.0000000000  0.0000000000  0.0000000000  0.0000000000  0.0000000000  1.0000000000  
0.0000000000  0.0000000000  0.0000000000  0.0000000000  0.0000000000  1.0000000000  
0.0000000000  0.0000000000  0.0000000000  0.0000000000  0.0000000000  1.0000000000  
0.0000000000  0.0000000000  0.0000000000  0.0000000000  0.0000000000  1.0000000000  
0.0000000000  0.0000000000  0.0000000000  0.0000000000  0.0000000000  1.0000000000  
0.0000000000  0.0000000000  0.0000000000  0.0000000000  0.0000000000  1.0000000000  
0.0000000000  0.0000000000  0.0000000000  0.0000000000  0.0000000000  1.0000000000  
0.0000000000  0.0000000000  0.0000000000  0.0000000000  0.0000000000  1.0000000000  
0.0000000000  0.0000000000  0.0000000000  0.0000000000  0.0000000000  1.0000000000  
0.0000000000  0.0000000000  0.0000000000  0.0000000000  0.0000000000  1.0000000000  
0.0000000000  0.0000000000  0.0000000000  0.0000000000  0.0000000000  1.0000000000  
0.0000000000  0.0000000000  0.0000000000  0.0000000000  0.0000000000  1.0000000000  
0.0000000000  0.0000000000  0.0000000000  0.0000000000  0.0000000000  1.0000000000  
0.0000000000  0.0000000000  0.0000000000  0.0000000000  0.0000000000  1.0000000000  
0.0000000000  0.0000000000  0.0000000000  0.0000000000  0.0000000000  1.0000000000  
0.0000000000  0.0000000000  0.0000000000  0.0000000000  0.0000000000  1.0000000000  
0.0000000000  0.0000000000  0.0000000000  0.0000000000  0.0000000000  1.0000000000  
0.0000000000  0.0000000000  0.0000000000  0.0000000000  0.0000000000  1.0000000000  
0.0000000000  0.0000000000  0.0000000000  0.0000000000  0.0000000000  1.0000000000  
0.0000000000  0.0000000000  0.0000000000  0.0000000000  0.0000000000  1.0000000000  
0.0000000000  0.0000000000  0.0000000000  0.0000000000  0.0000000000  1.0000000000  
0.0000000000  0.0000000000  0.0000000000  0.0000000000  0.0000000000  1.0000000000  
0.0000000000  0.0000000000  0.0000000000  0.0000000000  0.0000000000  1.0000000000  
0.0000000000  0.0000000000  0.0000000000  0.0000000000  0.0000000000  1.0000000000  
0.0000000000  0.0000000000  0.0000000000  0.0000000000  0.0000000000  1.0000000000  
0.0000000000  0.0000000000  0.0000000000  0.0000000000  0.0000000000  1.0000000000  
0.0000000000  0.0000000000  0.0000000000  0.0000000000  0.0000000000  1.0000000000  
0.0000000000  0.0000000000  0.0000000000  0.0000000000  0.0000000000  1.0000000000  
0.0000000000  0.0000000000  0.0000000000  0.0000000000  0.0000000000  1.0000000000  
0.0000000000  0.0000000000  0.0000000000  0.0000000000  0.0000000000  1.0000000000  
0.0000000000  0.0000000000  0.0000000000  0.0000000000  0.0000000000  1.0000000000  
0.0000000000  0.0000000000  0.0000000000  0.0000000000  0.0000000000  1.0000000000  
0.0000000000  0.0000000000  0.0000000000  0.0000000000  0.0000000000  1.0000000000  
0.0000000000  0.0000000000  0.0000000000  0.0000000000  0.0000000000  1.0000000000  
0.0000000000  0.0000000000  0.0000000000  0.0000000000  0.0000000000  1.0000000000  
0.0000000000  0.0000000000  0.0000000000  0.0000000000  0.0000000000  1.0000000000  
0.0000000000  0.0000000000  0.0000000000  0.0000000000  0.0000000000  1.0000000000  
0.0000000000  0.0000000000  0.0000000000  0.0000000000  0.0000000000  1.0000000000  
0.0000000000  0.0000000000  0.0000000000  0.0000000000  0.0000000000  1.0000000000  
0.0000000000  0.0000000000  0.0000000000  0.0000000000  0.0000000000  1.0000000000  
0.0000000000  0.0000000000  0.0000000000  0.0000000000  0.0000000000  1.0000000000  
0.0000000000  0.0000000000  0.0000000000  0.0000000000  0.0000000000  1.0000000000  
0.0000000000  0.0000000000  0.0000000000  0.0000000000  0.0000000000  1.0000000000  
0.0000000000  0.0000000000  0.0000000000  0.0000000000  0.0000000000  1.0000000000  
0.0000000000  0.0000000000  0.0000000000  0.0000000000  0.0000000000  1.0000000000  
0.0000000000  0.0000000000  0.0000000000  0.0000000000  0.0000000000  1.0000000000  
0.0000000000  0.0000000000  0.0000000000  0.0000000000  0.0000000000  1.0000000000  
0.0000000000  0.0000000000  0.0000000000  0.0000000000  0.0000000000  1.0000000000  
0.0000000000  0.0000000000  0.0000000000  0.0000000000  0.0000000000  1.0000000000  
0.0000000000  0.0000000000  0.0000000000  0.0000000000  0.0000000000  1.0000000000  
0.0000000000  0.0000000000  0.0000000000  0.0000000000  0.0000000000  1.0000000000  
0.0000000000  0.0000000000  0.0000000000  0.0000000000  0.0000000000  1.0000000000  
0.0000000000  0.0000000000  0.0000000000  0.0000000000  0.0000000000  1.0000000000  
0.0000000000  0.0000000000  0.0000000000  0.0000000000  0.0000000000  1.0000000000  
0.0000000000  0.0000000000  0.0000000000  0.0000000000  0.0000000000  1.0000000000  
0.0000000000  0.0000000000  0.0000000000  0.0000000000  0.0000000000  1.0000000000  
0.0000000000  0.0000000000  0.0000000000  0.0000000000  0.0000000000  1.0000000000  
0.0000000000  0.0000000000  0.0000000000  0.0000000000  0.0000000000  1.0000000000  
0.0000000000  0.0000000000  0.0000000000  0.0000000000  0.0000000000  1.0000000000  
0.0000000000  0.0000000000  0.0000000000  0.0000000000  0.0000000000  1.0000000000  
0.0000000000  0.0000000000  0.0000000000  0.0000000000  0.0000000000  1.0000000000  
0.0000000000  0.0000000000  0.0000000000  0.0000000000  0.0000000000  1.0000000000  
0.0000000000  0.0000000000  0.0000000000  0.0000000000  0.0000000000  1.0000000000  
0.0000000000  0.0000000000  0.0000000000  0.0000000000  0.0000000000  1.0000000000  
0.0000000000  0.0000000000  0.0000000000  0.0000000000  0.0000000000  1.0000000000  
0.0000000000  0.0000000000  0.0000000000  0.0000000000  0.0000000000  1.0000000000  
0.0000000000  0.0000000000  0.0000000000  0.0000000000  0.0000000000  1.0000000000  
0.0000000000  0.0000000000  0.0000000000  0.0000000000  0.0000000000  1.0000000000  
0.0000000000  0.0000000000  0.0000000000  0.0000000000  0.0000000000  1.0000000000  
0.0000000000  0.0000000000  0.0000000000  0.0000000000  0.0000000000  1.0000000000  
0.0000000000  0.0000000000  0.0000000000  0.0000000000  0.0000000000  1.0000000000  
0.0000000000  0.0000000000  0.0000000000  0.0000000000  0.0000000000  1.0000000000  
0.0000000000  0.0000000000  0.0000000000  0.0000000000  0.0000000000  1.0000000000  
0.0000000000  0.0000000000  0.0000000000  0.0000000000  0.0000000000  1.0000000000  
0.0000000000  0.0000000000  0.0000000000  0.0000000000  0.0000000000  1.0000000000  
0.0000000000  0.0000000000  0.0000000000  0.0000000000  0.0000000000  1.0000000000  
0.0000000000  0.0000000000  0.0000000000  0.0000000000  0.0000000000  1.0000000000  
0.0000000000  0.0000000000  0.0000000000  0.0000000000  0.0000000000  1.0000000000  
0.0000000000  0.0000000000  0.0000000000  0.0000000000  0.0000000000  1.0000000000  
0.0000000000  0.0000000000  0.0000000000  0.0000000000  0.0000000000  1.0000000000  
0.0000000000  0.0000000000  0.0000000000  0.0000000000  0.0000000000  1.0000000000  
0.0000000000  0.0000000000  0.0000000000  0.0000000000  0.0000000000  1.0000000000  
0.0000000000  0.0000000000  0.0000000000  0.0000000000  0.0000000000  1.0000000000  
0.0000000000  0.0000000000  0.0000000000  0.0000000000  0.0000000000  1.0000000000  
0.0000000000  0.0000000000  0.0000000000  0.0000000000  0.0000000000  1.0000000000  
0.0000000000  0.0000000000  0.0000000000  0.0000000000  0.0000000000  1.0000000000  
0.0000000000  0.0000000000  0.0000000000  0.0000000000  0.0000000000  1.0000000000  
0.0000000000  0.0000000000  0.0000000000  0.0000000000  0.0000000000  1.0000000000  
0.0000000000  0.0000000000  0.0000000000  0.0000000000  0.0000000000  1.0000000000  
0.0000000000  0.0000000000  0.0000000000  0.0000000000  0.0000000000  1.0000000000  
0.0000000000  0.0000000000  0.0000000000  0.0000000000  0.0000000000  1.0000000000  
0.0000000000  0.0000000000  0.0000000000  0.0000000000  0.0000000000  1.0000000000  
0.0000000000  0.0000000000  0.0000000000  0.0000000000  0.0000000000  1.0000000000  
0.0000000000  0.0000000000  0.0000000000  0.0000000000  0.0000000000  1.0000000000  
0.0000000000  0.0000000000  0.0000000000  0.0000000000  0.0000000000  1.0000000000  
0.0000000000  0.0000000000  0.0000000000  0.0000000000  0.0000000000  1.0000000000  
0.0000000000  0.0000000000  0.0000000000  0.0000000000  0.0000000000  1.0000000000  
0.0000000000  0.0000000000  0.0000000000  0.0000000000  0.0000000000  1.0000000000  
0.0000000000  0.0000000000  0.0000000000  0.0000000000  0.0000000000  1.0000000000  
0.0000000000  0.0000000000  0.0000000000  0.0000000000  0.0000000000  1.0000000000  
0.0000000000  0.0000000000  0.0000000000  0.0000000000  0.0000000000  1.0000000000  
0.0000000000  0.0000000000  0.0000000000  0.0000000000  0.0000000000  1.0000000000  
0.0000000000  0.0000000000  0.0000000000  0.0000000000  0.0000000000  1.0000000000  
0.0000000000  0.0000000000  0.0000000000  0.0000000000  0.0000000000  1.0000000000  
0.0000000000  0.0000000000  0.0000000000  0.0000000000  0.0000000000  1.0000000000  
0.0000000000  0.0000000000  0.0000000000  0.0000000000  0.0000000000  1.0000000000  
0.0000000000  0.0000000000  0.0000000000  0.0000000000  0.0000000000  1.0000000000  
0.0000000000  0.0000000000  0.0000000000  0.0000000000  0.0000000000  1.0000000000  
0.0000000000  0.0000000000  0.0000000000  0.0000000000  0.0000000000  1.0000000000  
0.0000000000  0.0000000000  0.0000000000  0.0000000000  0.0000000000  1.0000000000  
0.0000000000  0.0000000000  0.0000000000  0.0000000000  0.0000000000  1.0000000000  
0.0000000000  0.0000000000  0.0000000000  0.0000000000  0.0000000000  1.0000000000  
0.0000000000  0.0000000000  0.0000000000  0.0000000000  0.0000000000  1.0000000000  
0.0000000000  0.0000000000  0.0000000000  0.0000000000  0.0000000000  1.0000000000  
0.0000000000  0.0000000000  0.0000000000  0.0000000000  0.0000000000  1.0000000000  
0.0000000000  0.0000000000  0.0000000000  0.0000000000  0.0000000000  1.0000000000  
0.0000000000  0.0000000000  0.0000000000  0.0000000000  0.0000000000  1.0000000000  
0.0000000000  0.0000000000  0.0000000000  0.0000000000  0.0000000000  1.0000000000  
0.0000000000  0.0000000000  0.0000000000  0.0000000000  0.0000000000  1.0000000000  
0.0000000000  0.0000000000  0.0000000000  0.0000000000  0.0000000000  1.0000000000  
0.0000000000  0.0000000000  0.0000000000  0.0000000000  0.0000000000  1.0000000000  
0.0000000000  0.0000000000  0.0000000000  0.0000000000  0.0000000000  1.0000000000  
0.0000000000  0.0000000000  0.0000000000  0.0000000000  0.0000000000  1.0000000000  
0.0000004799  0.0000000000  0.0000004799  0.0000000000  0.0000000000  1.0000000000  
0.0000130918  0.0000000000  0.0000130918  0.0000000000  0.0000000000  1.0000000000  
0.0000917382  0.0000000000  0.0000917382  0.0000000000  0.0000000000  1.0000000000  
0.0003638933  0.0000000000  0.0003638933  0.0000000000  0.0000000000  1.0000000000  
0.0010459344  0.0000000000  0.0010459344  0.0000000000  0.0000000000  1.0000000000  
0.0024396071  0.0000000000  0.0024396071  0.0000000000  0.0000000000  1.0000000000  
0.0049132597  0.0000000000  0.0049132597  0.0000000000  0.0000000000  1.0000000000  
0.0088736905  0.0000000000  0.0088736905  0.0000000000  0.0000000000  1.0000000000  
0.0147343844  0.0000000000  0.0147343844  0.0000000000  0.0000000000  1.0000000000  
0.0228848134  0.0000000000  0.0228848134  0.0000000000  0.0000000000  1.0000000000  
0.0336640468  0.0000000000  0.0336640468  0.0000000000  0.0000000000  1.0000000000  
0.0473405367  0.0000000000  0.0473405367  0.0000000000  0.0000000000  1.0000000000  
0.0640988044  0.0000000000  0.0640988044  0.0000000000  0.0000000000  1.0000000000  
0.0840328956  0.0000000000  0.0840328956  0.0000000000  0.0000000000  1.0000000000  
0.1071458986  0.0000000000  0.1071458986  0.0000000000  0.0000000000  1.0000000000  
0.1333544899  0.0000000000  0.1333544899  0.0000000000  0.0000000000  1.0000000000  
0.1624973267  0.0000000000  0.1624973267  0.0000000000  0.0000000000  1.0000000000  
0.1943461083  0.0000000000  0.1943461083  0.0000000000  0.0000000000  1.0000000000  
0.2286182143  0.0000000000  0.2286182143  0.0000000000  0.0000000000  1.0000000000  
0.2649899772  0.0000000000  0.2649899772  0.0000000000  0.0000000000  1.0000000000  
0.3031098172  0.0000000000  0.3031098172  0.0000000000  0.0000000000  1.0000000000  
0.3426106463  0.0000000000  0.3426106463  0.0000000000  0.0000000000  1.0000000000  
0.3831211163  0.0000000000  0.3831211163  0.0000000000  0.0000000000  1.0000000000  
0.4242754378  0.0000000000  0.4242754378  0.0000000000  0.0000000000  1.0000000000  
0.4657216242  0.0000000000  0.4657216242  0.0000000000  0.0000000000  1.0000000000  
0.5071281197  0.0000000000  0.5071281197  0.0000000000  0.0000000000  1.0000000000  
0.5481888518  0.0000000000  0.5481888518  0.0000000000  0.0000000000  1.0000000000  
0.5886268070  0.0000000000  0.5886268070  0.0000000000  0.0000000000  1.0000000000  
0.6281962707  0.0000000000  0.6281962707  0.0000000000  0.0000000000  1.0000000000  
0.6666838935  0.0000000000  0.6666838935  0.0000000000  0.0000000000  1.0000000000  
0.7039087604  0.0000000000  0.7039087604  0.0000000000  0.0000000000  1.0000000000  
0.7397216393  0.0000000000  0.7397216393  0.0000000000  0.0000000000  1.0000000000  
0.7740035785  0.0000000000  0.7740035785  0.0000000000  0.0000000000  1.0000000000  
0.8066640117  0.0000000000  0.8066640117  0.0000000000  0.0000000000  1.0000000000  
0.8376385128  0.0000000000  0.8376385128  0.0000000000  0.0000000000  1.0000000000  
0.8668863279  0.0000000000  0.8668863279  0.0000000000  0.0000000000  1.0000000000  
0.8943877898  0.0000000000  0.8943877898  0.0000000000  0.0000000000  1.0000000000  
0.9201417067  0.0000000000  0.9201417067  0.0000000000  0.0000000000  1.0000000000  
0.9441627973  0.0000000000  0.9441627973  0.0000000000  0.0000000000  1.0000000000  
0.9664792286  0.0000000000  0.9664792286  0.0000000000  0.0000000000  1.0000000000  
0.9871302999  0.0000000000  0.9871302999  0.0000000000  0.0000000000  1.0000000000  
1.0061643023  0.0000000000  1.0061643023  0.0000000000  0.0000000000  1.0000000000  
1.0236365730  0.0000000000  1.0236365730  0.0000000000  0.0000000000  1.0000000000  
1.0396077548  0.0000000000  1.0396077548  0.0000000000  0.0000000000  1.0000000000  
1.0541422628  0.0000000000  1.0541422628  0.0000000000  0.0000000000  1.0000000000  
1.0673069544  0.0000000000  1.0673069544  0.0000000000  0.0000000000  1.0000000000  
1.0791699954  0.0000000000  1.0791699954  0.0000000000  0.0000000000  1.0000000000  
1.0897999089  0.0000000000  1.0897999089  0.0000000000  0.0000000000  1.0000000000  
1.0992647944  0.0000000000  1.0992647944  0.0000000000  0.0000000000  1.0000000000  
1.1076317001  0.0000000000  1.1076317001  0.0000000000  0.0000000000  1.0000000000  
1.1149661326  0.0000000000  1.1149661326  0.0000000000  0.0000000000  1.0000000000  
1.1213316870  0.0000000000  1.1213316870  0.0000000000  0.0000000000  1.0000000000  
1.1267893012  0.0000000000  1.1267893012  0.0000000000  0.0000000000  1.0000000000  
1.1313863866  0.0000000000  1.1313863866  0.0000000000  0.0000000000  1.0000000000  
1.1351256453  0.0000000000  1.1351256453  0.0000000000  0.0000000000  1.0000000000  
1.1379337060  0.0000000000  1.1379337060  0.0000000000  0.0000000000  1.0000000000  
1.1396457960  0.0000000000  1.1396457960  0.0000000000  0.0000000000  1.0000000000  
1.1400093172  0.0000000000  1.1400093172  0.0000000000  0.0000000000  1.0000000000  
1.1387026796  0.0000000000  1.1387026796  0.0000000000  0.0000000000  1.0000000000  
1.1353635409  0.0000000000  1.1353635409  0.0000000000  0.0000000000  1.0000000000  
1.1296206692  0.0000000000  1.1296206692  0.0000000000  0.0000000000  1.0000000000  
1.1211247471  0.0000000000  1.1211247471  0.0000000000  0.0000000000  1.0000000000  
1.1095748692  0.0000000000  1.1095748692  0.0000000000  0.0000000000  1.0000000000  
1.0947388611  0.0000000000  1.0947388611  0.0000000000  0.0000000000  1.0000000000  
1.0764666928  0.0000000000  1.0764666928  0.0000000000  0.0000000000  1.0000000000  
1.0546971178  0.0000000000  1.0546971178  0.0000000000  0.0000000000  1.0000000000  
1.0294582399  0.0000000000  1.0294582399  0.0000000000  0.0000000000  1.0000000000  
1.0008630453  0.0000000000  1.0008630453  0.0000000000  0.0000000000  1.0000000000  
0.9691010785  0.0000000000  0.9691010785  0.0000000000  0.0000000000  1.0000000000  
0.9344274405  0.0000000000  0.9344274405  0.0000000000  0.0000000000  1.0000000000  
0.8971502031  0.0000000000  0.8971502031  0.0000000000  0.0000000000  1.0000000000  
0.8576171807  0.0000000000  0.8576171807  0.0000000000  0.0000000000  1.0000000000  
0.8162028338  0.0000000000  0.8162028338  0.0000000000  0.0000000000  1.0000000000  
0.7732963775  0.0000000000  0.7732963775  0.0000000000  0.0000000000  1.0000000000  
0.7293012538  0.0000000000  0.7293012538  0.0000000000  0.0000000000  1.0000000000  
0.6846564162  0.0000000000  0.6846564162  0.0000000000  0.0000000000  1.0000000000  
0.6398594284  0.0000000000  0.6398594284  0.0000000000  0.0000000000  1.0000000000  
0.5954751887  0.0000000000  0.5954751887  0.0000000000  0.0000000000  1.0000000000  
0.5521273623  0.0000000000  0.5521273623  0.0000000000  0.0000000000  1.0000000000  
0.5104760594  0.0000000000  0.5104760594  0.0000000000  0.0000000000  1.0000000000  
0.4711874628  0.0000000000  0.4711874628  0.0000000000  0.0000000000  1.0000000000  
0.4349010197  0.0000000000  0.4349010197  0.0000000000  0.0000000000  1.0000000000  
0.4021986953  0.0000000000  0.4021986953  0.0000000000  0.0000000000  1.0000000000  
0.3735793587  0.0000000000  0.3735793587  0.0000000000  0.0000000000  1.0000000000  
0.3494399975  0.0000000000  0.3494399975  0.0000000000  0.0000000000  1.0000000000  
0.3300643280  0.0000000000  0.3300643280  0.0000000000  0.0000000000  1.0000000000  
0.3156185254  0.0000000000  0.3156185254  0.0000000000  0.0000000000  1.0000000000  
0.3061532435  0.0000000000  0.3061532435  0.0000000000  0.0000000000  1.0000000000  
0.3016107799  0.0000000000  0.3016107799  0.0000000000  0.0000000000  1.0000000000  
0.3018361163  0.0000000000  0.3018361163  0.0000000000  0.0000000000  1.0000000000  
0.3065905835  0.0000000000  0.3065905835  0.0000000000  0.0000000000  1.0000000000  
0.3155670008  0.0000000000  0.3155670008  0.0000000000  0.0000000000  1.0000000000  
0.3284053057  0.0000000000  0.3284053057  0.0000000000  0.0000000000  1.0000000000  
0.3447078706  0.0000000000  0.3447078706  0.0000000000  0.0000000000  1.0000000000  
0.3640538942  0.0000000000  0.3640538942  0.0000000000  0.0000000000  1.0000000000  
0.3860124337  0.0000000000  0.3860124337  0.0000000000  0.0000000000  1.0000000000  
0.4101537986  0.0000000000  0.4101537986  0.0000000000  0.0000000000  1.0000000000  
0.4360591670  0.0000000000  0.4360591670  0.0000000000  0.0000000000  1.0000000000  
0.4633283897  0.0000000000  0.4633283897  0.0000000000  0.0000000000  1.0000000000  
0.4915860341  0.0000000000  0.4915860341  0.0000000000  0.0000000000  1.0000000000  
0.5204857817  0.0000000000  0.5204857817  0.0000000000  0.0000000000  1.0000000000  
0.5497133335  0.0000000000  0.5497133335  0.0000000000  0.0000000000  1.0000000000  
0.5789880046  0.0000000000  0.5789880046  0.0000000000  0.0000000000  1.0000000000  
0.6080631991  0.0000000000  0.6080631991  0.0000000000  0.0000000000  1.0000000000  
0.6367259589  0.0000000000  0.6367259589  0.0000000000  0.0000000000  1.0000000000  
0.6647957708  0.0000000000  0.6647957708  0.0000000000  0.0000000000  1.0000000000  
0.6921228062  0.0000000000  0.6921228062  0.0000000000  0.0000000000  1.0000000000  
0.7185857487  0.0000000000  0.7185857487  0.0000000000  0.0000000000  1.0000000000  
0.7440893488  0.0000000000  0.7440893488  0.0000000000  0.0000000000  1.0000000000  
0.7685618226  0.0000000000  0.7685618226  0.0000000000  0.0000000000  1.0000000000  
0.7919521958  0.0000000000  0.7919521958  0.0000000000  0.0000000000  1.0000000000  
0.8142276729  0.0000000000  0.8142276729  0.0000000000  0.0000000000  1.0000000000  
0.8353710955  0.0000000000  0.8353710955  0.0000000000  0.0000000000  1.0000000000  
0.8553785382  0.0000000000  0.8553785382  0.0000000000  0.0000000000  1.0000000000  
0.8742570775  0.0000000000  0.8742570775  0.0000000000  0.0000000000  1.0000000000  
0.8920227547  0.0000000000  0.8920227547  0.0000000000  0.0000000000  1.0000000000  
0.9086987483  0.0000000000  0.9086987483  0.0000000000  0.0000000000  1.0000000000  
0.9243137570  0.0000000000  0.9243137570  0.0000000000  0.0000000000  1.0000000000  
0.9389005945  0.0000000000  0.9389005945  0.0000000000  0.0000000000  1.0000000000  
0.9524949855  0.0000000000  0.9524949855  0.0000000000  0.0000000000  1.0000000000  
0.9651345530  0.0000000000  0.9651345530  0.0000000000  0.0000000000  1.0000000000  
0.9768579834  0.0000000000  0.9768579834  0.0000000000  0.0000000000  1.0000000000  
0.9877043503  0.0000000000  0.9877043503  0.0000000000  0.0000000000  1.0000000000  
0.9977125839  0.0000000000  0.9977125839  0.0000000000  0.0000000000  1.0000000000  
1.0069210645  0.0000000000  1.0069210645  0.0000000000  0.0000000000  1.0000000000  
1.0153668459  0.0000000000  1.0153668459  0.0000000000  0.0000000000  1.0000000000  
1.0230747587  0.0000000000  1.0230747587  0.0000000000  0.0000000000  1.0000000000  
1.0300262031  0.0000000000  1.0300262031  0.0000000000  0.0000000000  1.0000000000  
1.0361277619  0.0000000000  1.0361277619  0.0000000000  0.0000000000  1.0000000000  
1.0411958511  0.0000000000  1.0411958511  0.0000000000  0.0000000000  1.0000000000  
1.0449602746  0.0000000000  1.0449602746  0.0000000000  0.0000000000  1.0000000000  
1.0470830362  0.0000000000  1.0470830362  0.0000000000  0.0000000000  1.0000000000  
1.0471865573  0.0000000000  1.0471865573  0.0000000000  0.0000000000  1.0000000000  
1.0448855156  0.0000000000  1.0448855156  0.0000000000  0.0000000000  1.0000000000  
1.0398176239  0.0000000000  1.0398176239  0.0000000000  0.0000000000  1.0000000000  
1.0316701002  0.0000000000  1.0316701002  0.0000000000  0.0000000000  1.0000000000  
1.0201999573  0.0000000000  1.0201999573  0.0000000000  0.0000000000  1.0000000000  
1.0052473852  0.0000000000  1.0052473852  0.0000000000  0.0000000000  1.0000000000  
0.9867423551  0.0000000000  0.9867423551  0.0000000000  0.0000000000  1.0000000000  
0.9647051515  0.0000000000  0.9647051515  0.0000000000  0.0000000000  1.0000000000  
0.9392418658  0.0000000000  0.9392418658  0.0000000000  0.0000000000  1.0000000000  
0.9105360320  0.0000000000  0.9105360320  0.0000000000  0.0000000000  1.0000000000  
0.8788375845  0.0000000000  0.8788375845  0.0000000000  0.0000000000  1.0000000000  
0.8444502285  0.0000000000  0.8444502285  0.0000000000  0.0000000000  1.0000000000  
0.8077181686  0.0000000000  0.8077181686  0.0000000000  0.0000000000  1.0000000000  
0.7690129677  0.0000000000  0.7690129677  0.0000000000  0.0000000000  1.0000000000  
0.7287211303  0.0000000000  0.7287211303  0.0000000000  0.0000000000  1.0000000000  
0.6872328372  0.0000000000  0.6872328372  0.0000000000  0.0000000000  1.0000000000  
0.6449321062  0.0000000000  0.6449321062  0.0000000000  0.0000000000  1.0000000000  
0.6021885253  0.0000000000  0.6021885253  0.0000004799  0.0000000000  1.0000000000  
0.5593506013  0.0000000000  0.5593506013  0.0000130918  0.0000000000  1.0000000000  
0.5167406829  0.0000000000  0.5167406829  0.0000917382  0.0000000000  1.0000000000  
0.4746513626  0.0000000000  0.4746513626  0.0003638933  0.0000000000  1.0000000000  
0.4333432163  0.0000000000  0.4333432163  0.0010459344  0.0000000000  1.0000000000  
0.3930437179  0.0000000000  0.3930437179  0.0024396071  0.0000000000  1.0000000000  
0.3539471553  0.0000000000  0.3539471553  0.0049132597  0.0000000000  1.0000000000  
0.3162153696  0.0000000000  0.3162153696  0.0088736905  0.0000000000  1.0000000000  
0.2799791502  0.0000000000  0.2799791502  0.0147343844  0.0000000000  1.0000000000  
0.2453401253  0.0000000000  0.2453401253  0.0228848134  0.0000000000  1.0000000000  
0.2123730073  0.0000000000  0.2123730073  0.0336640468  0.0000000000  1.0000000000  
0.1811280655  0.0000000000  0.1811280655  0.0473405367  0.0000000000  1.0000000000  
0.1516337193  0.0000000000  0.1516337193  0.0640988044  0.0000000000  1.0000000000  
0.1239127476  0.0000000000  0.1239127476  0.0840328956  0.0000000000  1.0000000000  
0.0979427546  0.0000000000  0.0979427546  0.1071458986  0.0000000000  1.0000000000  
0.0737022526  0.0000000000  0.0737022526  0.1333544899  0.0000000000  1.0000000000  
0.0511579162  0.0000000000  0.0511579162  0.1624973267  0.0000000000  1.0000000000  
0.0302667485  0.0000000000  0.0302667485  0.1943461083  0.0000000000  1.0000000000  
0.0109780548  0.0000000000  0.0109780548  0.2286182143  0.0000000000  1.0000000000  
-0.0067647868  0.0000000000  -0.0067647868  0.2649899772  0.0000000000  1.0000000000  
-0.0230227604  0.0000000000  -0.0230227604  0.3031098172  0.0000000000  1.0000000000  
-0.0378598494  0.0000000000  -0.0378598494  0.3426106463  0.0000000000  1.0000000000  
-0.0513418690  0.0000000000  -0.0513418690  0.3831211163  0.0000000000  1.0000000000  
-0.0635354805  0.0000000000  -0.0635354805  0.4242754378  0.0000000000  1.0000000000  
-0.0745073766  0.0000000000  -0.0745073766  0.4657216242  0.0000000000  1.0000000000  
-0.0843236184  0.0000000000  -0.0843236184  0.5071281197  0.0000000000  1.0000000000  
-0.0930491117  0.0000000000  -0.0930491117  0.5481888518  0.0000000000  1.0000000000  
-0.1007472033  0.0000000000  -0.1007472033  0.5886268070  0.0000000000  1.0000000000  
-0.1074793824  0.0000000000  -0.1074793824  0.6281962707  0.0000000000  1.0000000000  
-0.1133050717  0.0000000000  -0.1133050717  0.6666838935  0.0000000000  1.0000000000  
-0.1182814927  0.0000000000  -0.1182814927  0.7039087604  0.0000000000  1.0000000000  
-0.1224635929  0.0000000000  -0.1224635929  0.7397216393  0.0000000000  1.0000000000  
-0.1259040219  0.0000000000  -0.1259040219  0.7740035785  0.0000000000  1.0000000000  
-0.1286531451  0.0000000000  -0.1286531451  0.8066640117  0.0000000000  1.0000000000  
-0.1307590877  0.0000000000  -0.1307590877  0.8376385128  0.0000000000  1.0000000000  
-0.1322677974  0.0000000000  -0.1322677974  0.8668863279  0.0000000000  1.0000000000  
-0.1332231221  0.0000000000  -0.1332231221  0.8943877898  0.0000000000  1.0000000000  
-0.1336668944  0.0000000000  -0.1336668944  0.9201417067  0.0000000000  1.0000000000  
-0.1336390205  0.0000000000  -0.1336390205  0.9441627973  0.0000000000  1.0000000000  
-0.1331775674  0.0000000000  -0.1331775674  0.9664792286  0.0000000000  1.0000000000  
-0.1323188477  0.0000000000  -0.1323188477  0.9871302999  0.0000000000  1.0000000000  
-0.1310974992  0.0000000000  -0.1310974992  1.0061643023  0.0000000000  1.0000000000  
-0.1295465578  0.0000000000  -0.1295465578  1.0236365730  0.0000000000  1.0000000000  
-0.1276975236  0.0000000000  -0.1276975236  1.0396077548  0.0000000000  1.0000000000  
-0.1255804192  0.0000000000  -0.1255804192  1.0541422628  0.0000000000  1.0000000000  
-0.1232238410  0.0000000000  -0.1232238410  1.0673069544  0.0000000000  1.0000000000  
-0.1206550038  0.0000000000  -0.1206550038  1.0791699954  0.0000000000  1.0000000000  
-0.1178997786  0.0000000000  -0.1178997786  1.0897999089  0.0000000000  1.0000000000  
-0.1149827257  0.0000000000  -0.1149827257  1.0992647944  0.0000000000  1.0000000000  
-0.1119271227  0.0000000000  -0.1119271227  1.1076317001  0.0000000000  1.0000000000  
-0.1087549889  0.0000000000  -0.1087549889  1.1149661326  0.0000000000  1.0000000000  
-0.1054871075  0.0000000000  -0.1054871075  1.1213316870  0.0000000000  1.0000000000  
-0.1021430450  0.0000000000  -0.1021425651  1.1267893012  0.0000000000  1.0000000000  
-0.0987411707  0.0000000000  -0.0987280789  1.1313863866  0.0000000000  1.0000000000  
-0.0952986751  0.0000000000  -0.0952069369  1.1351256453  0.0000000000  1.0000000000  
-0.0918315891  0.0000000000  -0.0914676958  1.1379337060  0.0000000000  1.0000000000  
-0.0883548040  0.0000000000  -0.0873088696  1.1396457960  0.0000000000  1.0000000000  
-0.0848820933  0.0000000000  -0.0824424863  1.1400093172  0.0000000000  1.0000000000  
-0.0814261358  0.0000000000  -0.0765128761  1.1387026796  0.0000000000  1.0000000000  
-0.0779985411  0.0000000000  -0.0691248506  1.1353635409  0.0000000000  1.0000000000  
-0.0746098774  0.0000000000  -0.0598754930  1.1296206692  0.0000000000  1.0000000000  
-0.0712697009  0.0000000000  -0.0483848875  1.1211247471  0.0000000000  1.0000000000  
-0.0679865890  0.0000000000  -0.0343225422  1.1095748692  0.0000000000  1.0000000000  
-0.0647681739  0.0000000000  -0.0174276372  1.0947388611  0.0000000000  1.0000000000  
-0.0616211796  0.0000000000  0.0024776248  1.0764666928  0.0000000000  1.0000000000  
-0.0585650464  0.0000000000  0.0254678491  1.0546971178  0.0000000000  1.0000000000  
-0.0555898560  0.0000000000  0.0515560426  1.0294582399  0.0000000000  1.0000000000  
-0.0526999747  0.0000000000  0.0806545153  1.0008630453  0.0000000000  1.0000000000  
-0.0498990121  0.0000000000  0.1125983146  0.9691010785  0.0000000000  1.0000000000  
-0.0471898660  0.0000000000  0.1471562422  0.9344274405  0.0000000000  1.0000000000  
-0.0445747672  0.0000000000  0.1840434471  0.8971502031  0.0000000000  1.0000000000  
-0.0420553248  0.0000000000  0.2229346524  0.8576171807  0.0000000000  1.0000000000  
-0.0396325718  0.0000000000  0.2634772454  0.8162028338  0.0000000000  1.0000000000  
-0.0373070098  0.0000000000  0.3053036365  0.7732958975  0.0000000000  1.0000000000  
-0.0350786531  0.0000000000  0.3480424632  0.7292881620  0.0000000000  1.0000000000  
-0.0329470724  0.0000000000  0.3913283654  0.6845646780  0.0000000000  1.0000000000  
-0.0309114370  0.0000000000  0.4348101872  0.6394955351  0.0000000000  1.0000000000  
-0.0289705560  0.0000000000  0.4781575637  0.5944292543  0.0000000000  1.0000000000  
-0.0271229174  0.0000000000  0.5210659343  0.5496877553  0.0000000000  1.0000000000  
-0.0253667266  0.0000000000  0.5632600804  0.5055627997  0.0000000000  1.0000000000  
-0.0236999422  0.0000000000  0.6044963285  0.4623137723  0.0000000000  1.0000000000  
-0.0221203106  0.0000000000  0.6445635829  0.4201666354  0.0000000000  1.0000000000  
-0.0206253983  0.0000000000  0.6832833620  0.3793138819  0.0000000000  1.0000000000  
-0.0192126225  0.0000000000  0.7205090168  0.3399153118  0.0000000000  1.0000000000  
-0.0178792794  0.0000000000  0.7561242991  0.3020994608  0.0000000000  1.0000000000  
-0.0166225707  0.0000000000  0.7900414410  0.2659655236  0.0000000000  1.0000000000  
-0.0154260420  0.0000000000  0.8222124709  0.2315856298  0.0000000000  1.0000000000  
-0.0143017206  0.0000000000  0.8525846073  0.1990073449  0.0000000000  1.0000000000  
-0.0132465339  0.0000000000  0.8811412558  0.1682562900  0.0000000000  1.0000000000  
-0.0122574123  0.0000000000  0.9078842944  0.1393387896  0.0000000000  1.0000000000  
-0.0113313048  0.0000000000  0.9328314925  0.1122444752  0.0000000000  1.0000000000  
-0.0104651931  0.0000000000  0.9560140355  0.0869487865  0.0000000000  1.0000000000  
-0.0096561043  0.0000000000  0.9774741957  0.0634153285  0.0000000000  1.0000000000  
-0.0089011212  0.0000000000  0.9972631811  0.0415980533  0.0000000000  1.0000000000  
-0.0081973922  0.0000000000  1.0154391808  0.0214432479  0.0000000000  1.0000000000  
-0.0075421389  0.0000000000  1.0320656159  0.0028913174  0.0000000000  1.0000000000  
-0.0069326629  0.0000000000  1.0472095999  -0.0141216392  0.0000000000  1.0000000000  
-0.0063663513  0.0000000000  1.0609406031  -0.0296624572  0.0000000000  1.0000000000  
-0.0058406812  0.0000000000  1.0733293141  -0.0437997301  0.0000000000  1.0000000000  
-0.0053532228  0.0000000000  1.0844466860  -0.0566028176  0.0000000000  1.0000000000  
-0.0049016421  0.0000000000  1.0943631523  -0.0681410252  0.0000000000  1.0000000000  
-0.0044837020  0.0000000000  1.1031479980  -0.0784829372  0.0000000000  1.0000000000  
-0.0040972639  0.0000000000  1.1108688686  -0.0876958889  0.0000000000  1.0000000000  
-0.0037402872  0.0000000000  1.1175913998  -0.0958455613  0.0000000000  1.0000000000  
-0.0034108289  0.0000000000  1.1233784724  -0.1029956804  0.0000000000  1.0000000000  
-0.0031070427  0.0000000000  1.1282793439  -0.1092078077  0.0000000000  1.0000000000  
-0.0028271779  0.0000000000  1.1322984674  -0.1145412055  0.0000000000  1.0000000000  
-0.0025695768  0.0000000000  1.1353641292  -0.1190527641  0.0000000000  1.0000000000  
-0.0023326730  0.0000000000  1.1373131229  -0.1227969791  0.0000000000  1.0000000000  
-0.0021149889  0.0000000000  1.1378943283  -0.1258259672  0.0000000000  1.0000000000  
-0.0019151327  0.0000000000  1.1367875469  -0.1281895109  0.0000000000  1.0000000000  
-0.0017317957  0.0000000000  1.1336317452  -0.1299351244  0.0000000000  1.0000000000  
-0.0015637491  0.0000000000  1.1280569200  -0.1311081331  0.0000000000  1.0000000000  
-0.0014098412  0.0000000000  1.1197149059  -0.1317517617  0.0000000000  1.0000000000  
-0.0012689935  0.0000000000  1.1083058758  -0.1319072248  0.0000000000  1.0000000000  
-0.0011401980  0.0000000000  1.0935986631  -0.1316138183  0.0000000000  1.0000000000  
-0.0010225137  0.0000000000  1.0754441791  -0.1309090065  0.0000000000  1.0000000000  
-0.0009150634  0.0000000000  1.0537820545  -0.1298285057  0.0000000000  1.0000000000  
-0.0008170300  0.0000000000  1.0286412098  -0.1284063598  0.0000000000  1.0000000000  
-0.0007276540  0.0000000000  1.0001353913  -0.1266750099  0.0000000000  1.0000000000  
-0.0006462299  0.0000000000  0.9684548485  -0.1246653559  0.0000000000  1.0000000000  
-0.0005721032  0.0000000000  0.9338553373  -0.1224068110  0.0000000000  1.0000000000  
-0.0005046673  0.0000000000  0.8966455358  -0.1199273497  0.0000000000  1.0000000000  
-0.0004433610  0.0000000000  0.8571738197  -0.1172535486  0.0000000000  1.0000000000  
-0.0003876653  0.0000000000  0.8158151685  -0.1144106225  0.0000000000  1.0000000000  
-0.0003371009  0.0000000000  0.7729587966  -0.1114224554  0.0000000000  1.0000000000  
-0.0002912258  0.0000000000  0.7289969362  -0.1083116279  0.0000000000  1.0000000000  
-0.0002496324  0.0000000000  0.6843150456  -0.1050994422  0.0000000000  1.0000000000  
-0.0002119457  0.0000000000  0.6392835895  -0.1018059440  0.0000000000  1.0000000000  
-0.0001778205  0.0000000000  0.5942514339  -0.0984499449  0.0000004799  1.0000000000  
-0.0001469398  0.0000000000  0.5495408155  -0.0950490427  0.0000130918  1.0000000000  
-0.0001190127  0.0000000000  0.5054437870  -0.0916196434  0.0000917382  1.0000000000  
-0.0000937721  0.0000000000  0.4622200002  -0.0881769835  0.0003638933  1.0000000000  
-0.0000709736  0.0000000000  0.4200956618  -0.0847351535  0.0010459344  1.0000000000  
-0.0000503932  0.0000000000  0.3792634887  -0.0813071232  0.0024396071  1.0000000000  
-0.0000318262  0.0000000000  0.3398834856  -0.0779047690  0.0049132597  1.0000000000  
-0.0000150855  0.0000000000  0.3020843753  -0.0745389038  0.0088736905  1.0000000000  
0.0000000000  0.0000000000  0.2659655236  -0.0712193077  0.0147343844  1.0000000000  
0.0000000000  0.0000000000  0.2315856298  -0.0679547628  0.0228848134  1.0000000000  
0.0000000000  0.0000000000  0.1990073449  -0.0647530884  0.0336640468  1.0000000000  
0.0000000000  0.0000000000  0.1682562900  -0.0616211796  0.0473405367  1.0000000000  
0.0000000000  0.0000000000  0.1393387896  -0.0585650464  0.0640988044  1.0000000000  
0.0000000000  0.0000000000  0.1122444752  -0.0555898560  0.0840328956  1.0000000000  
0.0000000000  0.0000000000  0.0869487865  -0.0526999747  0.1071458986  1.0000000000  
0.0000000000  0.0000000000  0.0634153285  -0.0498990121  0.1333544899  1.0000000000  
0.0000000000  0.0000000000  0.0415980533  -0.0471898660  0.1624973267  1.0000000000  
0.0000000000  0.0000000000  0.0214432479  -0.0445747672  0.1943461083  1.0000000000  
0.0000000000  0.0000000000  0.0028913174  -0.0420553248  0.2286182143  1.0000000000  
0.0000000000  0.0000000000  -0.0141216392  -0.0396325718  0.2649899772  1.0000000000  
0.0000000000  0.0000000000  -0.0296624572  -0.0373070098  0.3031098172  1.0000000000  
0.0000000000  0.0000000000  -0.0437997301  -0.0350786531  0.3426106463  1.0000000000  
0.0000000000  0.0000000000  -0.0566028176  -0.0329470724  0.3831211163  1.0000000000  
0.0000000000  0.0000000000  -0.0681410252  -0.0309114370  0.4242754378  1.0000000000  
0.0000000000  0.0000000000  -0.0784829372  -0.0289705560  0.4657216242  1.0000000000  
0.0000000000  0.0000000000  -0.0876958889  -0.0271229174  0.5071281197  1.0000000000  
0.0000000000  0.0000000000  -0.0958455613  -0.0253667266  0.5481888518  1.0000000000  
0.0000000000  0.0000000000  -0.1029956804  -0.0236999422  0.5886268070  1.0000000000  
0.0000000000  0.0000000000  -0.1092078077  -0.0221203106  0.6281962707  1.0000000000  
0.0000000000  0.0000000000  -0.1145412055  -0.0206253983  0.6666838935  1.0000000000  
0.0000000000  0.0000000000  -0.1190527641  -0.0192126225  0.7039087604  1.0000000000  
0.0000000000  0.0000000000  -0.1227969791  -0.0178792794  0.7397216393  1.0000000000  
0.0000000000  0.0000000000  -0.1258259672  -0.0166225707  0.7740035785  1.0000000000  
0.0000000000  0.0000000000  -0.1281895109  -0.0154260420  0.8066640117  1.0000000000  
0.0000000000  0.0000000000  -0.1299351244  -0.0143017206  0.8376385128  1.0000000000  
0.0000000000  0.0000000000  -0.1311081331  -0.0132465339  0.8668863279  1.0000000000  
0.0000000000  0.0000000000  -0.1317517617  -0.0122574123  0.8943877898  1.0000000000  
0.0000000000  0.0000000000  -0.1319072248  -0.0113313048  0.9201417067  1.0000000000  
0.0000000000  0.0000000000  -0.1316138183  -0.0104651931  0.9441627973  1.0000000000  
0.0000000000  0.0000000000  -0.1309090065  -0.0096561043  0.9664792286  1.0000000000  
0.0000000000  0.0000000000  -0.1298285057  -0.0089011212  0.9871302999  1.0000000000  
0.0000000000  0.0000000000  -0.1284063598  -0.0081973922  1.0061643023  1.0000000000  
0.0000000000  0.0000000000  -0.1266750099  -0.0075421389  1.0236365730  1.0000000000  
0.0000000000  0.0000000000  -0.1246653559  -0.0069326629  1.0396077548  1.0000000000  
0.0000000000  0.0000000000  -0.1224068110  -0.0063663513  1.0541422628  1.0000000000  
0.0000000000  0.0000000000  -0.1199273497  -0.0058406812  1.0673069544  1.0000000000  
0.0000000000  0.0000000000  -0.1172535486  -0.0053532228  1.0791699954  1.0000000000  
0.0000000000  0.0000000000  -0.1144106225  -0.0049016421  1.0897999089  1.0000000000  
0.0000000000  0.0000000000  -0.1114224554  -0.0044837020  1.0992647944  1.0000000000  
0.0000000000  0.0000000000  -0.1083116279  -0.0040972639  1.1076317001  1.0000000000  
0.0000000000  0.0000000000  -0.1050994422  -0.0037402872  1.1149661326  1.0000000000  
0.0000000000  0.0000000000  -0.1018054641  -0.0034108289  1.1213316870  1.0000000000  
0.0000000000  0.0000000000  -0.0984368531  -0.0031070427  1.1267893012  1.0000000000  
0.0000000000  0.0000000000  -0.0949573045  -0.0028271779  1.1313863866  1.0000000000  
0.0000000000  0.0000000000  -0.0912557501  -0.0025695768  1.1351256453  1.0000000000  
0.0000000000  0.0000000000  -0.0871310491  -0.0023326730  1.1379337060  1.0000000000  
0.0000000000  0.0000000000  -0.0822955465  -0.0021149889  1.1396457960  1.0000000000  
0.0000000000  0.0000000000  -0.0763938635  -0.0019151327  1.1400093172  1.0000000000  
0.0000000000  0.0000000000  -0.0690310785  -0.0017317957  1.1387026796  1.0000000000  
0.0000000000  0.0000000000  -0.0598045194  -0.0015637491  1.1353635409  1.0000000000  
0.0000000000  0.0000000000  -0.0483344943  -0.0014098412  1.1296206692  1.0000000000  
0.0000000000  0.0000000000  -0.0342907159  -0.0012689935  1.1211247471  1.0000000000  
0.0000000000  0.0000000000  -0.0174125517  -0.0011401980  1.1095748692  1.0000000000  
0.0000000000  0.0000000000  0.0024776248  -0.0010225137  1.0947388611  1.0000000000  
0.0000000000  0.0000000000  0.0254678491  -0.0009150634  1.0764666928  1.0000000000  
0.0000000000  0.0000000000  0.0515560426  -0.0008170300  1.0546971178  1.0000000000  
0.0000000000  0.0000000000  0.0806545153  -0.0007276540  1.0294582399  1.0000000000  
0.0000000000  0.0000000000  0.1125983146  -0.0006462299  1.0008630453  1.0000000000  
0.0000000000  0.0000000000  0.1471562422  -0.0005721032  0.9691010785  1.0000000000  
0.0000000000  0.0000000000  0.1840434471  -0.0005046673  0.9344274405  1.0000000000  
0.0000000000  0.0000000000  0.2229346524  -0.0004433610  0.8971502031  1.0000000000  
0.0000000000  0.0000000000  0.2634772454  -0.0003876653  0.8576171807  1.0000000000  
0.0000000000  0.0000000000  0.3053036365  -0.0003371009  0.8162028338  1.0000000000  
0.0000000000  0.0000000000  0.3480424632  -0.0002912258  0.7732958975  1.0000000000  
0.0000000000  0.0000000000  0.3913283654  -0.0002496324  0.7292881620  1.0000000000  
0.0000000000  0.0000000000  0.4348101872  -0.0002119457  0.6845646780  1.0000000000  
0.0000000000  0.0000000000  0.4781575637  -0.0001778205  0.6394955351  1.0000000000  
0.0000000000  0.0000000000  0.5210659343  -0.0001469398  0.5944292543  1.0000000000  
0.0000000000  0.0000000000  0.5632600804  -0.0001190127  0.5496877553  1.0000000000  
0.0000000000  0.0000000000  0.6044963285  -0.0000937721  0.5055627997  1.0000000000  
0.0000000000  0.0000000000  0.6445635829  -0.0000709736  0.4623137723  1.0000000000  
0.0000000000  0.0000000000  0.6832833620  -0.0000503932  0.4201666354  1.0000000000  
0.0000000000  0.0000000000  0.7205090168  -0.0000318262  0.3793138819  1.0000000000  
0.0000000000  0.0000000000  0.7561242991  -0.0000150855  0.3399153118  1.0000000000  
0.0000000000  0.0000000000  0.7900414410  0.0000000000  0.3020994608  1.0000000000  
0.0000000000  0.0000000000  0.8222124709  0.0000000000  0.2659655236  1.0000000000  
0.0000000000  0.0000000000  0.8525846073  0.0000000000  0.2315856298  1.0000000000  
0.0000000000  0.0000000000  0.8811412558  0.0000000000  0.1990073449  1.0000000000  
0.0000000000  0.0000000000  0.9078842944  0.0000000000  0.1682562900  1.0000000000  
0.0000000000  0.0000000000  0.9328314925  0.0000000000  0.1393387896  1.0000000000  
0.0000000000  0.0000000000  0.9560140355  0.0000000000  0.1122444752  1.0000000000  
0.0000000000  0.0000000000  0.9774741957  0.0000000000  0.0869487865  1.0000000000  
0.0000000000  0.0000000000  0.9972631811  0.0000000000  0.0634153285  1.0000000000  
0.0000000000  0.0000000000  1.0154391808  0.0000000000  0.0415980533  1.0000000000  
0.0000000000  0.0000000000  1.0320656159  0.0000000000  0.0214432479  1.0000000000  
0.0000000000  0.0000000000  1.0472095999  0.0000000000  0.0028913174  1.0000000000  
0.0000000000  0.0000000000  1.0609406031  0.0000000000  -0.0141216392  1.0000000000  
0.0000000000  0.0000000000  1.0733293141  0.0000000000  -0.0296624572  1.0000000000  
0.0000000000  0.0000000000  1.0844466860  0.0000000000  -0.0437997301  1.0000000000  
0.0000000000  0.0000000000  1.0943631523  0.0000000000  -0.0566028176  1.0000000000  
0.0000000000  0.0000000000  1.1031479980  0.0000000000  -0.0681410252  1.0000000000  
0.0000000000  0.0000000000  1.1108688686  0.0000000000  -0.0784829372  1.0000000000  
0.0000000000  0.0000000000  1.1175913998  0.0000000000  -0.0876958889  1.0000000000  
0.0000000000  0.0000000000  1.1233784724  0.0000000000  -0.0958455613  1.0000000000  
0.0000000000  0.0000000000  1.1282793439  0.0000000000  -0.1029956804  1.0000000000  
0.0000000000  0.0000000000  1.1322984674  0.0000000000  -0.1092078077  1.0000000000  
0.0000000000  0.0000000000  1.1353641292  0.0000000000  -0.1145412055  1.0000000000  
0.0000000000  0.0000000000  1.1373131229  0.0000000000  -0.1190527641  1.0000000000  
0.0000000000  0.0000000000  1.1378943283  0.0000000000  -0.1227969791  1.0000000000  
0.0000000000  0.0000000000  1.1367875469  0.0000000000  -0.1258259672  1.0000000000  
0.0000000000  0.0000000000  1.1336317452  0.0000000000  -0.1281895109  1.0000000000  
0.0000000000  0.0000000000  1.1280569200  0.0000000000  -0.1299351244  1.0000000000  
0.0000000000  0.0000000000  1.1197149059  0.0000000000  -0.1311081331  1.0000000000  
0.0000000000  0.0000000000  1.1083058758  0.0000000000  -0.1317517617  1.0000000000  
0.0000000000  0.0000000000  1.0935986631  0.0000000000  -0.1319072248  1.0000000000  
0.0000000000  0.0000000000  1.0754441791  0.0000000000  -0.1316138183  1.0000000000  
0.0000000000  0.0000000000  1.0537820545  0.0000000000  -0.1309090065  1.0000000000  
0.0000000000  0.0000000000  1.0286412098  0.0000000000  -0.1298285057  1.0000000000  
0.0000000000  0.0000000000  1.0001353913  0.0000000000  -0.1284063598  1.0000000000  
0.0000000000  0.0000000000  0.9684548485  0.0000000000  -0.1266750099  1.0000000000  
0.0000000000  0.0000000000  0.9338553373  0.0000000000  -0.1246653559  1.0000000000  
0.0000000000  0.0000000000  0.8966455358  0.0000000000  -0.1224068110  1.0000000000  
0.0000000000  0.0000000000  0.8571738197  0.0000000000  -0.1199273497  1.0000000000  
0.0000000000  0.0000004799  0.8158151685  0.0000000000  -0.1172535486  1.0000000000  
0.0000000000  0.0000130918  0.7729587966  0.0000000000  -0.1144106225  1.0000000000  
0.0000000000  0.0000917382  0.7289969362  0.0000000000  -0.1114224554  1.0000000000  
0.0000000000  0.0003638933  0.6843150456  0.0000000000  -0.1083116279  1.0000000000  
0.0000000000  0.0010459344  0.6392835895  0.0000000000  -0.1050994422  1.0000000000  
0.0000000000  0.0024396071  0.5942514339  0.0000004799  -0.1018059440  1.0000000000  
0.0000000000  0.0049132597  0.5495408155  0.0000130918  -0.0984499449  1.0000000000  
0.0000000000  0.0088736905  0.5054437870  0.0000917382  -0.0950490427  1.0000000000  
0.0000000000  0.0147343844  0.4622200002  0.0003638933  -0.0916196434  1.0000000000  
0.0000000000  0.0228848134  0.4200956618  0.0010459344  -0.0881769835  1.0000000000  
0.0000000000  0.0336640468  0.3792634887  0.0024396071  -0.0847351535  1.0000000000  
0.0000000000  0.0473405367  0.3398834856  0.0049132597  -0.0813071232  1.0000000000  
0.0000000000  0.0640988044  0.3020843753  0.0088736905  -0.0779047690  1.0000000000  
0.0000000000  0.0840328956  0.2659655236  0.0147343844  -0.0745389038  1.0000000000  
0.0000000000  0.1071458986  0.2315856298  0.0228848134  -0.0712193077  1.0000000000  
0.0000000000  0.1333544899  0.1990073449  0.0336640468  -0.0679547628  1.0000000000  
0.0000000000  0.1624973267  0.1682562900  0.0473405367  -0.0647530884  1.0000000000  
0.0000000000  0.1943461083  0.1393387896  0.0640988044  -0.0616211796  1.0000000000  
0.0000000000  0.2286182143  0.1122444752  0.0840328956  -0.0585650464  1.0000000000  
0.0000000000  0.2649899772  0.0869487865  0.1071458986  -0.0555898560  1.0000000000  
0.0000000000  0.3031098172  0.0634153285  0.1333544899  -0.0526999747  1.0000000000  
0.0000000000  0.3426106463  0.0415980533  0.1624973267  -0.0498990121  1.0000000000  
0.0000000000  0.3831211163  0.0214432479  0.1943461083  -0.0471898660  1.0000000000  
0.0000000000  0.4242754378  0.0028913174  0.2286182143  -0.0445747672  1.0000000000  
0.0000000000  0.4657216242  -0.0141216392  0.2649899772  -0.0420553248  1.0000000000  
0.0000000000  0.5071281197  -0.0296624572  0.3031098172  -0.0396325718  1.0000000000  
0.0000000000  0.5481888518  -0.0437997301  0.3426106463  -0.0373070098  1.0000000000  
0.0000000000  0.5886268070  -0.0566028176  0.3831211163  -0.0350786531  1.0000000000  
0.0000000000  0.6281962707  -0.0681410252  0.4242754378  -0.0329470724  1.0000000000  
0.0000000000  0.6666838935  -0.0784829372  0.4657216242  -0.0309114370  1.0000000000  
0.0000000000  0.7039087604  -0.0876958889  0.5071281197  -0.0289705560  1.0000000000  
0.0000000000  0.7397216393  -0.0958455613  0.5481888518  -0.0271229174  1.0000000000  
0.0000000000  0.7740035785  -0.1029956804  0.5886268070  -0.0253667266  1.0000000000  
0.0000000000  0.8066640117  -0.1092078077  0.6281962707  -0.0236999422  1.0000000000  
0.0000000000  0.8376385128  -0.1145412055  0.6666838935  -0.0221203106  1.0000000000  
0.0000000000  0.8668863279  -0.1190527641  0.7039087604  -0.0206253983  1.0000000000  
0.0000000000  0.8943877898  -0.1227969791  0.7397216393  -0.0192126225  1.0000000000  
0.0000000000  0.9201417067  -0.1258259672  0.7740035785  -0.0178792794  1.0000000000  
0.0000000000  0.9441627973  -0.1281895109  0.8066640117  -0.0166225707  1.0000000000  
0.0000000000  0.9664792286  -0.1299351244  0.8376385128  -0.0154260420  1.0000000000  
0.0000000000  0.9871302999  -0.1311081331  0.8668863279  -0.0143017206  1.0000000000  
0.0000000000  1.0061643023  -0.1317517617  0.8943877898  -0.0132465339  1.0000000000  
0.0000000000  1.0236365730  -0.1319072248  0.9201417067  -0.0122574123  1.0000000000  
0.0000000000  1.0396077548  -0.1316138183  0.9441627973  -0.0113313048  1.0000000000  
0.0000000000  1.0541422628  -0.1309090065  0.9664792286  -0.0104651931  1.0000000000  
0.0000000000  1.0673069544  -0.1298285057  0.9871302999  -0.0096561043  1.0000000000  
0.0000000000  1.0791699954  -0.1284063598  1.0061643023  -0.0089011212  1.0000000000  
0.0000000000  1.0897999089  -0.1266750099  1.0236365730  -0.0081973922  1.0000000000  
0.0000000000  1.0992647944  -0.1246653559  1.0396077548  -0.0075421389  1.0000000000  
0.0000000000  1.1076317001  -0.1224068110  1.0541422628  -0.0069326629  1.0000000000  
0.0000000000  1.1149661326  -0.1199273497  1.0673069544  -0.0063663513  1.0000000000  
0.0000000000  1.1213316870  -0.1172535486  1.0791699954  -0.0058406812  1.0000000000  
0.0000000000  1.1267893012  -0.1144106225  1.0897999089  -0.0053532228  1.0000000000  
0.0000000000  1.1313863866  -0.1114224554  1.0992647944  -0.0049016421  1.0000000000  
0.0000000000  1.1351256453  -0.1083116279  1.1076317001  -0.0044837020  1.0000000000  
0.0000000000  1.1379337060  -0.1050994422  1.1149661326  -0.0040972639  1.0000000000  
0.0000000000  1.1396457960  -0.1018054641  1.1213316870  -0.0037402872  1.0000000000  
0.0000000000  1.1400093172  -0.0984368531  1.1267893012  -0.0034108289  1.0000000000  
0.0000000000  1.1387026796  -0.0949573045  1.1313863866  -0.0031070427  1.0000000000  
0.0000000000  1.1353635409  -0.0912557501  1.1351256453  -0.0028271779  1.0000000000  
0.0000000000  1.1296206692  -0.0871310491  1.1379337060  -0.0025695768  1.0000000000  
0.0000000000  1.1211247471  -0.0822955465  1.1396457960  -0.0023326730  1.0000000000  
0.0000000000  1.1095748692  -0.0763938635  1.1400093172  -0.0021149889  1.0000000000  
0.0000000000  1.0947388611  -0.0690310785  1.1387026796  -0.0019151327  1.0000000000  
0.0000000000  1.0764666928  -0.0598045194  1.1353635409  -0.0017317957  1.0000000000  
0.0000000000  1.0546971178  -0.0483344943  1.1296206692  -0.0015637491  1.0000000000  
0.0000000000  1.0294582399  -0.0342907159  1.1211247471  -0.0014098412  1.0000000000  
0.0000000000  1.0008630453  -0.0174125517  1.1095748692  -0.0012689935  1.0000000000  
0.0000000000  0.9691010785  0.0024776248  1.0947388611  -0.0011401980  1.0000000000  
0.0000000000  0.9344274405  0.0254678491  1.0764666928  -0.0010225137  1.0000000000  
0.0000000000  0.8971502031  0.0515560426  1.0546971178  -0.0009150634  1.0000000000  
0.0000000000  0.8576171807  0.0806545153  1.0294582399  -0.0008170300  1.0000000000  
0.0000000000  0.8162028338  0.1125983146  1.0008630453  -0.0007276540  1.0000000000  
0.0000000000  0.7732958975  0.1471562422  0.9691010785  -0.0006462299  1.0000000000  
0.0000000000  0.7292881620  0.1840434471  0.9344274405  -0.0005721032  1.0000000000  
0.0000000000  0.6845646780  0.2229346524  0.8971502031  -0.0005046673  1.0000000000  
0.0000000000  0.6394955351  0.2634772454  0.8576171807  -0.0004433610  1.0000000000  
0.0000000000  0.5944292543  0.3053036365  0.8162028338  -0.0003876653  1.0000000000  
0.0000000000  0.5496877553  0.3480424632  0.7732958975  -0.0003371009  1.0000000000  
0.0000000000  0.5055627997  0.3913283654  0.7292881620  -0.0002912258  1.0000000000  
0.0000000000  0.4623137723  0.4348101872  0.6845646780  -0.0002496324  1.0000000000  
0.0000000000  0.4201666354  0.4781575637  0.6394955351  -0.0002119457  1.0000000000  
0.0000000000  0.3793138819  0.5210659343  0.5944292543  -0.0001778205  1.0000000000  
0.0000000000  0.3399153118  0.5632600804  0.5496877553  -0.0001469398  1.0000000000  
0.0000000000  0.3020994608  0.6044963285  0.5055627997  -0.0001190127  1.0000000000  
0.0000000000  0.2659655236  0.6445635829  0.4623137723  -0.0000937721  1.0000000000  
0.0000000000  0.2315856298  0.6832833620  0.4201666354  -0.0000709736  1.0000000000  
0.0000000000  0.1990073449  0.7205090168  0.3793138819  -0.0000503932  1.0000000000  
0.0000000000  0.1682562900  0.7561242991  0.3399153118  -0.0000318262  1.0000000000  
0.0000000000  0.1393387896  0.7900414410  0.3020994608  -0.0000150855  1.0000000000  
0.0000000000  0.1122444752  0.8222124709  0.2659655236  0.0000000000  1.0000000000  
0.0000000000  0.0869487865  0.8525846073  0.2315856298  0.0000000000  1.0000000000  
0.0000000000  0.0634153285  0.8811412558  0.1990073449  0.0000000000  1.0000000000  
0.0000000000  0.0415980533  0.9078842944  0.1682562900  0.0000000000  1.0000000000  
0.0000000000  0.0214432479  0.9328314925  0.1393387896  0.0000000000  1.0000000000  
0.0000000000  0.0028913174  0.9560140355  0.1122444752  0.0000000000  1.0000000000  
0.0000000000  -0.0141216392  0.9774741957  0.0869487865  0.0000000000  1.0000000000  
0.0000000000  -0.0296624572  0.9972631811  0.0634153285  0.0000000000  1.0000000000  
0.0000000000  -0.0437997301  1.0154391808  0.0415980533  0.0000000000  1.0000000000  
0.0000000000  -0.0566028176  1.0320656159  0.0214432479  0.0000000000  1.0000000000  
0.0000000000  -0.0681410252  1.0472095999  0.0028913174  0.0000000000  1.0000000000  
0.0000000000  -0.0784829372  1.0609406031  -0.0141216392  0.0000000000  1.0000000000  
0.0000000000  -0.0876958889  1.0733293141  -0.0296624572  0.0000000000  1.0000000000  
0.0000000000  -0.0958455613  1.0844466860  -0.0437997301  0.0000000000  1.0000000000  
0.0000000000  -0.1029956804  1.0943631523  -0.0566028176  0.0000000000  1.0000000000  
0.0000000000  -0.1092078077  1.1031479980  -0.0681410252  0.0000000000  1.0000000000  
0.0000000000  -0.1145412055  1.1108688686  -0.0784829372  0.0000000000  1.0000000000  
0.0000000000  -0.1190527641  1.1175913998  -0.0876958889  0.0000000000  1.0000000000  
0.0000000000  -0.1227969791  1.1233784724  -0.0958455613  0.0000000000  1.0000000000  
0.0000000000  -0.1258259672  1.1282793439  -0.1029956804  0.0000000000  1.0000000000  
0.0000000000  -0.1281895109  1.1322984674  -0.1092078077  0.0000000000  1.0000000000  
0.0000000000  -0.1299351244  1.1353641292  -0.1145412055  0.0000000000  1.0000000000  
0.0000000000  -0.1311081331  1.1373131229  -0.1190527641  0.0000000000  1.0000000000  
0.0000000000  -0.1317517617  1.1378943283  -0.1227969791  0.0000000000  1.0000000000  
0.0000000000  -0.1319072248  1.1367875469  -0.1258259672  0.0000000000  1.0000000000  
0.0000000000  -0.1316138183  1.1336317452  -0.1281895109  0.0000000000  1.0000000000  
0.0000000000  -0.1309090065  1.1280569200  -0.1299351244  0.0000000000  1.0000000000  
0.0000000000  -0.1298285057  1.1197149059  -0.1311081331  0.0000000000  1.0000000000  
0.0000000000  -0.1284063598  1.1083058758  -0.1317517617  0.0000000000  1.0000000000  
0.0000000000  -0.1266750099  1.0935986631  -0.1319072248  0.0000000000  1.0000000000  
0.0000000000  -0.1246653559  1.0754441791  -0.1316138183  0.0000000000  1.0000000000  
0.0000000000  -0.1224068110  1.0537820545  -0.1309090065  0.0000000000  1.0000000000  
0.0000000000  -0.1199273497  1.0286412098  -0.1298285057  0.0000000000  1.0000000000  
0.0000000000  -0.1172535486  1.0001353913  -0.1284063598  0.0000000000  1.0000000000  
0.0000000000  -0.1144106225  0.9684548485  -0.1266750099  0.0000000000  1.0000000000  
0.0000000000  -0.1114224554  0.9338553373  -0.1246653559  0.0000000000  1.0000000000  
0.0000000000  -0.1083116279  0.8966455358  -0.1224068110  0.0000000000  1.0000000000  
0.0000000000  -0.1050994422  0.8571738197  -0.1199273497  0.0000000000  1.0000000000  
0.0000000000  -0.1018059440  0.8158151685  -0.1172535486  0.0000000000  1.0000000000  
0.0000000000  -0.0984499449  0.7729587966  -0.1144106225  0.0000000000  1.0000000000  
0.0000000000  -0.0950490427  0.7289969362  -0.1114224554  0.0000000000  1.0000000000  
0.0000000000  -0.0916196434  0.6843150456  -0.1083116279  0.0000000000  1.0000000000  
0.0000000000  -0.0881769835  0.6392835895  -0.1050994422  0.0000004799  1.0000000000  
0.0000000000  -0.0847351535  0.5942514339  -0.1018059440  0.0000130918  1.0000000000  
0.0000000000  -0.0813071232  0.5495408155  -0.0984499449  0.0000917382  1.0000000000  
0.0000000000  -0.0779047690  0.5054437870  -0.0950490427  0.0003638933  1.0000000000  
0.0000000000  -0.0745389038  0.4622200002  -0.0916196434  0.0010459344  1.0000000000  
0.0000000000  -0.0712193077  0.4200956618  -0.0881769835  0.0024396071  1.0000000000  
0.0000000000  -0.0679547628  0.3792634887  -0.0847351535  0.0049132597  1.0000000000  
0.0000000000  -0.0647530884  0.3398834856  -0.0813071232  0.0088736905  1.0000000000  
0.0000000000  -0.0616211796  0.3020843753  -0.0779047690  0.0147343844  1.0000000000  
0.0000000000  -0.0585650464  0.2659655236  -0.0745389038  0.0228848134  1.0000000000  
0.0000000000  -0.0555898560  0.2315856298  -0.0712193077  0.0336640468  1.0000000000  
0.0000000000  -0.0526999747  0.1990073449  -0.0679547628  0.0473405367  1.0000000000  
0.0000000000  -0.0498990121  0.1682562900  -0.0647530884  0.0640988044  1.0000000000  
0.0000000000  -0.0471898660  0.1393387896  -0.0616211796  0.0840328956  1.0000000000  
0.0000000000  -0.0445747672  0.1122444752  -0.0585650464  0.1071458986  1.0000000000  
0.0000000000  -0.0420553248  0.0869487865  -0.0555898560  0.1333544899  1.0000000000  
0.0000000000  -0.0396325718  0.0634153285  -0.0526999747  0.1624973267  1.0000000000  
0.0000000000  -0.0373070098  0.0415980533  -0.0498990121  0.1943461083  1.0000000000  
0.0000000000  -0.0350786531  0.0214432479  -0.0471898660  0.2286182143  1.0000000000  
0.0000000000  -0.0329470724  0.0028913174  -0.0445747672  0.2649899772  1.0000000000  
0.0000000000  -0.0309114370  -0.0141216392  -0.0420553248  0.3031098172  1.0000000000  
0.0000000000  -0.0289705560  -0.0296624572  -0.0396325718  0.3426106463  1.0000000000  
0.0000000000  -0.0271229174  -0.0437997301  -0.0373070098  0.3831211163  1.0000000000  
0.0000000000  -0.0253667266  -0.0566028176  -0.0350786531  0.4242754378  1.0000000000  
0.0000000000  -0.0236999422  -0.0681410252  -0.0329470724  0.4657216242  1.0000000000  
0.0000000000  -0.0221203106  -0.0784829372  -0.0309114370  0.5071281197  1.0000000000  
0.0000000000  -0.0206253983  -0.0876958889  -0.0289705560  0.5481888518  1.0000000000  
0.0000000000  -0.0192126225  -0.0958455613  -0.0271229174  0.5886268070  1.0000000000  
0.0000000000  -0.0178792794  -0.1029956804  -0.0253667266  0.6281962707  1.0000000000  
0.0000000000  -0.0166225707  -0.1092078077  -0.0236999422  0.6666838935  1.0000000000  
0.0000000000  -0.0154260420  -0.1145412055  -0.0221203106  0.7039087604  1.0000000000  
0.0000000000  -0.0143017206  -0.1190527641  -0.0206253983  0.7397216393  1.0000000000  
0.0000000000  -0.0132465339  -0.1227969791  -0.0192126225  0.7740035785  1.0000000000  
0.0000000000  -0.0122574123  -0.1258259672  -0.0178792794  0.8066640117  1.0000000000  
0.0000000000  -0.0113313048  -0.1281895109  -0.0166225707  0.8376385128  1.0000000000  
0.0000000000  -0.0104651931  -0.1299351244  -0.0154260420  0.8668863279  1.0000000000  
0.0000000000  -0.0096561043  -0.1311081331  -0.0143017206  0.8943877898  1.0000000000  
0.0000000000  -0.0089011212  -0.1317517617  -0.0132465339  0.9201417067  1.0000000000  
0.0000000000  -0.0081973922  -0.1319072248  -0.0122574123  0.9441627973  1.0000000000  
0.0000000000  -0.0075421389  -0.1316138183  -0.0113313048  0.9664792286  1.0000000000  
0.0000000000  -0.0069326629  -0.1309090065  -0.0104651931  0.9871302999  1.0000000000  
0.0000000000  -0.0063663513  -0.1298285057  -0.0096561043  1.0061643023  1.0000000000  
0.0000000000  -0.0058406812  -0.1284063598  -0.0089011212  1.0236365730  1.0000000000  
0.0000000000  -0.0053532228  -0.1266750099  -0.0081973922  1.0396077548  1.0000000000  
0.0000000000  -0.0049016421  -0.1246653559  -0.0075421389  1.0541422628  1.0000000000  
0.0000000000  -0.0044837020  -0.1224068110  -0.0069326629  1.0673069544  1.0000000000  
0.0000000000  -0.0040972639  -0.1199273497  -0.0063663513  1.0791699954  1.0000000000  
0.0000000000  -0.0037402872  -0.1172535486  -0.0058406812  1.0897999089  1.0000000000  
0.0000000000  -0.0034108289  -0.1144106225  -0.0053532228  1.0992647944  1.0000000000  
0.0000000000  -0.0031070427  -0.1114224554  -0.0049016421  1.1076317001  1.0000000000  
0.0000000000  -0.0028271779  -0.1083116279  -0.0044837020  1.1149661326  1.0000000000  
0.0000000000  -0.0025695768  -0.1050994422  -0.0040972639  1.1213316870  1.0000000000  
0.0000000000  -0.0023326730  -0.1018054641  -0.0037402872  1.1267893012  1.0000000000  
0.0000000000  -0.0021149889  -0.0984368531  -0.0034108289  1.1313863866  1.0000000000  
0.0000000000  -0.0019151327  -0.0949573045  -0.0031070427  1.1351256453  1.0000000000  
0.0000000000  -0.0017317957  -0.0912557501  -0.0028271779  1.1379337060  1.0000000000  
0.0000000000  -0.0015637491  -0.0871310491  -0.0025695768  1.1396457960  1.0000000000  
0.0000000000  -0.0014098412  -0.0822955465  -0.0023326730  1.1400093172  1.0000000000  
0.0000000000  -0.0012689935  -0.0763938635  -0.0021149889  1.1387026796  1.0000000000  
0.0000000000  -0.0011401980  -0.0690310785  -0.0019151327  1.1353635409  1.0000000000  
0.0000000000  -0.0010225137  -0.0598045194  -0.0017317957  1.1296206692  1.0000000000  
0.0000000000  -0.0009150634  -0.0483344943  -0.0015637491  1.1211247471  1.0000000000  
0.0000000000  -0.0008170300  -0.0342907159  -0.0014098412  1.1095748692  1.0000000000  
0.0000000000  -0.0007276540  -0.0174125517  -0.0012689935  1.0947388611  1.0000000000  
0.0000000000  -0.0006462299  0.0024776248  -0.0011401980  1.0764666928  1.0000000000  
0.0000000000  -0.0005721032  0.0254678491  -0.0010225137  1.0546971178  1.0000000000  
0.0000000000  -0.0005046673  0.0515560426  -0.0009150634  1.0294582399  1.0000000000  
0.0000000000  -0.0004433610  0.0806545153  -0.0008170300  1.0008630453  1.0000000000  
0.0000000000  -0.0003876653  0.1125983146  -0.0007276540  0.9691010785  1.0000000000  
0.0000000000  -0.0003371009  0.1471562422  -0.0006462299  0.9344274405  1.0000000000  
0.0000000000  -0.0002912258  0.1840434471  -0.0005721032  0.8971502031  1.0000000000  
0.0000000000  -0.0002496324  0.2229346524  -0.0005046673  0.8576171807  1.0000000000  
0.0000000000  -0.0002119457  0.2634772454  -0.0004433610  0.8162028338  1.0000000000  
0.0000000000  -0.0001778205  0.3053036365  -0.0003876653  0.7732958975  1.0000000000  
0.0000000000  -0.0001469398  0.3480424632  -0.0003371009  0.7292881620  1.0000000000  
0.0000000000  -0.0001190127  0.3913283654  -0.0002912258  0.6845646780  1.0000000000  
0.0000000000  -0.0000937721  0.4348101872  -0.0002496324  0.6394955351  1.0000000000  
0.0000000000  -0.0000709736  0.4781575637  -0.0002119457  0.5944292543  1.0000000000  
0.0000000000  -0.0000503932  0.5210659343  -0.0001778205  0.5496877553  1.0000000000  
0.0000000000  -0.0000318262  0.5632600804  -0.0001469398  0.5055627997  1.0000000000  
0.0000000000  -0.0000150855  0.6044963285  -0.0001190127  0.4623137723  1.0000000000  
0.0000000000  0.0000000000  0.6445635829  -0.0000937721  0.4201666354  1.0000000000  
0.0000000000  0.0000000000  0.6832833620  -0.0000709736  0.3793138819  1.0000000000  
0.0000000000  0.0000000000  0.7205090168  -0.0000503932  0.3399153118  1.0000000000  
0.0000000000  0.0000000000  0.7561242991  -0.0000318262  0.3020994608  1.0000000000  
0.0000000000  0.0000000000  0.7900414410  -0.0000150855  0.2659655236  1.0000000000  
0.0000000000  0.0000000000  0.8222124709  0.0000000000  0.2315856298  1.0000000000  
0.0000000000  0.0000000000  0.8525846073  0.0000000000  0.1990073449  1.0000000000  
0.0000000000  0.0000000000  0.8811412558  0.0000000000  0.1682562900  1.0000000000  
0.0000000000  0.0000000000  0.9078842944  0.0000000000  0.1393387896  1.0000000000  
0.0000000000  0.0000000000  0.9328314925  0.0000000000  0.1122444752  1.0000000000  
0.0000000000  0.0000000000  0.9560140355  0.0000000000  0.0869487865  1.0000000000  
0.0000000000  0.0000000000  0.9774741957  0.0000000000  0.0634153285  1.0000000000  
0.0000000000  0.0000000000  0.9972631811  0.0000000000  0.0415980533  1.0000000000  
0.0000000000  0.0000000000  1.0154391808  0.0000000000  0.0214432479  1.0000000000  
0.0000000000  0.0000000000  1.0320656159  0.0000000000  0.0028913174  1.0000000000  
0.0000000000  0.0000000000  1.0472095999  0.0000000000  -0.0141216392  1.0000000000  
0.0000000000  0.0000000000  1.0609406031  0.0000000000  -0.0296624572  1.0000000000  
0.0000000000  0.0000000000  1.0733293141  0.0000000000  -0.0437997301  1.0000000000  
0.0000000000  0.0000000000  1.0844466860  0.0000000000  -0.0566028176  1.0000000000  
0.0000000000  0.0000000000  1.0943631523  0.0000000000  -0.0681410252  1.0000000000  
0.0000000000  0.0000000000  1.1031479980  0.0000000000  -0.0784829372  1.0000000000  
0.0000000000  0.0000000000  1.1108688686  0.0000000000  -0.0876958889  1.0000000000  
0.0000000000  0.0000000000  1.1175913998  0.0000000000  -0.0958455613  1.0000000000  
0.0000000000  0.0000000000  1.1233784724  0.0000000000  -0.1029956804  1.0000000000  
0.0000000000  0.0000000000  1.1282793439  0.0000000000  -0.1092078077  1.0000000000  
0.0000000000  0.0000000000  1.1322984674  0.0000000000  -0.1145412055  1.0000000000  
0.0000000000  0.0000000000  1.1353641292  0.0000000000  -0.1190527641  1.0000000000  
0.0000000000  0.0000000000  1.1373131229  0.0000000000  -0.1227969791  1.0000000000  
0.0000000000  0.0000000000  1.1378943283  0.0000000000  -0.1258259672  1.0000000000  
0.0000000000  0.0000000000  1.1367875469  0.0000000000  -0.1281895109  1.0000000000  
0.0000000000  0.0000000000  1.1336317452  0.0000000000  -0.1299351244  1.0000000000  
0.0000000000  0.0000000000  1.1280569200  0.0000000000  -0.1311081331  1.0000000000  
0.0000000000  0.0000000000  1.1197149059  0.0000000000  -0.1317517617  1.0000000000  
0.0000000000  0.0000000000  1.1083058758  0.0000000000  -0.1319072248  1.0000000000  
0.0000000000  0.0000000000  1.0935986631  0.0000000000  -0.1316138183  1.0000000000  
0.0000000000  0.0000000000  1.0754441791  0.0000000000  -0.1309090065  1.0000000000  
0.0000000000  0.0000000000  1.0537820545  0.0000000000  -0.1298285057  1.0000000000  
0.0000000000  0.0000000000  1.0286412098  0.0000000000  -0.1284063598  1.0000000000  
0.0000000000  0.0000000000  1.0001353913  0.0000000000  -0.1266750099  1.0000000000  
0.0000000000  0.0000000000  0.9684548485  0.0000000000  -0.1246653559  1.0000000000  
0.0000000000  0.0000000000  0.9338553373  0.0000000000  -0.1224068110  1.0000000000  
0.0000000000  0.0000000000  0.8966455358  0.0000000000  -0.1199273497  1.0000000000  
0.0000000000  0.0000004799  0.8571738197  0.0000000000  -0.1172535486  1.0000000000  
0.0000000000  0.0000130918  0.8158151685  0.0000000000  -0.1144106225  1.0000000000  
0.0000000000  0.0000917382  0.7729587966  0.0000000000  -0.1114224554  1.0000000000  
0.0000000000  0.0003638933  0.7289969362  0.0000000000  -0.1083116279  1.0000000000  
0.0000000000  0.0010459344  0.6843150456  0.0000000000  -0.1050994422  1.0000000000  
0.0000000000  0.0024396071  0.6392835895  0.0000004799  -0.1018059440  1.0000000000  
0.0000000000  0.0049132597  0.5942514339  0.0000130918  -0.0984499449  1.0000000000  
0.0000000000  0.0088736905  0.5495408155  0.0000917382  -0.0950490427  1.0000000000  
0.0000000000  0.0147343844  0.5054437870  0.0003638933  -0.0916196434  1.0000000000  
0.0000000000  0.0228848134  0.4622200002  0.0010459344  -0.0881769835  1.0000000000  
0.0000000000  0.0336640468  0.4200956618  0.0024396071  -0.0847351535  1.0000000000  
0.0000000000  0.0473405367  0.3792634887  0.0049132597  -0.0813071232  1.0000000000  
0.0000000000  0.0640988044  0.3398834856  0.0088736905  -0.0779047690  1.0000000000  
0.0000000000  0.0840328956  0.3020843753  0.0147343844  -0.0745389038  1.0000000000  
0.0000000000  0.1071458986  0.2659655236  0.0228848134  -0.0712193077  1.0000000000  
0.0000000000  0.1333544899  0.2315856298  0.0336640468  -0.0679547628  1.0000000000  
0.0000000000  0.1624973267  0.1990073449  0.0473405367  -0.0647530884  1.0000000000  
0.0000000000  0.1943461083  0.1682562900  0.0640988044  -0.0616211796  1.0000000000  
0.0000000000  0.2286182143  0.1393387896  0.0840328956  -0.0585650464  1.0000000000  
0.0000000000  0.2649899772  0.1122444752  0.1071458986  -0.0555898560  1.0000000000  
0.0000000000  0.3031098172  0.0869487865  0.1333544899  -0.0526999747  1.0000000000  
0.0000000000  0.3426106463  0.0634153285  0.1624973267  -0.0498990121  1.0000000000  
0.0000000000  0.3831211163  0.0415980533  0.1943461083  -0.0471898660  1.0000000000  
0.0000000000  0.4242754378  0.0214432479  0.2286182143  -0.0445747672  1.0000000000  
0.0000000000  0.4657216242  0.0028913174  0.2649899772  -0.0420553248  1.0000000000  
0.0000000000  0.5071281197  -0.0141216392  0.3031098172  -0.0396325718  1.0000000000  
0.0000000000  0.5481888518  -0.0296624572  0.3426106463  -0.0373070098  1.0000000000  
0.0000000000  0.5886268070  -0.0437997301  0.3831211163  -0.0350786531  1.0000000000  
0.0000000000  0.6281962707  -0.0566028176  0.4242754378  -0.0329470724  1.0000000000  
0.0000000000  0.6666838935  -0.0681410252  0.4657216242  -0.0309114370  1.0000000000  
0.0000000000  0.7039087604  -0.0784829372  0.5071281197  -0.0289705560  1.0000000000  
0.0000000000  0.7397216393  -0.0876958889  0.5481888518  -0.0271229174  1.0000000000  
0.0000000000  0.7740035785  -0.0958455613  0.5886268070  -0.0253667266  1.0000000000  
0.0000000000  0.8066640117  -0.1029956804  0.6281962707  -0.0236999422  1.0000000000  
0.0000000000  0.8376385128  -0.1092078077  0.6666838935  -0.0221203106  1.0000000000  
0.0000000000  0.8668863279  -0.1145412055  0.7039087604  -0.0206253983  1.0000000000  
0.0000000000  0.8943877898  -0.1190527641  0.7397216393  -0.0192126225  1.0000000000  
0.0000000000  0.9201417067  -0.1227969791  0.7740035785  -0.0178792794  1.0000000000  
0.0000000000  0.9441627973  -0.1258259672  0.8066640117  -0.0166225707  1.0000000000  
0.0000000000  0.9664792286  -0.1281895109  0.8376385128  -0.0154260420  1.0000000000  
0.0000000000  0.9871302999  -0.1299351244  0.8668863279  -0.0143017206  1.0000000000  
0.0000000000  1.0061643023  -0.1311081331  0.8943877898  -0.0132465339  1.0000000000  
0.0000000000  1.0236365730  -0.1317517617  0.9201417067  -0.0122574123  1.0000000000  
0.0000000000  1.0396077548  -0.1319072248  0.9441627973  -0.0113313048  1.0000000000  
0.0000000000  1.0541422628  -0.1316138183  0.9664792286  -0.0104651931  1.0000000000  
0.0000000000  1.0673069544  -0.1309090065  0.9871302999  -0.0096561043  1.0000000000  
0.0000000000  1.0791699954  -0.1298285057  1.0061643023  -0.0089011212  1.0000000000  
0.0000000000  1.0897999089  -0.1284063598  1.0236365730  -0.0081973922  1.0000000000  
0.0000000000  1.0992647944  -0.1266750099  1.0396077548  -0.0075421389  1.0000000000  
0.0000000000  1.1076317001  -0.1246653559  1.0541422628  -0.0069326629  1.0000000000  
0.0000000000  1.1149661326  -0.1224068110  1.0673069544  -0.0063663513  1.0000000000  
0.0000000000  1.1213316870  -0.1199273497  1.0791699954  -0.0058406812  1.0000000000  
0.0000000000  1.1267893012  -0.1172535486  1.0897999089  -0.0053532228  1.0000000000  
0.0000000000  1.1313863866  -0.1144106225  1.0992647944  -0.0049016421  1.0000000000  
0.0000000000  1.1351256453  -0.1114224554  1.1076317001  -0.0044837020  1.0000000000  
0.0000000000  1.1379337060  -0.1083116279  1.1149661326  -0.0040972639  1.0000000000  
0.0000000000  1.1396457960  -0.1050989622  1.1213316870  -0.0037402872  1.0000000000  
0.0000000000  1.1400093172  -0.1017928523  1.1267893012  -0.0034108289  1.0000000000  
0.0000000000  1.1387026796  -0.0983582067  1.1313863866  -0.0031070427  1.0000000000  
0.0000000000  1.1353635409  -0.0946851494  1.1351256453  -0.0028271779  1.0000000000  
0.0000000000  1.1296206692  -0.0905737090  1.1379337060  -0.0025695768  1.0000000000  
0.0000000000  1.1211247471  -0.0857373765  1.1396457960  -0.0023326730  1.0000000000  
0.0000000000  1.1095748692  -0.0798218938  1.1400093172  -0.0021149889  1.0000000000  
0.0000000000  1.0947388611  -0.0724334326  1.1387026796  -0.0019151327  1.0000000000  
0.0000000000  1.0764666928  -0.0631703847  1.1353635409  -0.0017317957  1.0000000000  
0.0000000000  1.0546971178  -0.0516540903  1.1296206692  -0.0015637491  1.0000000000  
0.0000000000  1.0294582399  -0.0375552609  1.1211247471  -0.0014098412  1.0000000000  
0.0000000000  1.0008630453  -0.0206142261  1.1095748692  -0.0012689935  1.0000000000  
0.0000000000  0.9691010785  -0.0006542840  1.0947388611  -0.0011401980  1.0000000000  
0.0000000000  0.9344274405  0.0224117160  1.0764666928  -0.0010225137  1.0000000000  
0.0000000000  0.8971502031  0.0485808522  1.0546971178  -0.0009150634  1.0000000000  
0.0000000000  0.8576171807  0.0777646339  1.0294582399  -0.0008170300  1.0000000000  
0.0000000000  0.8162028338  0.1097973520  1.0008630453  -0.0007276540  1.0000000000  
0.0000000000  0.7732958975  0.1444470962  0.9691010785  -0.0006462299  1.0000000000  
0.0000000000  0.7292881620  0.1814283482  0.9344274405  -0.0005721032  1.0000000000  
0.0000000000  0.6845646780  0.2204152100  0.8971502031  -0.0005046673  1.0000000000  
0.0000000000  0.6394955351  0.2610544924  0.8576171807  -0.0004433610  1.0000000000  
0.0000000000  0.5944292543  0.3029780745  0.8162028338  -0.0003876653  1.0000000000  
0.0000000000  0.5496877553  0.3458141065  0.7732958975  -0.0003371009  1.0000000000  
0.0000000000  0.5055627997  0.3891967847  0.7292881620  -0.0002912258  1.0000000000  
0.0000000000  0.4623137723  0.4327745518  0.6845646780  -0.0002496324  1.0000000000  
0.0000000000  0.4201666354  0.4762166827  0.6394955351  -0.0002119457  1.0000000000  
0.0000000000  0.3793138819  0.5192182958  0.5944292543  -0.0001778205  1.0000000000  
0.0000000000  0.3399153118  0.5615038896  0.5496877553  -0.0001469398  1.0000000000  
0.0000000000  0.3020994608  0.6028295441  0.5055627997  -0.0001190127  1.0000000000  
0.0000000000  0.2659655236  0.6429839513  0.4623137723  -0.0000937721  1.0000000000  
0.0000000000  0.2315856298  0.6817884498  0.4201666354  -0.0000709736  1.0000000000  
0.0000000000  0.1990073449  0.7190962409  0.3793138819  -0.0000503932  1.0000000000  
0.0000000000  0.1682562900  0.7547909560  0.3399153118  -0.0000318262  1.0000000000  
0.0000000000  0.1393387896  0.7887847323  0.3020994608  -0.0000150855  1.0000000000  
0.0000000000  0.1122444752  0.8210159422  0.2659655236  0.0000000000  1.0000000000  
0.0000000000  0.0869487865  0.8514602860  0.2315856298  0.0000000000  1.0000000000  
0.0000000000  0.0634153285  0.8800860692  0.1990073449  0.0000000000  1.0000000000  
0.0000000000  0.0415980533  0.9068951727  0.1682562900  0.0000000000  1.0000000000  
0.0000000000  0.0214432479  0.9319053849  0.1393387896  0.0000000000  1.0000000000  
0.0000000000  0.0028913174  0.9551479238  0.1122444752  0.0000000000  1.0000000000  
0.0000000000  -0.0141216392  0.9766651069  0.0869487865  0.0000000000  1.0000000000  
0.0000000000  -0.0296624572  0.9965081981  0.0634153285  0.0000000000  1.0000000000  
0.0000000000  -0.0437997301  1.0147354518  0.0415980533  0.0000000000  1.0000000000  
0.0000000000  -0.0566028176  1.0314103626  0.0214432479  0.0000000000  1.0000000000  
0.0000000000  -0.0681410252  1.0466001239  0.0028913174  0.0000000000  1.0000000000  
0.0000000000  -0.0784829372  1.0603742915  -0.0141216392  0.0000000000  1.0000000000  
0.0000000000  -0.0876958889  1.0728036440  -0.0296624572  0.0000000000  1.0000000000  
0.0000000000  -0.0958455613  1.0839592276  -0.0437997301  0.0000000000  1.0000000000  
0.0000000000  -0.1029956804  1.0939115715  -0.0566028176  0.0000000000  1.0000000000  
0.0000000000  -0.1092078077  1.1027300580  -0.0681410252  0.0000000000  1.0000000000  
0.0000000000  -0.1145412055  1.1104824305  -0.0784829372  0.0000000000  1.0000000000  
0.0000000000  -0.1190527641  1.1172344230  -0.0876958889  0.0000000000  1.0000000000  
0.0000000000  -0.1227969791  1.1230490140  -0.0958455613  0.0000000000  1.0000000000  
0.0000000000  -0.1258259672  1.1279755578  -0.1029956804  0.0000000000  1.0000000000  
0.0000000000  -0.1281895109  1.1320186026  -0.1092078077  0.0000000000  1.0000000000  
0.0000000000  -0.1299351244  1.1351065281  -0.1145412055  0.0000000000  1.0000000000  
0.0000000000  -0.1311081331  1.1370762192  -0.1190527641  0.0000000000  1.0000000000  
0.0000000000  -0.1317517617  1.1376766442  -0.1227969791  0.0000000000  1.0000000000  
0.0000000000  -0.1319072248  1.1365876907  -0.1258259672  0.0000000000  1.0000000000  
0.0000000000  -0.1316138183  1.1334484082  -0.1281895109  0.0000000000  1.0000000000  
0.0000000000  -0.1309090065  1.1278888735  -0.1299351244  0.0000000000  1.0000000000  
0.0000000000  -0.1298285057  1.1195609979  -0.1311081331  0.0000000000  1.0000000000  
0.0000000000  -0.1284063598  1.1081650281  -0.1317517617  0.0000000000  1.0000000000  
0.0000000000  -0.1266750099  1.0934698676  -0.1319072248  0.0000000000  1.0000000000  
0.0000000000  -0.1246653559  1.0753264948  -0.1316138183  0.0000000000  1.0000000000  
0.0000000000  -0.1224068110  1.0536746041  -0.1309090065  0.0000000000  1.0000000000  
0.0000000000  -0.1199273497  1.0285431765  -0.1298285057  0.0000000000  1.0000000000  
0.0000000000  -0.1172535486  1.0000460153  -0.1284063598  0.0000000000  1.0000000000  
0.0000000000  -0.1144106225  0.9683734244  -0.1266750099  0.0000000000  1.0000000000  
0.0000000000  -0.1114224554  0.9337812106  -0.1246653559  0.0000000000  1.0000000000  
0.0000000000  -0.1083116279  0.8965780999  -0.1224068110  0.0000000000  1.0000000000  
0.0000000000  -0.1050994422  0.8571125134  -0.1199273497  0.0000000000  1.0000000000  
0.0000000000  -0.1018059440  0.8157594728  -0.1172535486  0.0000000000  1.0000000000  
0.0000000000  -0.0984499449  0.7729082322  -0.1144106225  0.0000000000  1.0000000000  
0.0000000000  -0.0950490427  0.7289510611  -0.1114224554  0.0000000000  1.0000000000  
0.0000000000  -0.0916196434  0.6842734522  -0.1083116279  0.0000000000  1.0000000000  
0.0000000000  -0.0881769835  0.6392459027  -0.1050994422  0.0000000000  1.0000000000  
0.0000000000  -0.0847351535  0.5942173087  -0.1018059440  0.0000004799  1.0000000000  
0.0000000000  -0.0813071232  0.5495099348  -0.0984499449  0.0000130918  1.0000000000  
0.0000000000  -0.0779047690  0.5054158599  -0.0950490427  0.0000917382  1.0000000000  
0.0000000000  -0.0745389038  0.4621947596  -0.0916196434  0.0003638933  1.0000000000  
0.0000000000  -0.0712193077  0.4200728632  -0.0881769835  0.0010459344  1.0000000000  
0.0000000000  -0.0679547628  0.3792429083  -0.0847351535  0.0024396071  1.0000000000  
0.0000000000  -0.0647530884  0.3398649186  -0.0813071232  0.0049132597  1.0000000000  
0.0000000000  -0.0616211796  0.3020676345  -0.0779047690  0.0088736905  1.0000000000  
0.0000000000  -0.0585650464  0.2659504381  -0.0745389038  0.0147343844  1.0000000000  
0.0000000000  -0.0555898560  0.2315856298  -0.0712193077  0.0228848134  1.0000000000  
0.0000000000  -0.0526999747  0.1990073449  -0.0679547628  0.0336640468  1.0000000000  
0.0000000000  -0.0498990121  0.1682562900  -0.0647530884  0.0473405367  1.0000000000  
0.0000000000  -0.0471898660  0.1393387896  -0.0616211796  0.0640988044  1.0000000000  
0.0000000000  -0.0445747672  0.1122444752  -0.0585650464  0.0840328956  1.0000000000  
0.0000000000  -0.0420553248  0.0869487865  -0.0555898560  0.1071458986  1.0000000000  
0.0000000000  -0.0396325718  0.0634153285  -0.0526999747  0.1333544899  1.0000000000  
0.0000000000  -0.0373070098  0.0415980533  -0.0498990121  0.1624973267  1.0000000000  
0.0000000000  -0.0350786531  0.0214432479  -0.0471898660  0.1943461083  1.0000000000  
0.0000000000  -0.0329470724  0.0028913174  -0.0445747672  0.2286182143  1.0000000000  
0.0000000000  -0.0309114370  -0.0141216392  -0.0420553248  0.2649899772  1.0000000000  
0.0000000000  -0.0289705560  -0.0296624572  -0.0396325718  0.3031098172  1.0000000000  
0.0000000000  -0.0271229174  -0.0437997301  -0.0373070098  0.3426106463  1.0000000000  
0.0000000000  -0.0253667266  -0.0566028176  -0.0350786531  0.3831211163  1.0000000000  
0.0000000000  -0.0236999422  -0.0681410252  -0.0329470724  0.4242754378  1.0000000000  
0.0000000000  -0.0221203106  -0.0784829372  -0.0309114370  0.4657216242  1.0000000000  
0.0000000000  -0.0206253983  -0.0876958889  -0.0289705560  0.5071281197  1.0000000000  
0.0000000000  -0.0192126225  -0.0958455613  -0.0271229174  0.5481888518  1.0000000000  
0.0000000000  -0.0178792794  -0.1029956804  -0.0253667266  0.5886268070  1.0000000000  
0.0000000000  -0.0166225707  -0.1092078077  -0.0236999422  0.6281962707  1.0000000000  
0.0000000000  -0.0154260420  -0.1145412055  -0.0221203106  0.6666838935  1.0000000000  
0.0000000000  -0.0143017206  -0.1190527641  -0.0206253983  0.7039087604  1.0000000000  
0.0000000000  -0.0132465339  -0.1227969791  -0.0192126225  0.7397216393  1.0000000000  
0.0000000000  -0.0122574123  -0.1258259672  -0.0178792794  0.7740035785  1.0000000000  
0.0000000000  -0.0113313048  -0.1281895109  -0.0166225707  0.8066640117  1.0000000000  
0.0000000000  -0.0104651931  -0.1299351244  -0.0154260420  0.8376385128  1.0000000000  
0.0000000000  -0.0096561043  -0.1311081331  -0.0143017206  0.8668863279  1.0000000000  
0.0000000000  -0.0089011212  -0.1317517617  -0.0132465339  0.8943877898  1.0000000000  
0.0000000000  -0.0081973922  -0.1319072248  -0.0122574123  0.9201417067  1.0000000000  
0.0000000000  -0.0075421389  -0.1316138183  -0.0113313048  0.9441627973  1.0000000000  
0.0000000000  -0.0069326629  -0.1309090065  -0.0104651931  0.9664792286  1.0000000000  
0.0000000000  -0.0063663513  -0.1298285057  -0.0096561043  0.9871302999  1.0000000000  
0.0000000000  -0.0058406812  -0.1284063598  -0.0089011212  1.0061643023  1.0000000000  
0.0000000000  -0.0053532228  -0.1266750099  -0.0081973922  1.0236365730  1.0000000000  
0.0000000000  -0.0049016421  -0.1246653559  -0.0075421389  1.0396077548  1.0000000000  
0.0000000000  -0.0044837020  -0.1224068110  -0.0069326629  1.0541422628  1.0000000000  
0.0000000000  -0.0040972639  -0.1199273497  -0.0063663513  1.0673069544  1.0000000000  
0.0000000000  -0.0037402872  -0.1172535486  -0.0058406812  1.0791699954  1.0000000000  
0.0000000000  -0.0034108289  -0.1144106225  -0.0053532228  1.0897999089  1.0000000000  
0.0000000000  -0.0031070427  -0.1114224554  -0.0049016421  1.0992647944  1.0000000000  
0.0000000000  -0.0028271779  -0.1083116279  -0.0044837020  1.1076317001  1.0000000000  
0.0000000000  -0.0025695768  -0.1050994422  -0.0040972639  1.1149661326  1.0000000000  
0.0000000000  -0.0023326730  -0.1018054641  -0.0037402872  1.1213316870  1.0000000000  
0.0000000000  -0.0021149889  -0.0984368531  -0.0034108289  1.1267893012  1.0000000000  
0.0000000000  -0.0019151327  -0.0949573045  -0.0031070427  1.1313863866  1.0000000000  
0.0000000000  -0.0017317957  -0.0912557501  -0.0028271779  1.1351256453  1.0000000000  
0.0000000000  -0.0015637491  -0.0871310491  -0.0025695768  1.1379337060  1.0000000000  
0.0000000000  -0.0014098412  -0.0822955465  -0.0023326730  1.1396457960  1.0000000000  
0.0000000000  -0.0012689935  -0.0763938635  -0.0021149889  1.1400093172  1.0000000000  
0.0000000000  -0.0011401980  -0.0690310785  -0.0019151327  1.1387026796  1.0000000000  
0.0000000000  -0.0010225137  -0.0598045194  -0.0017317957  1.1353635409  1.0000000000  
0.0000000000  -0.0009150634  -0.0483344943  -0.0015637491  1.1296206692  1.0000000000  
0.0000000000  -0.0008170300  -0.0342907159  -0.0014098412  1.1211247471  1.0000000000  
0.0000000000  -0.0007276540  -0.0174125517  -0.0012689935  1.1095748692  1.0000000000  
0.0000000000  -0.0006462299  0.0024776248  -0.0011401980  1.0947388611  1.0000000000  
0.0000000000  -0.0005721032  0.0254678491  -0.0010225137  1.0764666928  1.0000000000  
0.0000000000  -0.0005046673  0.0515560426  -0.0009150634  1.0546971178  1.0000000000  
0.0000000000  -0.0004433610  0.0806545153  -0.0008170300  1.0294582399  1.0000000000  
0.0000000000  -0.0003876653  0.1125983146  -0.0007276540  1.0008630453  1.0000000000  
0.0000000000  -0.0003371009  0.1471562422  -0.0006462299  0.9691010785  1.0000000000  
0.0000000000  -0.0002912258  0.1840434471  -0.0005721032  0.9344274405  1.0000000000  
0.0000000000  -0.0002496324  0.2229346524  -0.0005046673  0.8971502031  1.0000000000  
0.0000000000  -0.0002119457  0.2634772454  -0.0004433610  0.8576171807  1.0000000000  
0.0000000000  -0.0001778205  0.3053036365  -0.0003876653  0.8162028338  1.0000000000  
0.0000000000  -0.0001469398  0.3480424632  -0.0003371009  0.7732958975  1.0000000000  
0.0000000000  -0.0001190127  0.3913283654  -0.0002912258  0.7292881620  1.0000000000  
0.0000000000  -0.0000937721  0.4348101872  -0.0002496324  0.6845646780  1.0000000000  
0.0000000000  -0.0000709736  0.4781575637  -0.0002119457  0.6394955351  1.0000000000  
0.0000000000  -0.0000503932  0.5210659343  -0.0001778205  0.5944292543  1.0000000000  
0.0000000000  -0.0000318262  0.5632600804  -0.0001469398  0.5496877553  1.0000000000  
0.0000000000  -0.0000150855  0.6044963285  -0.0001190127  0.5055627997  1.0000000000  
0.0000000000  0.0000000000  0.6445635829  -0.0000937721  0.4623137723  1.0000000000  
0.0000000000  0.0000000000  0.6832833620  -0.0000709736  0.4201666354  1.0000000000  
0.0000000000  0.0000000000  0.7205090168  -0.0000503932  0.3793138819  1.0000000000  
0.0000000000  0.0000000000  0.7561242991  -0.0000318262  0.3399153118  1.0000000000  
0.0000000000  0.0000000000  0.7900414410  -0.0000150855  0.3020994608  1.0000000000  
0.0000000000  0.0000000000  0.8222124709  0.0000000000  0.2659655236  1.0000000000  
0.0000000000  0.0000000000  0.8525846073  0.0000000000  0.2315856298  1.0000000000  
0.0000000000  0.0000000000  0.8811412558  0.0000000000  0.1990073449  1.0000000000  
0.0000000000  0.0000000000  0.9078842944  0.0000000000  0.1682562900  1.0000000000  
0.0000000000  0.0000000000  0.9328314925  0.0000000000  0.1393387896  1.0000000000  
0.0000000000  0.0000000000  0.9560140355  0.0000000000  0.1122444752  1.0000000000  
0.0000000000  0.0000000000  0.9774741957  0.0000000000  0.0869487865  1.0000000000  
0.0000000000  0.0000000000  0.9972631811  0.0000000000  0.0634153285  1.0000000000  
0.0000000000  0.0000000000  1.0154391808  0.0000000000  0.0415980533  1.0000000000  
0.0000000000  0.0000000000  1.0320656159  0.0000000000  0.0214432479  1.0000000000  
0.0000000000  0.0000000000  1.0472095999  0.0000000000  0.0028913174  1.0000000000  
0.0000000000  0.0000000000  1.0609406031  0.0000000000  -0.0141216392  1.0000000000  
0.0000000000  0.0000000000  1.0733293141  0.0000000000  -0.0296624572  1.0000000000  
0.0000000000  0.0000000000  1.0844466860  0.0000000000  -0.0437997301  1.0000000000  
0.0000000000  0.0000000000  1.0943631523  0.0000000000  -0.0566028176  1.0000000000  
0.0000000000  0.0000000000  1.1031479980  0.0000000000  -0.0681410252  1.0000000000  
0.0000000000  0.0000000000  1.1108688686  0.0000000000  -0.0784829372  1.0000000000  
0.0000000000  0.0000000000  1.1175913998  0.0000000000  -0.0876958889  1.0000000000  
0.0000000000  0.0000000000  1.1233784724  0.0000000000  -0.0958455613  1.0000000000  
0.0000000000  0.0000000000  1.1282793439  0.0000000000  -0.1029956804  1.0000000000  
0.0000000000  0.0000000000  1.1322984674  0.0000000000  -0.1092078077  1.0000000000  
0.0000000000  0.0000000000  1.1353641292  0.0000000000  -0.1145412055  1.0000000000  
0.0000000000  0.0000000000  1.1373131229  0.0000000000  -0.1190527641  1.0000000000  
0.0000000000  0.0000000000  1.1378943283  0.0000000000  -0.1227969791  1.0000000000  
0.0000000000  0.0000000000  1.1367875469  0.0000000000  -0.1258259672  1.0000000000  
0.0000000000  0.0000000000  1.1336317452  0.0000000000  -0.1281895109  1.0000000000  
0.0000000000  0.0000000000  1.1280569200  0.0000000000  -0.1299351244  1.0000000000  
0.0000000000  0.0000000000  1.1197149059  0.0000000000  -0.1311081331  1.0000000000  
0.0000000000  0.0000000000  1.1083058758  0.0000000000  -0.1317517617  1.0000000000  
0.0000000000  0.0000000000  1.0935986631  0.0000000000  -0.1319072248  1.0000000000  
0.0000000000  0.0000000000  1.0754441791  0.0000000000  -0.1316138183  1.0000000000  
0.0000000000  0.0000000000  1.0537820545  0.0000000000  -0.1309090065  1.0000000000  
0.0000000000  0.0000000000  1.0286412098  0.0000000000  -0.1298285057  1.0000000000  
0.0000000000  0.0000000000  1.0001353913  0.0000000000  -0.1284063598  1.0000000000  
0.0000000000  0.0000000000  0.9684548485  0.0000000000  -0.1266750099  1.0000000000  
0.0000000000  0.0000000000  0.9338553373  0.0000000000  -0.1246653559  1.0000000000  
0.0000000000  0.0000000000  0.8966455358  0.0000000000  -0.1224068110  1.0000000000  
0.0000000000  0.0000000000  0.8571738197  0.0000000000  -0.1199273497  1.0000000000  
0.0000000000  0.0000004799  0.8158151685  0.0000000000  -0.1172535486  1.0000000000  
0.0000000000  0.0000130918  0.7729587966  0.0000000000  -0.1144106225  1.0000000000  
0.0000000000  0.0000917382  0.7289969362  0.0000000000  -0.1114224554  1.0000000000  
0.0000000000  0.0003638933  0.6843150456  0.0000000000  -0.1083116279  1.0000000000  
0.0000000000  0.0010459344  0.6392835895  0.0000000000  -0.1050994422  1.0000000000  
0.0000000000  0.0024396071  0.5942514339  0.0000000000  -0.1018059440  1.0000000000  
0.0000000000  0.0049132597  0.5495408155  0.0000000000  -0.0984499449  1.0000000000  
0.0000000000  0.0088736905  0.5054437870  0.0000000000  -0.0950490427  1.0000000000  
0.0000000000  0.0147343844  0.4622200002  0.0000000000  -0.0916196434  1.0000000000  
0.0000000000  0.0228848134  0.4200956618  0.0000000000  -0.0881769835  1.0000000000  
0.0000000000  0.0336640468  0.3792634887  0.0000000000  -0.0847351535  1.0000000000  
0.0000000000  0.0473405367  0.3398834856  0.0000000000  -0.0813071232  1.0000000000  
0.0000000000  0.0640988044  0.3020843753  0.0000000000  -0.0779047690  1.0000000000  
0.0000000000  0.0840328956  0.2659655236  0.0000000000  -0.0745389038  1.0000000000  
0.0000000000  0.1071458986  0.2315856298  0.0000000000  -0.0712193077  1.0000000000  
0.0000000000  0.1333544899  0.1990073449  0.0000000000  -0.0679547628  1.0000000000  
0.0000000000  0.1624973267  0.1682562900  0.0000000000  -0.0647530884  1.0000000000  
0.0000000000  0.1943461083  0.1393387896  0.0000000000  -0.0616211796  1.0000000000  
0.0000000000  0.2286182143  0.1122444752  0.0000000000  -0.0585650464  1.0000000000  
0.0000000000  0.2649899772  0.0869487865  0.0000000000  -0.0555898560  1.0000000000  
0.0000000000  0.3031098172  0.0634153285  0.0000000000  -0.0526999747  1.0000000000  
0.0000000000  0.3426106463  0.0415980533  0.0000000000  -0.0498990121  1.0000000000  
0.0000000000  0.3831211163  0.0214432479  0.0000000000  -0.0471898660  1.0000000000  
0.0000000000  0.4242754378  0.0028913174  0.0000000000  -0.0445747672  1.0000000000  
0.0000000000  0.4657216242  -0.0141216392  0.0000000000  -0.0420553248  1.0000000000  
0.0000000000  0.5071281197  -0.0296624572  0.0000000000  -0.0396325718  1.0000000000  
0.0000000000  0.5481888518  -0.0437997301  0.0000000000  -0.0373070098  1.0000000000  
0.0000000000  0.5886268070  -0.0566028176  0.0000000000  -0.0350786531  1.0000000000  
0.0000000000  0.6281962707  -0.0681410252  0.0000000000  -0.0329470724  1.0000000000  
0.0000000000  0.6666838935  -0.0784829372  0.0000000000  -0.0309114370  1.0000000000  
0.0000000000  0.7039087604  -0.0876958889  0.0000000000  -0.0289705560  1.0000000000  
0.0000000000  0.7397216393  -0.0958455613  0.0000000000  -0.0271229174  1.0000000000  
0.0000000000  0.7740035785  -0.1029956804  0.0000000000  -0.0253667266  1.0000000000  
0.0000000000  0.8066640117  -0.1092078077  0.0000000000  -0.0236999422  1.0000000000  
0.0000000000  0.8376385128  -0.1145412055  0.0000000000  -0.0221203106  1.0000000000  
0.0000000000  0.8668863279  -0.1190527641  0.0000000000  -0.0206253983  1.0000000000  
0.0000000000  0.8943877898  -0.1227969791  0.0000000000  -0.0192126225  1.0000000000  
0.0000000000  0.9201417067  -0.1258259672  0.0000000000  -0.0178792794  1.0000000000  
0.0000000000  0.9441627973  -0.1281895109  0.0000000000  -0.0166225707  1.0000000000  
0.0000000000  0.9664792286  -0.1299351244  0.0000000000  -0.0154260420  1.0000000000  
0.0000000000  0.9871302999  -0.1311081331  0.0000000000  -0.0143017206  1.0000000000  
0.0000000000  1.0061643023  -0.1317517617  0.0000000000  -0.0132465339  1.0000000000  
0.0000000000  1.0236365730  -0.1319072248  0.0000000000  -0.0122574123  1.0000000000  
0.0000000000  1.0396077548  -0.1316138183  0.0000000000  -0.0113313048  1.0000000000  
0.0000000000  1.0541422628  -0.1309090065  0.0000000000  -0.0104651931  1.0000000000  
0.0000000000  1.0673069544  -0.1298285057  0.0000000000  -0.0096561043  1.0000000000  
0.0000000000  1.0791699954  -0.1284063598  0.0000000000  -0.0089011212  1.0000000000  
0.0000000000  1.0897999089  -0.1266750099  0.0000000000  -0.0081973922  1.0000000000  
0.0000000000  1.0992647944  -0.1246653559  0.0000000000  -0.0075421389  1.0000000000  
0.0000000000  1.1076317001  -0.1224068110  0.0000000000  -0.0069326629  1.0000000000  
0.0000000000  1.1149661326  -0.1199273497  0.0000000000  -0.0063663513  1.0000000000  
0.0000000000  1.1213316870  -0.1172535486  0.0000000000  -0.0058406812  1.0000000000  
0.0000000000  1.1267893012  -0.1144106225  0.0000000000  -0.0053532228  1.0000000000  
