GLM RESULTS

Model fit per channel for Oxy(beta, t, p values)
S1-D1:     -2.181    -2.615  0.0091537      -2.633    -2.419  0.0158527      -1.300    -0.392  0.6951917       2.463     0.765  0.4447158       0.378     2.560  0.0107267    
S1-D2:     -1.812    -3.171  0.0016003      -2.024    -2.814  0.0050631      -0.192    -0.088  0.9299768       0.064     0.030  0.9763789       0.781     4.053  0.0000574    
S1-D3:     -2.480    -3.295  0.0010429      -2.487    -2.559  0.0107470      -1.512    -0.484  0.6287283       2.345     0.769  0.4424769       0.716     3.373  0.0007939    
S2-D2:     -1.636    -2.819  0.0049807      -1.518    -1.873  0.0615590      -2.093    -0.770  0.4414342       1.740     0.676  0.4994391       0.869     4.634  0.0000044    
S2-D4:     -1.604    -2.762  0.0059255      -1.235    -1.477  0.1401595      -3.317    -1.120  0.2632266       3.330     1.194  0.2328553       0.624     3.764  0.0001841    
S2-D9:     -1.186    -2.524  0.0118536      -0.801    -1.091  0.2758029      -4.316    -1.540  0.1240506       4.152     1.597  0.1107776       0.543     3.847  0.0001331    
S3-D1:     -1.226    -1.923  0.0549094      -1.194    -1.472  0.1415474       0.352     0.139  0.8892713       1.500     0.603  0.5470416      -0.351     0.071  0.9436147    
S3-D3:     -2.330    -3.157  0.0016758      -2.362    -2.477  0.0135517      -1.348    -0.442  0.6587227       2.987     1.003  0.3160554       0.407     2.120  0.0343942    
S3-D5:     -2.127    -3.271  0.0011340      -1.869    -2.235  0.0257892       0.221     0.082  0.9350687       1.348     0.507  0.6122089       0.279     1.805  0.0715903    
S4-D2:     -2.098    -3.364  0.0008191      -2.082    -2.557  0.0107983      -1.796    -0.662  0.5079766       1.928     0.732  0.4645472       0.893     4.347  0.0000163    
S4-D3:     -2.178    -3.375  0.0007879      -1.885    -2.200  0.0282357      -2.268    -0.811  0.4179080       2.496     0.925  0.3552600       0.868     4.047  0.0000590    
S4-D4:     -2.012    -3.841  0.0001363      -1.520    -1.995  0.0465351      -3.496    -1.247  0.2128776       3.828     1.452  0.1469207       0.744     4.420  0.0000118    
S4-D6:     -2.007    -2.871  0.0042482      -1.716    -1.847  0.0652581      -3.247    -1.115  0.2654902       3.412     1.215  0.2247542       0.753     3.535  0.0004408    
S5-D3:     -2.041    -2.517  0.0120935      -1.659    -1.598  0.1105637      -2.614    -0.832  0.4057620       2.902     0.942  0.3467057       0.580     2.785  0.0055311    
S5-D5:     -1.650    -1.914  0.0561216      -1.775    -1.509  0.1317918      -2.789    -0.997  0.3192415       3.185     1.207  0.2280906       0.338     2.391  0.0171393    
S5-D6:     -1.556    -1.837  0.0667954      -1.271    -1.073  0.2838659      -3.562    -1.258  0.2087651       3.673     1.393  0.1641184       0.439     2.406  0.0164290    
S5-D7:     -1.107    -1.419  0.1565573      -0.288    -0.256  0.7982226      -4.494    -1.521  0.1287642       3.846     1.407  0.1598760       0.422     2.544  0.0112187    
S6-D5:     -1.725    -1.981  0.0480334      -1.598    -1.391  0.1646274      -2.719    -0.862  0.3892467       3.661     1.202  0.2298290       0.106     1.764  0.0782482    
S6-D7:     -1.335    -1.553  0.1208541      -1.122    -0.923  0.3563465      -4.185    -1.347  0.1784466       4.176     1.444  0.1493923       0.338     2.308  0.0213547    
S7-D6:     -1.402    -1.661  0.0972660      -1.051    -0.870  0.3847759      -4.384    -1.407  0.1598602       4.429     1.534  0.1255568       0.352     2.300  0.0217794    
S7-D7:     -1.560    -1.950  0.0517009      -1.239    -1.083  0.2794770      -4.139    -1.412  0.1585905       4.001     1.472  0.1414996       0.597     2.876  0.0041751    
S7-D8:     -1.272    -1.701  0.0895392      -0.948    -0.913  0.3618486      -4.506    -1.336  0.1821010       4.354     1.361  0.1739921       0.439     2.628  0.0088168    
S7-D14:     -0.808    -1.009  0.3132243      -0.550    -0.478  0.6325519      -4.405    -1.455  0.1461111       3.897     1.389  0.1652417       0.342     2.251  0.0247798    
S8-D7:     -1.486    -2.119  0.0345031      -1.308    -1.256  0.2095643      -4.835    -1.555  0.1205354       4.655     1.620  0.1057377       0.703     3.393  0.0007385    
S8-D8:     -1.831    -2.956  0.0032481      -1.675    -1.846  0.0654141      -4.275    -1.383  0.1671880       4.564     1.579  0.1149249       0.733     3.763  0.0001851    
S9-D4:     -1.379    -2.087  0.0373640      -0.679    -0.669  0.5034653      -6.089    -1.811  0.0706698       5.931     1.912  0.0563120       0.527     2.952  0.0032853    
S9-D6:     -1.496    -1.770  0.0773144      -1.032    -0.858  0.3911684      -4.972    -1.472  0.1415468       4.971     1.575  0.1156928       0.391     2.449  0.0146273    
S9-D12:     -0.465    -1.033  0.3020481      -0.087    -0.141  0.8880562      -0.499    -0.471  0.6379538      -0.187    -0.194  0.8459021       0.389     2.283  0.0227913    
S9-D14:     -0.805    -1.044  0.2969269      -0.592    -0.533  0.5945120      -3.646    -1.347  0.1786442       3.271     1.314  0.1893569       0.327     2.168  0.0305933    
S10-D9:     -1.032    -2.143  0.0325350      -1.079    -1.443  0.1496163      -4.064    -1.523  0.1282457       3.855     1.562  0.1187187       0.668     3.957  0.0000854    
S10-D10:     -2.285    -2.684  0.0074812      -2.185    -1.980  0.0482192      -2.724    -0.790  0.4297455       3.912     1.164  0.2448143       0.240     2.361  0.0185711    
S10-D11:     -1.353    -2.236  0.0257082      -1.390    -1.618  0.1061775      -3.909    -1.327  0.1850291       3.553     1.278  0.2016978       0.813     4.077  0.0000520    
S11-D4:     -1.753    -3.062  0.0022995      -1.262    -1.516  0.1301293      -4.873    -1.639  0.1017363       5.078     1.819  0.0693788       0.610     3.707  0.0002297    
S11-D9:     -1.169    -1.962  0.0502855      -0.702    -0.781  0.4353418      -4.531    -1.389  0.1654492       4.358     1.434  0.1521952       0.464     3.009  0.0027340    
S11-D11:     -1.735    -2.397  0.0168290      -1.442    -1.516  0.1300284      -3.107    -0.959  0.3377540       3.189     1.017  0.3096266       0.599     3.134  0.0018117    
S11-D12:     -2.028    -2.835  0.0047376      -1.374    -1.480  0.1394494      -3.416    -1.184  0.2370686       3.595     1.279  0.2014192       0.650     3.122  0.0018852    
S12-D10:     -1.483    -2.198  0.0283274      -1.910    -2.183  0.0294525      -0.430    -0.156  0.8758445       2.471     0.923  0.3565645      -0.225     0.652  0.5146522    
S12-D11:     -1.574    -2.236  0.0257479      -1.589    -1.690  0.0915348      -4.111    -1.248  0.2126981       5.270     1.661  0.0973048       0.135     1.724  0.0853059    
S12-D13:     -1.524    -1.946  0.0521128      -1.872    -1.817  0.0696640      -1.241    -0.380  0.7037778       2.906     0.920  0.3580645      -0.180     1.151  0.2501884    
S13-D11:     -1.702    -2.291  0.0222964      -1.374    -1.348  0.1782905      -4.363    -1.308  0.1912782       4.599     1.448  0.1481447       0.509     2.865  0.0043239    
S13-D12:     -1.565    -1.872  0.0616660      -1.213    -1.011  0.3123317      -4.651    -1.486  0.1378926       4.756     1.639  0.1016708       0.430     2.504  0.0125615    
S13-D13:     -1.168    -1.299  0.1943814      -1.083    -0.869  0.3854526      -3.966    -1.217  0.2240064       4.038     1.318  0.1880241       0.099     1.999  0.0461152    
S13-D15:     -1.013    -1.265  0.2064365      -0.704    -0.597  0.5507387      -5.374    -1.575  0.1159134       5.205     1.650  0.0995371       0.259     2.154  0.0316293    
S14-D12:     -1.385    -1.629  0.1038458      -1.003    -0.828  0.4078751      -5.220    -1.599  0.1103324       5.289     1.739  0.0825862       0.358     2.221  0.0267679    
S14-D14:     -0.830    -1.071  0.2848339      -0.743    -0.665  0.5065293      -4.088    -1.454  0.1465914       3.795     1.465  0.1435847       0.345     2.176  0.0299914    
S14-D15:     -0.935    -1.222  0.2223788      -0.391    -0.340  0.7339322      -6.030    -1.797  0.0728758       5.679     1.840  0.0663113       0.305     2.162  0.0310329    
S14-D16:     -1.741    -2.341  0.0195695      -1.609    -1.658  0.0978988      -1.614    -0.525  0.5995927       1.877     0.629  0.5297637       0.528     2.814  0.0050550    
S15-D13:     -1.369    -1.653  0.0988830      -2.169    -1.902  0.0577202      -0.926    -0.325  0.7450469       2.443     0.912  0.3619175      -0.161     1.316  0.1888190    
S15-D15:     -0.617    -0.792  0.4287308      -0.558    -0.480  0.6316941      -5.582    -1.541  0.1239659       5.673     1.693  0.0910489      -0.001     1.382  0.1674388    
S16-D15:     -0.700    -1.058  0.2903727      -0.498    -0.513  0.6081631      -3.368    -1.354  0.1763781       2.698     1.183  0.2371042       0.509     2.661  0.0080034    
S16-D16:     -1.669    -2.976  0.0030401      -1.460    -1.772  0.0769745      -3.920    -1.263  0.2072570       4.070     1.396  0.1632344       0.744     3.979  0.0000780    

Model fit per channel for DeOxy(beta, t, p values)
S1-D1:     -1.455    -3.686  0.0002490      -0.790    -1.642  0.1011340       2.260     1.546  0.1226607      -1.569    -1.064  0.2876078       0.042     1.526  0.1275726    
S1-D2:      1.042     2.042  0.0415944      -0.550    -0.870  0.3844339      -0.743    -0.397  0.6914570       1.060     0.566  0.5716395      -0.513    -1.355  0.1760466    
S1-D3:     -0.973    -2.189  0.0289765      -0.575    -1.057  0.2908458       2.651     1.638  0.1020529      -2.275    -1.396  0.1631639      -0.291     1.838  0.0666178    
S2-D2:      0.159     0.277  0.7820353      -0.597    -0.719  0.4722205       0.378     0.201  0.8404906      -0.951    -0.555  0.5793048       0.587     0.861  0.3894930    
S2-D4:     -1.543    -1.925  0.0547269      -1.694    -1.537  0.1247949      -2.236    -0.887  0.3753350       2.875     1.218  0.2236579       0.400     2.133  0.0333076    
S2-D9:     -0.325    -0.441  0.6590707      -1.320    -1.311  0.1904195      -1.379    -0.584  0.5595244       1.406     0.633  0.5272183      -0.144     1.767  0.0778102    
S3-D1:     -0.726    -2.196  0.0285093       0.077     0.191  0.8486397       2.298     1.927  0.0544999      -1.769    -1.471  0.1418121      -0.494     1.222  0.2220184    
S3-D3:     -0.720    -2.149  0.0320601      -0.097    -0.237  0.8125623       1.986     1.667  0.0961198      -1.402    -1.167  0.2436530      -0.565     1.518  0.1295753    
S3-D5:     -1.014    -2.663  0.0079605      -0.244    -0.522  0.6015719       2.704     1.947  0.0520360      -2.029    -1.452  0.1469555      -0.443     1.551  0.1213519    
S4-D2:      1.356     2.439  0.0150450       0.442     0.624  0.5327970      -0.597    -0.334  0.7385723       0.896     0.509  0.6106067      -0.577    -2.417  0.0159687    
S4-D3:     -0.711    -0.972  0.3312524      -0.712    -0.742  0.4584553       1.167     0.589  0.5561523      -0.591    -0.312  0.7549327      -0.416     1.149  0.2511312    
S4-D4:      1.285     1.790  0.0739779       0.032     0.036  0.9713224       0.837     0.319  0.7494705      -0.378    -0.145  0.8847982      -0.053    -1.952  0.0514292    
S4-D6:      0.598     0.928  0.3540543       0.143     0.178  0.8591450      -0.824    -0.351  0.7255231       1.303     0.558  0.5767997      -0.326    -1.265  0.2063153    
S5-D3:     -1.476    -3.193  0.0014870      -0.593    -1.035  0.3009855       1.831     1.060  0.2896999      -1.118    -0.647  0.5176232      -0.356     2.248  0.0249633    
S5-D5:     -1.331    -3.896  0.0001093      -0.543    -1.300  0.1940775       2.259     1.900  0.0578745      -2.159    -1.804  0.0717912       0.403     2.070  0.0388744    
S5-D6:      0.057     0.084  0.9328961      -0.364    -0.425  0.6709816      -0.566    -0.232  0.8164441       0.869     0.360  0.7189669       0.047    -0.441  0.6595579    
S5-D7:     -1.912    -2.498  0.0127681      -2.131    -2.192  0.0287761       0.505     0.187  0.8519042       0.441     0.165  0.8687417       0.148     2.300  0.0217880    
S6-D5:     -1.235    -3.138  0.0017864      -0.122    -0.253  0.8000571       2.467     1.682  0.0930736      -2.131    -1.444  0.1493398      -0.146     1.837  0.0667001    
S6-D7:     -0.708    -1.458  0.1454996      -0.745    -1.211  0.2262040       0.432     0.331  0.7406874      -0.160    -0.125  0.9003320       0.018     1.387  0.1659678    
S7-D6:      0.289     0.556  0.5786522      -0.662    -0.929  0.3532618       1.579     1.197  0.2316849      -1.253    -1.040  0.2985660       0.236    -0.660  0.5093637    
S7-D7:     -1.706    -2.345  0.0193808      -1.432    -1.434  0.1521187      -4.342    -1.364  0.1731081       4.627     1.527  0.1273158       0.597     2.892  0.0039674    
S7-D8:      0.266     0.352  0.7251098      -0.487    -0.517  0.6056293      -1.757    -0.626  0.5316377       2.167     0.775  0.4384734       0.088    -0.687  0.4923644    
S7-D14:     -0.087    -0.152  0.8794943      -0.928    -1.094  0.2742055      -1.170    -0.565  0.5722480       1.135     0.601  0.5479421       0.048     1.638  0.1018762    
S8-D7:      0.926     1.431  0.1529688      -0.151    -0.186  0.8524770      -0.109    -0.045  0.9638782       0.720     0.301  0.7632299      -0.166    -1.860  0.0633616    
S8-D8:      1.318     1.809  0.0709810       0.220     0.233  0.8160374       1.475     0.533  0.5941396      -1.223    -0.453  0.6505104      -0.192    -2.105  0.0357453    
S9-D4:     -0.036    -0.063  0.9495673      -1.575    -2.170  0.0304340      -0.658    -0.297  0.7669088       2.075     0.945  0.3452454       0.173    -1.124  0.2615414    
S9-D6:     -0.500    -0.856  0.3925838      -1.352    -1.795  0.0731691       0.409     0.214  0.8303912       0.709     0.381  0.7035682       0.220    -0.269  0.7882906    
S9-D12:      0.924     2.144  0.0324215      -0.091    -0.169  0.8656254       1.285     0.928  0.3540358      -0.607    -0.439  0.6605486      -0.297    -1.805  0.0715486    
S9-D14:     -0.481    -0.761  0.4472178      -1.755    -1.998  0.0462245       1.696     0.788  0.4308289      -1.238    -0.614  0.5392599      -0.041     1.920  0.0553960    
S10-D9:      1.214     1.493  0.1358760       0.699     0.627  0.5306625      -0.733    -0.279  0.7802324       0.657     0.266  0.7901527      -0.117    -1.820  0.0692501    
S10-D10:     -1.572    -3.877  0.0001179      -0.670    -1.358  0.1749277       0.353     0.238  0.8123517       0.469     0.312  0.7549112       0.084     1.282  0.2002808    
S10-D11:     -1.905    -2.585  0.0099943      -2.626    -2.865  0.0043243      -0.092    -0.035  0.9722367       1.440     0.544  0.5869909      -0.043     2.142  0.0326445    
S11-D4:     -0.294    -0.455  0.6496375      -1.088    -1.281  0.2008545       0.331     0.188  0.8507127       0.161     0.096  0.9234797      -0.236     1.053  0.2927876    
S11-D9:      1.214     1.830  0.0678329       0.206     0.233  0.8155142       1.446     0.738  0.4607455      -1.307    -0.702  0.4832512      -0.024    -1.959  0.0505861    
S11-D11:      0.785     1.025  0.3057198       0.665     0.640  0.5223546       0.333     0.167  0.8674573       0.178     0.096  0.9233796      -0.478    -1.805  0.0715546    
S11-D12:     -0.869    -1.295  0.1956741      -2.201    -2.445  0.0147664      -0.887    -0.491  0.6234858       1.985     1.171  0.2418845      -0.080     1.534  0.1256820    
S12-D10:     -0.836    -2.478  0.0134810      -0.149    -0.362  0.7177097       2.267     1.873  0.0616058      -1.601    -1.311  0.1903590      -0.468     1.360  0.1745118    
S12-D11:     -0.767    -1.868  0.0623302      -0.301    -0.598  0.5499584       2.686     1.789  0.0741180      -1.850    -1.225  0.2210856      -0.547     0.869  0.3849511    
S12-D13:     -0.829    -2.368  0.0182100      -0.293    -0.687  0.4925248       2.514     2.029  0.0428800      -1.961    -1.571  0.1167163      -0.402     1.674  0.0947212    
S13-D11:     -2.584    -4.092  0.0000488      -2.326    -2.888  0.0040236      -0.614    -0.237  0.8131035       2.368     0.928  0.3538031       0.177     2.624  0.0089250    
S13-D12:     -2.108    -2.762  0.0059265      -2.078    -2.155  0.0315665       0.285     0.113  0.9098768       0.882     0.354  0.7233447       0.118     2.119  0.0344959    
S13-D13:     -1.287    -3.342  0.0008861      -0.810    -1.723  0.0854335       1.959     1.427  0.1542215      -2.112    -1.525  0.1277339       0.493     2.379  0.0176659    
S13-D15:     -1.093    -1.332  0.1834377      -0.676    -0.611  0.5413802      -1.882    -0.748  0.4549042       1.831     0.769  0.4424398      -0.059     1.897  0.0582686    
S14-D12:     -0.215    -0.272  0.7859612      -0.981    -0.900  0.3686604       1.528     0.581  0.5614042      -0.947    -0.383  0.7017264       0.827    -0.452  0.6516439    
S14-D14:     -1.971    -2.446  0.0147306      -1.803    -1.756  0.0795578      -0.689    -0.224  0.8225394       1.130     0.374  0.7085033       0.347     2.634  0.0086672    
S14-D15:      1.244     1.745  0.0814536       1.115     1.184  0.2370210       0.882     0.376  0.7070181      -1.446    -0.641  0.5215791      -0.566    -1.526  0.1275326    
S14-D16:      1.099     1.170  0.2424830       0.781     0.600  0.5486256       0.465     0.122  0.9030365      -0.934    -0.259  0.7956817       0.292    -1.271  0.2040791    
S15-D13:     -1.003    -2.717  0.0067764      -0.475    -1.051  0.2938107       2.926     2.250  0.0247937      -2.254    -1.724  0.0853046      -0.409     1.826  0.0683535    
S15-D15:     -1.146    -2.428  0.0155026      -0.618    -1.053  0.2928666       3.681     2.039  0.0419130      -2.805    -1.558  0.1198835      -0.472     1.309  0.1909678    
S16-D15:     -0.384    -0.540  0.5895800      -0.871    -0.977  0.3288871       1.087     0.420  0.6748447      -1.698    -0.660  0.5094634      -0.172     2.215  0.0271752    
S16-D16:      1.361     1.814  0.0701682       0.484     0.494  0.6212686      -0.882    -0.382  0.7027094       0.992     0.444  0.6569538      -0.239    -2.026  0.0432000    

Model fit per channel for Total(beta, t, p values)
S1-D1:     -2.754    -4.122  0.0000431      -2.684    -3.124  0.0018706       2.924     0.984  0.3256359      -1.083    -0.373  0.7096165       0.419     2.691  0.0073233    
S1-D2:      0.068     0.081  0.9352620      -1.655    -1.466  0.1430747       0.911     0.427  0.6691843      -0.231    -0.117  0.9070038       0.269    -0.316  0.7523743    
S1-D3:     -3.188    -3.320  0.0009563      -2.894    -2.409  0.0162983       1.652     0.444  0.6569915      -0.365    -0.099  0.9212591       0.425     2.830  0.0048169    
S2-D2:     -2.055    -1.962  0.0502234      -2.684    -1.793  0.0735716      -3.495    -0.772  0.4406150       2.366     0.558  0.5771187       1.456     4.450  0.0000103    
S2-D4:     -3.087    -2.406  0.0164436      -2.729    -1.424  0.1548864      -7.155    -1.208  0.2276484       7.833     1.430  0.1533281       1.024     2.983  0.0029742    
S2-D9:     -0.239    -0.237  0.8124515      -0.509    -0.329  0.7422609      -6.815    -1.278  0.2017113       5.847     1.187  0.2358297       0.399     1.987  0.0473577    
S3-D1:     -1.477    -1.927  0.0544265      -0.662    -0.679  0.4972292       2.593     0.821  0.4120646      -0.332    -0.107  0.9148996      -0.845    -0.355  0.7227876    
S3-D3:     -2.343    -3.012  0.0027079      -1.856    -1.858  0.0636746       1.036     0.315  0.7532208       1.031     0.320  0.7491320      -0.158     1.358  0.1749488    
S3-D5:     -2.102    -3.115  0.0019289      -1.109    -1.264  0.2068799       3.506     1.114  0.2657080      -1.728    -0.565  0.5726184      -0.164     1.025  0.3056868    
S4-D2:     -1.306    -1.598  0.1106991      -2.060    -1.819  0.0694095      -3.508    -1.125  0.2612277       3.897     1.324  0.1859501       0.315     2.551  0.0109933    
S4-D3:     -2.282    -2.429  0.0154284      -2.323    -1.852  0.0645371      -0.947    -0.240  0.8103244       1.816     0.479  0.6324398       0.452     2.695  0.0072423    
S4-D4:     -1.232    -1.538  0.1246594      -2.617    -2.120  0.0344637       5.698     1.515  0.1303810      -4.348    -1.263  0.2071790       0.691     0.865  0.3872448    
S4-D6:     -0.373    -0.362  0.7174495      -0.069    -0.045  0.9644139       0.181     0.043  0.9655296      -0.094    -0.024  0.9804707       0.428    -0.169  0.8657219    
S5-D3:     -2.539    -3.119  0.0019068      -1.387    -1.328  0.1845615      -0.641    -0.187  0.8514367       1.389     0.414  0.6786676       0.224     2.766  0.0058605    
S5-D5:     -3.004    -3.121  0.0018926      -1.954    -1.644  0.1007080       0.368     0.110  0.9122864       0.427     0.128  0.8985465       0.741     2.154  0.0316664    
S5-D6:      0.056     0.055  0.9558620       1.165     0.796  0.4263634      -2.326    -0.687  0.4921552       1.740     0.562  0.5741472       0.485    -0.484  0.6286835    
S5-D7:     -2.762    -2.603  0.0094826      -2.333    -1.679  0.0937753      -3.684    -0.951  0.3422127       4.349     1.158  0.2473905       0.570     2.767  0.0058309    
S6-D5:     -1.972    -2.842  0.0046399      -0.642    -0.725  0.4690235      -0.213    -0.072  0.9423321       1.182     0.409  0.6830062      -0.040     1.628  0.1041667    
S6-D7:     -2.356    -1.830  0.0677413      -2.156    -1.288  0.1983903      -2.739    -0.716  0.4740215       3.468     0.938  0.3485300       0.356     1.898  0.0581346    
S7-D6:     -2.019    -1.574  0.1160747      -2.967    -1.670  0.0954040      -2.664    -0.682  0.4954733       3.283     0.903  0.3666506       0.589     2.315  0.0209630    
S7-D7:     -2.978    -2.425  0.0155952      -2.195    -1.288  0.1982618      -8.414    -1.601  0.1098395       8.407     1.690  0.0916292       1.194     3.238  0.0012727    
S7-D8:      0.307     0.294  0.7685078      -0.829    -0.512  0.6089187       4.539     0.904  0.3665837      -4.543    -0.989  0.3232950       0.527    -0.189  0.8498704    
S7-D14:      0.040     0.043  0.9657424      -0.202    -0.140  0.8885807      -6.453    -1.597  0.1108954       5.451     1.484  0.1382532       0.390     1.717  0.0865530    
S8-D7:      0.586     0.531  0.5954941      -0.599    -0.419  0.6756545      -1.347    -0.319  0.7496674       1.889     0.460  0.6459650       0.537    -1.046  0.2962296    
S8-D8:     -0.426    -0.531  0.5957991      -2.167    -1.742  0.0821005       5.514     1.449  0.1478602      -4.823    -1.387  0.1659430       0.540     0.624  0.5330561    
S9-D4:     -1.025    -1.150  0.2505761      -2.381    -2.023  0.0435522      -2.030    -0.541  0.5886119       3.774     1.041  0.2985152       0.700    -0.083  0.9339725    
S9-D6:     -1.332    -2.052  0.0406336      -1.631    -1.831  0.0676881      -1.403    -0.955  0.3401377       1.458     1.105  0.2697486       0.611     2.575  0.0102761    
S9-D12:     -0.238    -0.301  0.7632199      -0.563    -0.484  0.6285334       0.593     0.214  0.8309183       0.418     0.166  0.8685683       0.092    -1.031  0.3031104    
S9-D14:     -0.724    -0.713  0.4759367      -1.526    -1.021  0.3078441      -3.639    -0.878  0.3800429       3.556     0.931  0.3521317       0.286     2.005  0.0453925    
S10-D9:      0.129     0.142  0.8870678      -1.433    -1.071  0.2847534       2.349     0.682  0.4955613      -1.985    -0.629  0.5293879       0.552    -0.062  0.9504341    
S10-D10:     -3.132    -3.398  0.0007248      -2.269    -1.921  0.0552377      -2.087    -0.528  0.5978004       3.801     0.981  0.3267786       0.324     2.290  0.0223907    
S10-D11:     -3.523    -3.037  0.0024942      -4.599    -3.144  0.0017498      -4.148    -0.933  0.3512525       5.631     1.280  0.2010411       0.770     3.180  0.0015531    
S11-D4:     -1.467    -1.250  0.2116514      -2.032    -1.200  0.2307782      -4.658    -0.902  0.3676546       5.027     1.042  0.2978593       0.375     2.066  0.0392484    
S11-D9:     -0.866    -0.774  0.4390163      -1.486    -0.915  0.3605374      -2.859    -0.723  0.4697727       2.541     0.702  0.4831506       0.440     2.068  0.0391057    
S11-D11:     -1.484    -1.481  0.1390857      -1.753    -1.302  0.1935091      -2.417    -0.565  0.5721599       2.855     0.696  0.4866819       0.121     2.156  0.0315096    
S11-D12:     -2.424    -2.923  0.0036071      -3.020    -2.827  0.0048672      -3.334    -1.022  0.3073064       4.461     1.398  0.1625643       0.570     3.071  0.0022327    
S12-D10:     -1.970    -2.387  0.0172995      -1.732    -1.654  0.0986134       2.296     0.698  0.4852958       0.360     0.111  0.9116970      -0.693     0.396  0.6918954    
S12-D11:     -1.825    -1.959  0.0506170      -1.539    -1.275  0.2028771      -0.794    -0.192  0.8477780       2.712     0.673  0.5009575      -0.412     0.834  0.4047792    
S12-D13:     -2.289    -2.275  0.0232637      -2.113    -1.669  0.0956380       2.457     0.631  0.5282805      -0.170    -0.044  0.9647522      -0.582     1.229  0.2194237    
S13-D11:     -3.701    -3.706  0.0002306      -3.223    -2.464  0.0140482      -3.759    -0.831  0.4061259       5.666     1.292  0.1968661       0.686     3.031  0.0025453    
S13-D12:     -2.952    -2.575  0.0102685      -2.369    -1.509  0.1318979      -4.873    -1.009  0.3133027       5.980     1.301  0.1936201       0.548     2.555  0.0108651    
S13-D13:     -2.450    -2.637  0.0085893      -1.738    -1.468  0.1427028      -1.336    -0.371  0.7109881       1.439     0.406  0.6848629       0.592     3.013  0.0027000    
S13-D15:     -0.409    -0.412  0.6805346       0.999     0.648  0.5171308      -9.000    -1.824  0.0686031       7.826     1.729  0.0843089       0.200     1.469  0.1424985    
S14-D12:     -1.098    -1.213  0.2255601      -1.799    -1.438  0.1510369      -0.595    -0.252  0.8014522       1.712     0.791  0.4295147       1.185     0.024  0.9810224    
S14-D14:     -2.282    -1.889  0.0594356      -1.796    -1.076  0.2823942      -6.082    -1.171  0.2421963       6.068     1.231  0.2187719       0.692     2.688  0.0073870    
S14-D15:     -0.264    -0.314  0.7535093      -0.165    -0.145  0.8849223      -0.470    -0.241  0.8092995      -0.507    -0.285  0.7754136      -0.261     1.709  0.0879383    
S14-D16:     -0.712    -0.920  0.3581736      -0.143    -0.120  0.9047190      -7.729    -1.939  0.0530449       6.647     1.807  0.0712435       0.820     2.767  0.0058316    
S15-D13:     -1.956    -2.538  0.0114055      -1.988    -2.064  0.0395076       3.182     1.093  0.2746615      -1.060    -0.366  0.7142169      -0.570     1.338  0.1812613    
S15-D15:     -1.003    -1.304  0.1926053      -0.716    -0.719  0.4722886       0.810     0.237  0.8129616       0.163     0.049  0.9610601      -0.473     0.786  0.4320368    
S16-D15:     -0.723    -0.765  0.4448534      -1.195    -0.937  0.3491413      -2.900    -0.732  0.4643871       2.057     0.542  0.5879765       0.337     2.608  0.0093504    
S16-D16:     -1.162    -0.946  0.3444137      -1.397    -0.810  0.4184933      -5.256    -0.970  0.3326664       4.822     0.943  0.3462012       0.505     2.123  0.0341533    


GLM CONTRAST RESULTS
Contrast 1: 2 + 4 + 5 + 6 > Baseline
Contrast 2: 2 + 4 + 5 > 6 
Contrast 3: 2 + 4 + 6 > 5 
Contrast 4: 2 + 5 + 6 > 4 
Contrast 5: 4 + 5 + 6 > 2 

Contrast results per channel for Oxy(t, p values)
S1-D1:     -2.905  0.0038105      -1.284  0.1995768      -0.156  0.8764700       1.158  0.2472806       0.806  0.4204780    
S1-D2:     -4.665  0.0000038      -0.908  0.3643330      -0.807  0.4198063       0.088  0.9298087      -0.520  0.6033247    
S1-D3:     -3.683  0.0002526      -1.395  0.1634041      -0.175  0.8609847       0.673  0.5009407       1.033  0.3020303    
S2-D2:     -3.969  0.0000814      -1.329  0.1842428       0.122  0.9029321      -0.459  0.6467451      -0.414  0.6790063    
S2-D4:     -3.189  0.0015046      -1.678  0.0938075       0.627  0.5310749      -0.334  0.7385977       0.671  0.5025540    
S2-D9:     -2.955  0.0032491      -2.013  0.0445684       1.122  0.2622952      -0.571  0.5679481       0.476  0.6343245    
S3-D1:     -0.599  0.5495426      -0.690  0.4905237      -0.248  0.8039338       1.725  0.0850619       2.678  0.0076244    
S3-D3:     -2.771  0.0057707      -1.463  0.1439313      -0.058  0.9539222       1.365  0.1726696       2.049  0.0409331    
S3-D5:     -2.508  0.0124043      -0.930  0.3528189      -0.521  0.6022835       1.220  0.2229544       2.633  0.0086862    
S4-D2:     -4.354  0.0000158      -1.452  0.1470723      -0.083  0.9340535       0.111  0.9115227       0.228  0.8201012    
S4-D3:     -3.953  0.0000867      -1.586  0.1132057       0.123  0.9020878      -0.060  0.9525009       0.790  0.4296278    
S4-D4:     -4.010  0.0000686      -2.037  0.0420944       0.660  0.5095760      -0.163  0.8704982       1.598  0.1106003    
S4-D6:     -3.368  0.0008065      -1.790  0.0739152       0.494  0.6216166      -0.107  0.9149265       0.636  0.5248691    
S5-D3:     -2.810  0.0051271      -1.439  0.1507470       0.284  0.7762072      -0.069  0.9450562       0.751  0.4527275    
S5-D5:     -2.224  0.0265271      -1.713  0.0872919       0.434  0.6643601       0.344  0.7313050       0.301  0.7637916    
S5-D6:     -2.016  0.0442597      -1.847  0.0653070       0.738  0.4610754      -0.116  0.9079381       0.470  0.6386973    
S5-D7:     -1.651  0.0992389      -1.748  0.0809137       1.115  0.2653690      -1.052  0.2933290       0.231  0.8170217    
S6-D5:     -1.785  0.0747241      -1.533  0.1257934       0.471  0.6379066       0.550  0.5822466       1.148  0.2513090    
S6-D7:     -1.815  0.0700658      -1.821  0.0690963       0.904  0.3664574      -0.147  0.8834769       0.245  0.8064688    
S7-D6:     -1.799  0.0725804      -1.906  0.0571345       0.970  0.3325872      -0.203  0.8388825       0.492  0.6228437    
S7-D7:     -2.313  0.0210876      -1.965  0.0498907       0.865  0.3874727      -0.323  0.7470336       0.241  0.8097999    
S7-D8:     -2.077  0.0382072      -1.693  0.0909443       0.959  0.3378195      -0.363  0.7166844       0.234  0.8146948    
S7-D14:     -1.474  0.1411404      -1.690  0.0916431       1.089  0.2766018      -0.537  0.5915585      -0.328  0.7430227    
S8-D7:     -2.689  0.0073838      -2.118  0.0345973       1.030  0.3034145      -0.275  0.7832399      -0.003  0.9972448    
S8-D8:     -3.364  0.0008178      -2.112  0.0350935       0.837  0.4030891       0.115  0.9087514       0.745  0.4566091    
S9-D4:     -2.130  0.0335943      -2.266  0.0237903       1.424  0.1549443      -0.666  0.5057571       0.869  0.3853781    
S9-D6:     -1.910  0.0566180      -1.933  0.0536897       1.053  0.2927734      -0.310  0.7567228       0.572  0.5678537    
S9-D12:     -1.664  0.0967204      -0.442  0.6589647      -0.101  0.9197483      -1.253  0.2106779      -0.565  0.5726242    
S9-D14:     -1.439  0.1507270      -1.640  0.1014691       0.956  0.3392411      -0.427  0.6698124      -0.219  0.8265663    
S10-D9:     -3.081  0.0021624      -2.034  0.0424228       1.051  0.2935511      -0.169  0.8662160      -0.549  0.5830026    
S10-D10:     -2.572  0.0103479      -1.594  0.1114809       0.309  0.7572681       0.768  0.4428834       1.423  0.1553231    
S10-D11:     -3.356  0.0008429      -1.805  0.0715655       0.781  0.4352299      -0.293  0.7698286      -0.665  0.5060214    
S11-D4:     -3.208  0.0014127      -2.296  0.0220427       1.136  0.2562321      -0.268  0.7890633       1.247  0.2130514    
S11-D9:     -2.221  0.0267164      -1.762  0.0786454       1.044  0.2970130      -0.552  0.5810119       0.506  0.6129676    
S11-D11:     -2.869  0.0042707      -1.464  0.1436757       0.475  0.6349283      -0.173  0.8623979       0.504  0.6146587    
S11-D12:     -3.003  0.0027878      -1.787  0.0745172       0.615  0.5389352      -0.398  0.6906068       1.097  0.2732344    
S12-D10:     -1.338  0.1815514      -1.134  0.2573699      -0.088  0.9297521       2.199  0.0282642       2.255  0.0244969    
S12-D11:     -1.908  0.0569312      -1.924  0.0549025       0.929  0.3530516       0.979  0.3280017       1.600  0.1101461    
S12-D13:     -1.471  0.1418696      -1.155  0.2486797       0.113  0.9100481       1.533  0.1257142       1.621  0.1056210    
S13-D11:     -2.517  0.0121047      -1.849  0.0649316       0.862  0.3890288      -0.072  0.9430035       0.765  0.4444769    
S13-D12:     -2.018  0.0440507      -2.054  0.0404016       1.006  0.3146394      -0.166  0.8684205       0.575  0.5655458    
S13-D13:     -1.546  0.1225450      -1.623  0.1051947       0.846  0.3980907      -0.008  0.9936652       0.176  0.8601755    
S13-D15:     -1.492  0.1363480      -1.926  0.0546405       1.240  0.2154292      -0.326  0.7447876       0.186  0.8522817    
S14-D12:     -1.732  0.0837992      -2.072  0.0386983       1.188  0.2352075      -0.208  0.8351508       0.555  0.5790637    
S14-D14:     -1.512  0.1310932      -1.793  0.0735512       1.057  0.2907734      -0.273  0.7846124      -0.279  0.7801155    
S14-D15:     -1.380  0.1679957      -2.096  0.0365387       1.475  0.1407540      -0.627  0.5307563       0.272  0.7853513    
S14-D16:     -2.768  0.0058270      -1.107  0.2688219       0.023  0.9820501       0.106  0.9159478       0.506  0.6130007    
S15-D13:     -1.550  0.1216127      -1.246  0.2133674      -0.028  0.9773284       1.603  0.1094275       0.857  0.3918390    
S15-D15:     -0.885  0.3765620      -1.840  0.0662247       1.335  0.1823754       0.022  0.9822814       0.205  0.8378148    
S16-D15:     -1.769  0.0773392      -1.576  0.1155353       0.920  0.3580429      -0.730  0.4659108      -0.755  0.4505866    
S16-D16:     -3.490  0.0005204      -1.890  0.0592527       0.764  0.4451248      -0.056  0.9553876       0.647  0.5179693    
Contrast results per channel for DeOxy(t, p values)
S1-D1:     -2.683  0.0075045       0.517  0.6050185      -2.055  0.0402854       0.041  0.9672145       2.727  0.0065849    
S1-D2:      1.070  0.2849292      -0.336  0.7366267       0.605  0.5451403       2.222  0.0266922      -2.044  0.0414236    
S1-D3:     -1.792  0.0736124       0.997  0.3190005      -1.977  0.0485250      -0.029  0.9765359       1.372  0.1704781    
S2-D2:     -1.086  0.2777153       0.254  0.7998898      -0.439  0.6608779       0.177  0.8594181      -2.403  0.0165580    
S2-D4:     -2.039  0.0418616      -1.710  0.0878254       0.351  0.7257993       0.556  0.5787244       0.575  0.5652238    
S2-D9:     -1.387  0.1658298      -0.961  0.3368581       0.229  0.8189556       0.786  0.4320929      -1.244  0.2140510    
S3-D1:     -0.248  0.8042605       1.368  0.1717580      -1.954  0.0511498      -0.488  0.6257230       3.119  0.0019027    
S3-D3:     -0.472  0.6369271       1.030  0.3033386      -1.743  0.0819250      -0.068  0.9456990       2.762  0.0059307    
S3-D5:     -1.040  0.2989256       1.197  0.2319224      -2.132  0.0334393      -0.149  0.8817774       3.007  0.0027531    
S4-D2:      2.452  0.0144969       0.083  0.9336868       0.896  0.3705862       1.241  0.2152390      -0.893  0.3720178    
S4-D3:     -0.715  0.4749935       0.085  0.9320869      -0.759  0.4484107       0.419  0.6751250       0.609  0.5429330    
S4-D4:      1.662  0.0970162       0.466  0.6412839       0.019  0.9846667       1.415  0.1576791      -0.919  0.3586131    
S4-D6:      1.271  0.2043531      -0.285  0.7755429       0.603  0.5469559       0.860  0.3899104       0.032  0.9744093    
S5-D3:     -1.983  0.0478886       0.245  0.8067841      -1.435  0.1517751      -0.220  0.8263066       2.872  0.0042301    
S5-D5:     -3.512  0.0004798       1.023  0.3068706      -2.611  0.0092664      -1.167  0.2436612       1.964  0.0500289    
S5-D6:     -0.003  0.9972668      -0.346  0.7292246       0.228  0.8200499       0.629  0.5297616      -0.146  0.8839383    
S5-D7:     -2.681  0.0075564      -0.716  0.4740214      -0.745  0.4567826       0.895  0.3711149       0.809  0.4187221    
S6-D5:     -1.764  0.0782470       1.057  0.2908958      -2.009  0.0450424      -1.176  0.2399997       2.966  0.0031466    
S6-D7:     -1.489  0.1371256      -0.325  0.7453946      -0.754  0.4510113       0.326  0.7443116       0.325  0.7451407    
S7-D6:     -0.055  0.9561080       0.974  0.3302174      -1.120  0.2630905       1.294  0.1960143      -1.069  0.2854600    
S7-D7:     -2.572  0.0103466      -1.947  0.0520056       0.893  0.3719919       0.008  0.9933530       0.776  0.4378099    
S7-D8:      0.168  0.8669091      -0.713  0.4763201       0.651  0.5154863       0.919  0.3584530      -0.383  0.7017154    
S7-D14:     -1.134  0.2572996      -0.865  0.3874744       0.292  0.7703421       0.772  0.4406733      -1.654  0.0986278    
S8-D7:      1.440  0.1504327      -0.011  0.9914648       0.329  0.7420224       1.557  0.1199026      -0.610  0.5423181    
S8-D8:      1.627  0.1042827       0.755  0.4503644      -0.206  0.8371730       1.105  0.2694207      -1.070  0.2852346    
S9-D4:     -0.227  0.8204007      -0.951  0.3420689       0.249  0.8031042       3.089  0.0021026      -0.185  0.8531401    
S9-D6:     -0.815  0.4154118      -0.553  0.5801991      -0.395  0.6929379       1.935  0.0535183       0.385  0.7001874    
S9-D12:      2.309  0.0213045       0.947  0.3439411      -0.374  0.7082707       2.208  0.0276098      -0.581  0.5613334    
S9-D14:     -1.777  0.0760784       0.167  0.8671770      -1.144  0.2531573       1.561  0.1191039      -1.290  0.1975918    
S10-D9:      1.427  0.1542216       0.102  0.9189264       0.598  0.5499373       0.307  0.7588435      -0.701  0.4835106    
S10-D10:     -2.391  0.0171345      -0.757  0.4492462      -0.708  0.4792416      -0.118  0.9063724       3.318  0.0009630    
S10-D11:     -2.903  0.0038380      -1.100  0.2719045      -0.557  0.5776637       1.655  0.0984028       0.693  0.4887340    
S11-D4:     -0.849  0.3962959      -0.346  0.7292413      -0.418  0.6763819       1.057  0.2911127      -0.364  0.7159751    
S11-D9:      1.476  0.1406077       1.070  0.2850482      -0.324  0.7459750       0.962  0.3366342      -1.148  0.2515588    
S11-D11:      1.558  0.1198832       0.418  0.6758508       0.300  0.7642397       0.435  0.6638286       0.426  0.6700430    
S11-D12:     -1.805  0.0715629      -1.675  0.0945064      -0.051  0.9590262       1.940  0.0528110      -0.295  0.7678507    
S12-D10:     -0.642  0.5209481       1.137  0.2560899      -1.981  0.0481080      -0.037  0.9707725       3.092  0.0020848    
S12-D11:     -0.383  0.7015608       1.105  0.2696073      -1.845  0.0655522       0.533  0.5939885       2.517  0.0121136    
S12-D13:     -1.103  0.2704924       1.293  0.1965608      -2.230  0.0261041       0.030  0.9762480       2.382  0.0175325    
S13-D11:     -3.367  0.0008116      -1.491  0.1366260      -0.367  0.7140360       1.437  0.1512269       2.937  0.0034488    
S13-D12:     -2.597  0.0096387      -0.921  0.3573029      -0.696  0.4864855       0.853  0.3940328       1.256  0.2094738    
S13-D13:     -3.970  0.0000811       0.686  0.4927681      -2.219  0.0268978      -0.957  0.3390900       0.646  0.5184967    
S13-D15:     -1.397  0.1628517      -1.103  0.2703414       0.367  0.7135418      -0.321  0.7484425       0.407  0.6842516    
S14-D12:     -0.491  0.6232875       0.249  0.8032001      -0.665  0.5062473       0.968  0.3334722      -0.228  0.8199157    
S14-D14:     -2.764  0.0059010      -0.890  0.3737383      -0.314  0.7540077       0.203  0.8392115       0.676  0.4996101    
S14-D15:      1.618  0.1061034       0.996  0.3194254       0.006  0.9948693      -0.351  0.7254000      -0.880  0.3794246    
S14-D16:      0.972  0.3313294       0.443  0.6580990       0.061  0.9513647      -0.093  0.9261009      -0.853  0.3940549    
S15-D13:     -1.478  0.1399178       1.362  0.1738424      -2.527  0.0117783       0.226  0.8210219       2.501  0.0126616    
S15-D15:     -1.272  0.2038672       1.261  0.2078671      -2.260  0.0242094       0.444  0.6575046       2.526  0.0117876    
S16-D15:     -1.758  0.0792006       0.286  0.7751133      -0.768  0.4427950      -0.103  0.9177144      -1.301  0.1938885    
S16-D16:      1.667  0.0959936      -0.006  0.9950862       0.773  0.4400340       0.735  0.4628404      -0.845  0.3983970    
Contrast results per channel for Total(t, p values)
S1-D1:     -3.645  0.0002919      -0.238  0.8117668      -1.574  0.1161151       1.607  0.1085010       2.709  0.0069493    
S1-D2:     -0.684  0.4943248      -0.109  0.9130938      -0.583  0.5601290       1.623  0.1051147      -1.117  0.2642865    
S1-D3:     -3.373  0.0007929      -0.529  0.5968658      -1.077  0.2819192       0.624  0.5328907       1.428  0.1539249    
S2-D2:     -3.604  0.0003400      -1.228  0.2199182       0.119  0.9050579      -0.267  0.7895568      -1.749  0.0808965    
S2-D4:     -2.545  0.0111912      -1.884  0.0601225       0.743  0.4579666       0.133  0.8940552       0.861  0.3895105    
S2-D9:     -1.089  0.2767585      -1.360  0.1744997       1.077  0.2818170      -0.352  0.7252003      -1.290  0.1976739    
S3-D1:      0.107  0.9148545       0.122  0.9030303      -0.793  0.4283087       1.147  0.2519263       3.688  0.0002474    
S3-D3:     -1.846  0.0653645      -0.628  0.5301841      -0.631  0.5283614       1.230  0.2190374       3.078  0.0021834    
S3-D5:     -1.438  0.1509182       0.321  0.7485963      -1.329  0.1845004       0.699  0.4849678       3.953  0.0000867    
S4-D2:     -2.339  0.0196541      -1.778  0.0760103       0.623  0.5332640       0.804  0.4215963      -0.451  0.6524663    
S4-D3:     -2.629  0.0087814      -0.941  0.3471044      -0.229  0.8193355       0.572  0.5677966       0.865  0.3872234    
S4-D4:     -1.958  0.0507382       0.899  0.3689422      -1.761  0.0787677       1.769  0.0774654      -0.049  0.9612882    
S4-D6:     -0.214  0.8302611      -0.022  0.9827694      -0.081  0.9356763      -0.113  0.9103140       0.417  0.6769323    
S5-D3:     -2.629  0.0087932      -0.858  0.3913964      -0.274  0.7842264      -0.301  0.7635763       2.181  0.0295926    
S5-D5:     -2.903  0.0038332      -0.720  0.4718594      -0.722  0.4706056      -0.154  0.8777606       1.489  0.1369122    
S5-D6:      0.389  0.6971883      -0.448  0.6541272       0.731  0.4649575      -0.933  0.3512363       0.547  0.5846248    
S5-D7:     -2.737  0.0063903      -1.681  0.0933126       0.370  0.7118209       0.131  0.8958112       0.955  0.3399271    
S6-D5:     -1.602  0.1096310      -0.669  0.5039123      -0.205  0.8378537      -0.317  0.7510221       3.082  0.0021511    
S6-D7:     -1.862  0.0631648      -1.387  0.1658389       0.213  0.8313674       0.227  0.8202302       0.587  0.5574411    
S7-D6:     -2.121  0.0343555      -1.450  0.1475339       0.116  0.9080400       0.682  0.4955424      -0.245  0.8067241    
S7-D7:     -2.747  0.0062059      -2.157  0.0314274       1.077  0.2821333      -0.369  0.7123666       0.644  0.5195306    
S7-D8:     -0.317  0.7516892       0.932  0.3515667      -0.912  0.3621390       0.556  0.5781979      -1.184  0.2370092    
S7-D14:     -0.771  0.4408053      -1.641  0.1012640       1.373  0.1704050      -0.425  0.6710416      -1.468  0.1425854    
S8-D7:      0.317  0.7511553      -0.381  0.7036416       0.374  0.7083213       0.934  0.3505660      -0.541  0.5888419    
S8-D8:     -1.485  0.1379880       1.116  0.2647366      -1.617  0.1064385       1.562  0.1187650      -1.422  0.1554758    
S9-D4:     -1.240  0.2155894      -1.229  0.2195474       0.314  0.7537918       2.069  0.0389930       0.422  0.6733001    
S9-D6:     -2.677  0.0076371      -2.164  0.0308779      -0.031  0.9754517       0.285  0.7758114      -0.312  0.7552343    
S9-D12:      0.164  0.8697445      -0.122  0.9031091      -0.165  0.8693202       0.932  0.3517927       0.938  0.3488809    
S9-D14:     -1.448  0.1481327      -1.220  0.2229600       0.568  0.5701589       0.388  0.6983036      -0.938  0.3488146    
S10-D9:     -0.647  0.5178952       0.476  0.6344862      -0.769  0.4420991       1.171  0.2422432      -1.414  0.1580143    
S10-D10:     -2.702  0.0071045      -1.407  0.1598488       0.061  0.9514527       0.560  0.5754318       2.622  0.0089684    
S10-D11:     -3.847  0.0001331      -1.956  0.0509273       0.184  0.8542351       1.328  0.1848659       0.308  0.7581172    
S11-D4:     -1.712  0.0873892      -1.345  0.1792542       0.577  0.5642536       0.440  0.6601632      -0.176  0.8607186    
S11-D9:     -1.493  0.1360649      -1.055  0.2918590       0.361  0.7183070       0.150  0.8804719      -0.883  0.3777256    
S11-D11:     -1.845  0.0655953      -1.007  0.3144116       0.233  0.8159529       0.415  0.6784324       0.167  0.8671883    
S11-D12:     -3.472  0.0005560      -1.998  0.0461658       0.354  0.7231037       1.249  0.2122523       0.591  0.5547703    
S12-D10:     -0.853  0.3941218      -0.262  0.7933089      -0.847  0.3974968       1.774  0.0765668       3.169  0.0016122    
S12-D11:     -1.047  0.2955954      -0.825  0.4094762       0.017  0.9864803       1.057  0.2910662       2.261  0.0241417    
S12-D13:     -1.416  0.1572229      -0.221  0.8248916      -0.892  0.3729499       1.265  0.2062841       2.148  0.0321680    
S13-D11:     -3.381  0.0007720      -1.807  0.0712232       0.273  0.7848100       0.855  0.3926320       2.312  0.0211086    
S13-D12:     -2.403  0.0165558      -1.713  0.0872569       0.557  0.5774397       0.265  0.7913622       1.485  0.1381993    
S13-D13:     -2.943  0.0033852      -0.945  0.3449711      -0.193  0.8467992      -0.394  0.6934166       0.791  0.4294025    
S13-D15:     -0.370  0.7113386      -1.795  0.0731224       1.689  0.0917141      -1.327  0.1851859       0.253  0.8001334    
S14-D12:     -1.223  0.2218632      -1.165  0.2443505      -0.113  0.9100499       1.127  0.2602199       0.429  0.6677693    
S14-D14:     -2.211  0.0274424      -1.605  0.1089313       0.756  0.4501598      -0.238  0.8122317       0.397  0.6917164    
S14-D15:     -1.033  0.3021427      -0.107  0.9150772      -0.107  0.9148826      -0.704  0.4819493      -0.900  0.3686933    
S14-D16:     -1.590  0.1122719      -2.069  0.0390302       1.631  0.1034071      -1.090  0.2763031      -0.700  0.4839584    
S15-D13:     -1.594  0.1115572       0.049  0.9605644      -1.389  0.1653470       1.676  0.0943106       2.314  0.0210395    
S15-D15:     -0.656  0.5123011      -0.156  0.8762950      -0.342  0.7323636       0.538  0.5909785       1.564  0.1184386    
S16-D15:     -1.921  0.0552557      -0.879  0.3796429       0.375  0.7080387      -0.231  0.8177770      -1.378  0.1687719    
S16-D16:     -1.584  0.1137197      -1.211  0.2264923       0.672  0.5016357      -0.092  0.9270038      -0.558  0.5773820    
Explained VarianceOxy(R squared)
S1-D1:      0.000  0.1226024    0.0000000    
S1-D2:      0.002  0.2029497    0.0000000    
S1-D3:      0.001  0.1540014    0.0000000    
S2-D2:      0.002  0.2091024    0.0000000    
S2-D4:      0.001  0.1597781    0.0000000    
S2-D9:      0.001  0.1719827    0.0000000    
S3-D1:      0.000  0.1313340    0.0000000    
S3-D3:      0.000  0.1328752    0.0000000    
S3-D5:      0.000  0.1419259    0.0000000    
S4-D2:      0.001  0.1936533    0.0000000    
S4-D3:      0.001  0.1771952    0.0000000    
S4-D4:      0.001  0.1884755    0.0000000    
S4-D6:      0.001  0.1540221    0.0000000    
S5-D3:      0.000  0.1242192    0.0000000    
S5-D5:      0.000  0.1055323    0.0000000    
S5-D6:      0.000  0.1053399    0.0000000    
S5-D7:      0.000  0.1173113    0.0000000    
S6-D5:      0.000  0.0892987    0.0000000    
S6-D7:      0.000  0.1041412    0.0000000    
S7-D6:      0.000  0.1042920    0.0000000    
S7-D7:      0.000  0.1277190    0.0000000    
S7-D8:      0.000  0.1161308    0.0000000    
S7-D14:      0.000  0.1100422    0.0000000    
S8-D7:      0.001  0.1589458    0.0000000    
S8-D8:      0.001  0.1655367    0.0000000    
S9-D4:      0.000  0.1357580    0.0000000    
S9-D6:      0.000  0.1095730    0.0000000    
S9-D12:      0.000  0.0980421    0.0000000    
S9-D14:      0.000  0.1011835    0.0000000    
S10-D9:      0.002  0.1982115    0.0000000    
S10-D10:      0.000  0.1155449    0.0000000    
S10-D11:      0.001  0.1933797    0.0000000    
S11-D4:      0.001  0.1608415    0.0000000    
S11-D9:      0.000  0.1309202    0.0000000    
S11-D11:      0.000  0.1330217    0.0000000    
S11-D12:      0.000  0.1404952    0.0000000    
S12-D10:      0.000  0.1330594    0.0000000    
S12-D11:      0.000  0.1116706    0.0000000    
S12-D13:      0.000  0.1013782    0.0000000    
S13-D11:      0.000  0.1230417    0.0000000    
S13-D12:      0.000  0.1141335    0.0000000    
S13-D13:      0.000  0.0895639    0.0000000    
S13-D15:      0.000  0.1083409    0.0000000    
S14-D12:      0.000  0.1070351    0.0000000    
S14-D14:      0.000  0.1088053    0.0000000    
S14-D15:      0.000  0.1142240    0.0000000    
S14-D16:      0.000  0.1210929    0.0000000    
S15-D13:      0.000  0.0973822    0.0000000    
S15-D15:      0.000  0.0999508    0.0000000    
S16-D15:      0.000  0.1340453    0.0000000    
S16-D16:      0.001  0.1723547    0.0000000    
Explained VarianceDeOxy(R squared)
S1-D1:      0.001  0.1866443    0.0000000    
S1-D2:      0.001  0.1639385    0.0000000    
S1-D3:      0.000  0.1317535    0.0000000    
S2-D2:      0.000  0.1230091    0.0000000    
S2-D4:      0.000  0.0992229    0.0000000    
S2-D9:      0.000  0.0999144    0.0000000    
S3-D1:      0.001  0.1781963    0.0000000    
S3-D3:      0.001  0.1518957    0.0000000    
S3-D5:      0.001  0.1774953    0.0000000    
S4-D2:      0.000  0.1385213    0.0000000    
S4-D3:      0.000  0.0479743    0.0000000    
S4-D4:      0.000  0.1124662    0.0000000    
S4-D6:      0.000  0.0812311    0.0000000    
S5-D3:      0.001  0.1686013    0.0000000    
S5-D5:      0.002  0.2205180    0.0000000    
S5-D6:      0.000  0.0366217    0.0000000    
S5-D7:      0.000  0.1140943    0.0000000    
S6-D5:      0.002  0.2027093    0.0000000    
S6-D7:      0.000  0.0690659    0.0000000    
S7-D6:      0.000  0.0672754    0.0000000    
S7-D7:      0.000  0.1256565    0.0000000    
S7-D8:      0.000  0.0679891    0.0000000    
S7-D14:      0.000  0.1203358    0.0000000    
S8-D7:      0.000  0.1127650    0.0000000    
S8-D8:      0.000  0.1047369    0.0000000    
S9-D4:      0.001  0.1520027    0.0000000    
S9-D6:      0.000  0.0858689    0.0000000    
S9-D12:      0.000  0.1457411    0.0000000    
S9-D14:      0.000  0.1033875    0.0000000    
S10-D9:      0.000  0.0783902    0.0000000    
S10-D10:      0.001  0.1756916    0.0000000    
S10-D11:      0.000  0.1288584    0.0000000    
S11-D4:      0.000  0.0557093    0.0000000    
S11-D9:      0.000  0.0916403    0.0000000    
S11-D11:      0.000  0.0736269    0.0000000    
S11-D12:      0.000  0.1205163    0.0000000    
S12-D10:      0.001  0.1706334    0.0000000    
S12-D11:      0.000  0.1418995    0.0000000    
S12-D13:      0.001  0.1552665    0.0000000    
S13-D11:      0.001  0.1702723    0.0000000    
S13-D12:      0.000  0.1188363    0.0000000    
S13-D13:      0.002  0.2024581    0.0000000    
S13-D15:      0.000  0.0699442    0.0000000    
S14-D12:      0.000  0.0414699    0.0000000    
S14-D14:      0.000  0.1179811    0.0000000    
S14-D15:      0.000  0.0745246    0.0000000    
S14-D16:      0.000  0.0506340    0.0000000    
S15-D13:      0.001  0.1688080    0.0000000    
S15-D15:      0.001  0.1644624    0.0000000    
S16-D15:      0.000  0.0988070    0.0000000    
S16-D16:      0.000  0.0980701    0.0000000    
Explained VarianceTotal(R squared)
S1-D1:      0.001  0.1884289    0.0000000    
S1-D2:      0.000  0.0860290    0.0000000    
S1-D3:      0.001  0.1514713    0.0000000    
S2-D2:      0.002  0.2211519    0.0000000    
S2-D4:      0.000  0.1280525    0.0000000    
S2-D9:      0.000  0.1433845    0.0000000    
S3-D1:      0.001  0.1790966    0.0000000    
S3-D3:      0.000  0.1485086    0.0000000    
S3-D5:      0.002  0.2080865    0.0000000    
S4-D2:      0.000  0.1318155    0.0000000    
S4-D3:      0.000  0.1109693    0.0000000    
S4-D4:      0.000  0.0938765    0.0000000    
S4-D6:      0.000  0.0246596    0.0000000    
S5-D3:      0.000  0.1454586    0.0000000    
S5-D5:      0.000  0.1403521    0.0000000    
S5-D6:      0.000  0.0427246    0.0000000    
S5-D7:      0.000  0.1219875    0.0000000    
S6-D5:      0.001  0.1507976    0.0000000    
S6-D7:      0.000  0.0864484    0.0000000    
S7-D6:      0.000  0.1028132    0.0000000    
S7-D7:      0.000  0.1428496    0.0000000    
S7-D8:      0.000  0.0562468    0.0000000    
S7-D14:      0.000  0.1454866    0.0000000    
S8-D7:      0.000  0.0694434    0.0000000    
S8-D8:      0.000  0.0963690    0.0000000    
S9-D4:      0.000  0.1164114    0.0000000    
S9-D6:      0.000  0.1300807    0.0000000    
S9-D12:      0.000  0.0739384    0.0000000    
S9-D14:      0.000  0.1137122    0.0000000    
S10-D9:      0.000  0.0786971    0.0000000    
S10-D10:      0.000  0.1425001    0.0000000    
S10-D11:      0.001  0.1654409    0.0000000    
S11-D4:      0.000  0.1014536    0.0000000    
S11-D9:      0.000  0.1003315    0.0000000    
S11-D11:      0.000  0.0840944    0.0000000    
S11-D12:      0.001  0.1522634    0.0000000    
S12-D10:      0.001  0.1540168    0.0000000    
S12-D11:      0.000  0.1052590    0.0000000    
S12-D13:      0.000  0.1133367    0.0000000    
S13-D11:      0.001  0.1533859    0.0000000    
S13-D12:      0.000  0.1129269    0.0000000    
S13-D13:      0.000  0.1351622    0.0000000    
S13-D15:      0.000  0.0949475    0.0000000    
S14-D12:      0.000  0.0742328    0.0000000    
S14-D14:      0.000  0.1134606    0.0000000    
S14-D15:      0.000  0.0704232    0.0000000    
S14-D16:      0.001  0.1647378    0.0000000    
S15-D13:      0.000  0.1323617    0.0000000    
S15-D15:      0.000  0.0757615    0.0000000    
S16-D15:      0.000  0.1318261    0.0000000    
S16-D16:      0.000  0.1046029    0.0000000    
