0.0000000000  0.0000000000  0.0000000000  0.0000000000  1.0000000000  
0.0000000000  0.0000000000  0.0000000000  0.0000000000  1.0000000000  
0.0000000000  0.0000000000  0.0000000000  0.0000000000  1.0000000000  
0.0000000000  0.0000000000  0.0000000000  0.0000000000  1.0000000000  
0.0000000000  0.0000000000  0.0000000000  0.0000000000  1.0000000000  
0.0000000000  0.0000000000  0.0000000000  0.0000000000  1.0000000000  
0.0000000000  0.0000000000  0.0000000000  0.0000000000  1.0000000000  
0.0000000000  0.0000000000  0.0000000000  0.0000000000  1.0000000000  
0.0000000000  0.0000000000  0.0000000000  0.0000000000  1.0000000000  
0.0000000000  0.0000000000  0.0000000000  0.0000000000  1.0000000000  
0.0000000000  0.0000000000  0.0000000000  0.0000000000  1.0000000000  
0.0000000000  0.0000000000  0.0000000000  0.0000000000  1.0000000000  
0.0000000000  0.0000000000  0.0000000000  0.0000000000  1.0000000000  
0.0000000000  0.0000000000  0.0000000000  0.0000000000  1.0000000000  
0.0000000000  0.0000000000  0.0000000000  0.0000000000  1.0000000000  
0.0000000000  0.0000000000  0.0000000000  0.0000000000  1.0000000000  
0.0000000000  0.0000000000  0.0000000000  0.0000000000  1.0000000000  
0.0000000000  0.0000000000  0.0000000000  0.0000000000  1.0000000000  
0.0000000000  0.0000000000  0.0000000000  0.0000000000  1.0000000000  
0.0000000000  0.0000000000  0.0000000000  0.0000000000  1.0000000000  
0.0000000000  0.0000000000  0.0000000000  0.0000000000  1.0000000000  
0.0000000000  0.0000000000  0.0000000000  0.0000000000  1.0000000000  
0.0000000000  0.0000000000  0.0000000000  0.0000000000  1.0000000000  
0.0000000000  0.0000000000  0.0000000000  0.0000000000  1.0000000000  
0.0000000000  0.0000000000  0.0000000000  0.0000000000  1.0000000000  
0.0000004799  0.0000000000  0.0000000000  0.0000000000  1.0000000000  
0.0000130918  0.0000000000  0.0000000000  0.0000000000  1.0000000000  
0.0000917382  0.0000000000  0.0000000000  0.0000000000  1.0000000000  
0.0003638933  0.0000000000  0.0000000000  0.0000000000  1.0000000000  
0.0010459344  0.0000000000  0.0000000000  0.0000000000  1.0000000000  
0.0024396071  0.0000000000  0.0000000000  0.0000000000  1.0000000000  
0.0049132597  0.0000000000  0.0000000000  0.0000000000  1.0000000000  
0.0088736905  0.0000000000  0.0000000000  0.0000000000  1.0000000000  
0.0147343844  0.0000000000  0.0000000000  0.0000000000  1.0000000000  
0.0228848134  0.0000000000  0.0000000000  0.0000000000  1.0000000000  
0.0336640468  0.0000000000  0.0000000000  0.0000000000  1.0000000000  
0.0473405367  0.0000000000  0.0000000000  0.0000000000  1.0000000000  
0.0640988044  0.0000000000  0.0000000000  0.0000000000  1.0000000000  
0.0840328956  0.0000000000  0.0000000000  0.0000000000  1.0000000000  
0.1071458986  0.0000000000  0.0000000000  0.0000000000  1.0000000000  
0.1333544899  0.0000000000  0.0000000000  0.0000000000  1.0000000000  
0.1624973267  0.0000000000  0.0000000000  0.0000000000  1.0000000000  
0.1943461083  0.0000000000  0.0000000000  0.0000000000  1.0000000000  
0.2286182143  0.0000000000  0.0000000000  0.0000000000  1.0000000000  
0.2649899772  0.0000000000  0.0000000000  0.0000000000  1.0000000000  
0.3031098172  0.0000000000  0.0000000000  0.0000000000  1.0000000000  
0.3426106463  0.0000000000  0.0000000000  0.0000000000  1.0000000000  
0.3831211163  0.0000000000  0.0000000000  0.0000000000  1.0000000000  
0.4242754378  0.0000000000  0.0000000000  0.0000000000  1.0000000000  
0.4657216242  0.0000000000  0.0000000000  0.0000000000  1.0000000000  
0.5071281197  0.0000000000  0.0000000000  0.0000000000  1.0000000000  
0.5481888518  0.0000000000  0.0000000000  0.0000000000  1.0000000000  
0.5886268070  0.0000000000  0.0000000000  0.0000000000  1.0000000000  
0.6281962707  0.0000000000  0.0000000000  0.0000000000  1.0000000000  
0.6666838935  0.0000000000  0.0000000000  0.0000000000  1.0000000000  
0.7039087604  0.0000000000  0.0000000000  0.0000000000  1.0000000000  
0.7397216393  0.0000000000  0.0000000000  0.0000000000  1.0000000000  
0.7740035785  0.0000000000  0.0000000000  0.0000000000  1.0000000000  
0.8066640117  0.0000000000  0.0000000000  0.0000000000  1.0000000000  
0.8376385128  0.0000000000  0.0000000000  0.0000000000  1.0000000000  
0.8668863279  0.0000000000  0.0000000000  0.0000000000  1.0000000000  
0.8943877898  0.0000000000  0.0000000000  0.0000000000  1.0000000000  
0.9201417067  0.0000000000  0.0000000000  0.0000000000  1.0000000000  
0.9441627973  0.0000000000  0.0000000000  0.0000000000  1.0000000000  
0.9664792286  0.0000000000  0.0000000000  0.0000000000  1.0000000000  
0.9871302999  0.0000000000  0.0000000000  0.0000000000  1.0000000000  
1.0061643023  0.0000000000  0.0000000000  0.0000000000  1.0000000000  
1.0236365730  0.0000000000  0.0000000000  0.0000000000  1.0000000000  
1.0396077548  0.0000000000  0.0000000000  0.0000000000  1.0000000000  
1.0541422628  0.0000000000  0.0000000000  0.0000000000  1.0000000000  
1.0673069544  0.0000000000  0.0000000000  0.0000000000  1.0000000000  
1.0791699954  0.0000000000  0.0000000000  0.0000000000  1.0000000000  
1.0897999089  0.0000000000  0.0000000000  0.0000000000  1.0000000000  
1.0992647944  0.0000000000  0.0000000000  0.0000000000  1.0000000000  
1.1076317001  0.0000000000  0.0000000000  0.0000000000  1.0000000000  
1.1149661326  0.0000000000  0.0000000000  0.0000000000  1.0000000000  
1.1213316870  0.0000000000  0.0000000000  0.0000000000  1.0000000000  
1.1267893012  0.0000000000  0.0000000000  0.0000000000  1.0000000000  
1.1313863866  0.0000000000  0.0000000000  0.0000000000  1.0000000000  
1.1351256453  0.0000000000  0.0000000000  0.0000000000  1.0000000000  
1.1379337060  0.0000000000  0.0000000000  0.0000000000  1.0000000000  
1.1396457960  0.0000000000  0.0000000000  0.0000000000  1.0000000000  
1.1400093172  0.0000000000  0.0000000000  0.0000000000  1.0000000000  
1.1387026796  0.0000000000  0.0000000000  0.0000000000  1.0000000000  
1.1353635409  0.0000000000  0.0000000000  0.0000000000  1.0000000000  
1.1296206692  0.0000000000  0.0000000000  0.0000000000  1.0000000000  
1.1211247471  0.0000000000  0.0000000000  0.0000000000  1.0000000000  
1.1095748692  0.0000000000  0.0000000000  0.0000000000  1.0000000000  
1.0947388611  0.0000000000  0.0000000000  0.0000000000  1.0000000000  
1.0764666928  0.0000000000  0.0000000000  0.0000000000  1.0000000000  
1.0546971178  0.0000000000  0.0000000000  0.0000000000  1.0000000000  
1.0294582399  0.0000000000  0.0000000000  0.0000000000  1.0000000000  
1.0008630453  0.0000000000  0.0000000000  0.0000000000  1.0000000000  
0.9691010785  0.0000000000  0.0000000000  0.0000000000  1.0000000000  
0.9344274405  0.0000000000  0.0000000000  0.0000000000  1.0000000000  
0.8971502031  0.0000000000  0.0000000000  0.0000000000  1.0000000000  
0.8576171807  0.0000000000  0.0000000000  0.0000000000  1.0000000000  
0.8162028338  0.0000000000  0.0000000000  0.0000000000  1.0000000000  
0.7732958975  0.0000000000  0.0000000000  0.0000000000  1.0000000000  
0.7292881620  0.0000000000  0.0000000000  0.0000000000  1.0000000000  
0.6845646780  0.0000000000  0.0000000000  0.0000000000  1.0000000000  
0.6394955351  0.0000000000  0.0000000000  0.0000000000  1.0000000000  
0.5944292543  0.0000000000  0.0000000000  0.0000000000  1.0000000000  
0.5496877553  0.0000000000  0.0000000000  0.0000000000  1.0000000000  
0.5055627997  0.0000000000  0.0000000000  0.0000000000  1.0000000000  
0.4623137723  0.0000000000  0.0000000000  0.0000000000  1.0000000000  
0.4201666354  0.0000000000  0.0000000000  0.0000000000  1.0000000000  
0.3793138819  0.0000000000  0.0000000000  0.0000000000  1.0000000000  
0.3399153118  0.0000000000  0.0000000000  0.0000000000  1.0000000000  
0.3020994608  0.0000000000  0.0000000000  0.0000000000  1.0000000000  
0.2659655236  0.0000000000  0.0000000000  0.0000000000  1.0000000000  
0.2315856298  0.0000000000  0.0000000000  0.0000000000  1.0000000000  
0.1990073449  0.0000000000  0.0000000000  0.0000000000  1.0000000000  
0.1682562900  0.0000000000  0.0000000000  0.0000000000  1.0000000000  
0.1393387896  0.0000000000  0.0000000000  0.0000000000  1.0000000000  
0.1122444752  0.0000000000  0.0000000000  0.0000000000  1.0000000000  
0.0869487865  0.0000000000  0.0000000000  0.0000000000  1.0000000000  
0.0634153285  0.0000000000  0.0000000000  0.0000000000  1.0000000000  
0.0415980533  0.0000000000  0.0000000000  0.0000000000  1.0000000000  
0.0214432479  0.0000000000  0.0000000000  0.0000000000  1.0000000000  
0.0028913174  0.0000000000  0.0000000000  0.0000000000  1.0000000000  
-0.0141216392  0.0000000000  0.0000000000  0.0000000000  1.0000000000  
-0.0296624572  0.0000000000  0.0000000000  0.0000000000  1.0000000000  
-0.0437997301  0.0000000000  0.0000000000  0.0000000000  1.0000000000  
-0.0566028176  0.0000000000  0.0000000000  0.0000000000  1.0000000000  
-0.0681410252  0.0000000000  0.0000000000  0.0000000000  1.0000000000  
-0.0784829372  0.0000000000  0.0000000000  0.0000000000  1.0000000000  
-0.0876958889  0.0000004799  0.0000004799  0.0000000000  1.0000000000  
-0.0958455613  0.0000130918  0.0000130918  0.0000000000  1.0000000000  
-0.1029956804  0.0000917382  0.0000917382  0.0000000000  1.0000000000  
-0.1092078077  0.0003638933  0.0003638933  0.0000000000  1.0000000000  
-0.1145412055  0.0010459344  0.0010459344  0.0000004799  1.0000000000  
-0.1190527641  0.0024396071  0.0024396071  0.0000130918  1.0000000000  
-0.1227969791  0.0049132597  0.0049132597  0.0000917382  1.0000000000  
-0.1258259672  0.0088736905  0.0088736905  0.0003638933  1.0000000000  
-0.1281895109  0.0147343844  0.0147343844  0.0010459344  1.0000000000  
-0.1299351244  0.0228848134  0.0228848134  0.0024396071  1.0000000000  
-0.1311081331  0.0336640468  0.0336640468  0.0049132597  1.0000000000  
-0.1317517617  0.0473405367  0.0473405367  0.0088736905  1.0000000000  
-0.1319072248  0.0640988044  0.0640988044  0.0147343844  1.0000000000  
-0.1316138183  0.0840328956  0.0840328956  0.0228848134  1.0000000000  
-0.1309090065  0.1071458986  0.1071458986  0.0336640468  1.0000000000  
-0.1298285057  0.1333544899  0.1333544899  0.0473405367  1.0000000000  
-0.1284063598  0.1624973267  0.1624973267  0.0640988044  1.0000000000  
-0.1266750099  0.1943461083  0.1943461083  0.0840328956  1.0000000000  
-0.1246653559  0.2286182143  0.2286182143  0.1071458986  1.0000000000  
-0.1224068110  0.2649899772  0.2649899772  0.1333544899  1.0000000000  
-0.1199273497  0.3031098172  0.3031098172  0.1624973267  1.0000000000  
-0.1172535486  0.3426106463  0.3426106463  0.1943461083  1.0000000000  
-0.1144106225  0.3831211163  0.3831211163  0.2286182143  1.0000000000  
-0.1114224554  0.4242754378  0.4242754378  0.2649899772  1.0000000000  
-0.1083116279  0.4657216242  0.4657216242  0.3031098172  1.0000000000  
-0.1050994422  0.5071281197  0.5071281197  0.3426106463  1.0000000000  
-0.1018059440  0.5481888518  0.5481888518  0.3831211163  1.0000000000  
-0.0984499449  0.5886268070  0.5886268070  0.4242754378  1.0000000000  
-0.0950490427  0.6281962707  0.6281962707  0.4657216242  1.0000000000  
-0.0916196434  0.6666838935  0.6666838935  0.5071281197  1.0000000000  
-0.0881769835  0.7039087604  0.7039087604  0.5481888518  1.0000000000  
-0.0847351535  0.7397216393  0.7397216393  0.5886268070  1.0000000000  
-0.0813071232  0.7740035785  0.7740035785  0.6281962707  1.0000000000  
-0.0779047690  0.8066640117  0.8066640117  0.6666838935  1.0000000000  
-0.0745389038  0.8376385128  0.8376385128  0.7039087604  1.0000000000  
-0.0712193077  0.8668863279  0.8668863279  0.7397216393  1.0000000000  
-0.0679547628  0.8943877898  0.8943877898  0.7740035785  1.0000000000  
-0.0647530884  0.9201417067  0.9201417067  0.8066640117  1.0000000000  
-0.0616211796  0.9441627973  0.9441627973  0.8376385128  1.0000000000  
-0.0585650464  0.9664792286  0.9664792286  0.8668863279  1.0000000000  
-0.0555898560  0.9871302999  0.9871302999  0.8943877898  1.0000000000  
-0.0526999747  1.0061643023  1.0061643023  0.9201417067  1.0000000000  
-0.0498990121  1.0236365730  1.0236365730  0.9441627973  1.0000000000  
-0.0471898660  1.0396077548  1.0396077548  0.9664792286  1.0000000000  
-0.0445747672  1.0541422628  1.0541422628  0.9871302999  1.0000000000  
-0.0420553248  1.0673069544  1.0673069544  1.0061643023  1.0000000000  
-0.0396325718  1.0791699954  1.0791699954  1.0236365730  1.0000000000  
-0.0373070098  1.0897999089  1.0897999089  1.0396077548  1.0000000000  
-0.0350786531  1.0992647944  1.0992647944  1.0541422628  1.0000000000  
-0.0329470724  1.1076317001  1.1076317001  1.0673069544  1.0000000000  
-0.0309114370  1.1149661326  1.1149661326  1.0791699954  1.0000000000  
-0.0289705560  1.1213316870  1.1213316870  1.0897999089  1.0000000000  
-0.0271229174  1.1267893012  1.1267897812  1.0992647944  1.0000000000  
-0.0253667266  1.1313863866  1.1313994784  1.1076317001  1.0000000000  
-0.0236999422  1.1351256453  1.1352173835  1.1149661326  1.0000000000  
-0.0221203106  1.1379337060  1.1382975993  1.1213316870  1.0000000000  
-0.0206249184  1.1396457960  1.1406917304  1.1267897812  1.0000000000  
-0.0191995307  1.1400093172  1.1424489243  1.1313994784  1.0000000000  
-0.0177875412  1.1387026796  1.1436159393  1.1352173835  1.0000000000  
-0.0162586774  1.1353635409  1.1442372314  1.1382975993  1.0000000000  
-0.0143801075  1.1296206692  1.1443550535  1.1406917304  1.0000000000  
-0.0118621135  1.1211247471  1.1440095605  1.1424489243  1.0000000000  
-0.0083332743  1.1095748692  1.1432389160  1.1436159393  1.0000000000  
-0.0033837218  1.0947388611  1.1420793978  1.1442372314  1.0000000000  
0.0034030796  1.0764666928  1.1405654972  1.1443550535  1.0000000000  
0.0124196203  1.0546971178  1.1387300134  1.1440095605  1.0000000000  
0.0240079426  1.0294582399  1.1366041385  1.1432389160  1.0000000000  
0.0384394155  1.0008630453  1.1342175352  1.1420793978  1.0000000000  
0.0559014122  0.9691010785  1.1315984052  1.1405654972  1.0000000000  
0.0764907567  0.9344274405  1.1287735488  1.1387300134  1.0000000000  
0.1002132358  0.8971502031  1.1257684174  1.1366041385  1.0000000000  
0.1269881386  0.8576171807  1.1226071579  1.1342175352  1.0000000000  
0.1566566455  0.8162028338  1.1193126510  1.1315984052  1.0000000000  
0.1889928854  0.7732958975  1.1159065438  1.1287735488  1.0000000000  
0.2237165722  0.7292881620  1.1124092783  1.1257684174  1.0000000000  
0.2605062752  0.6845646780  1.1088401158  1.1226071579  1.0000000000  
0.2990125533  0.6394955351  1.1052171593  1.1193126510  1.0000000000  
0.3388703591  0.5944292543  1.1015573741  1.1159065438  1.0000000000  
0.3797102874  0.5496877553  1.0978766070  1.1124092783  1.0000000000  
0.4211683950  0.5055627997  1.0941896067  1.1088401158  1.0000000000  
0.4628944463  0.4623137723  1.0905100430  1.1052171593  1.0000000000  
0.5045585429  0.4201666354  1.0868505289  1.1015573741  1.0000000000  
0.5458561787  0.3793138819  1.0832226423  1.0978766070  1.0000000000  
0.5865118181  0.3399153118  1.0796369511  1.0941896067  1.0000000000  
0.6262811380  0.3020994608  1.0761030393  1.0905100430  1.0000000000  
0.6649520978  0.2659655236  1.0726295353  1.0868505289  1.0000000000  
0.7023450113  0.2315856298  1.0692241426  1.0832226423  1.0000000000  
0.7383117981  0.1990073449  1.0658936728  1.0796369511  1.0000000000  
0.7727345851  0.1682562900  1.0626440797  1.0761030393  1.0000000000  
0.8055238137  0.1393387896  1.0594804962  1.0726295353  1.0000000000  
0.8366159991  0.1122444752  1.0564072725  1.0692241426  1.0000000000  
0.8659712645  0.0869487865  1.0534280151  1.0658936728  1.0000000000  
0.8935707598  0.0634153285  1.0505451485  1.0626440797  1.0000000000  
0.9194140526  0.0415980533  1.0477492639  1.0594804962  1.0000000000  
0.9435165673  0.0214432479  1.0449880827  1.0564072725  1.0000000000  
0.9659071254  0.0028913174  1.0421351789  1.0534275352  1.0000000000  
0.9866256326  -0.0141216392  1.0389746891  1.0505325367  1.0000000000  
1.0057209413  -0.0296624572  1.0352048901  1.0476706175  1.0000000000  
1.0232489077  -0.0437997301  1.0304570056  1.0447159276  1.0000000000  
1.0392706539  -0.0566028176  1.0243234007  1.0414531378  1.0000000000  
1.0538510370  -0.0681410252  1.0163893848  1.0375810165  1.0000000000  
1.0670573220  -0.0784829372  1.0062639495  1.0327312375  1.0000000000  
1.0789580497  -0.0876958889  0.9936061968  1.0264965748  1.0000000000  
1.0896220884  -0.0958455613  0.9781455890  1.0184627069  1.0000000000  
1.0991178546  -0.1029956804  0.9596952964  1.0082389557  1.0000000000  
1.1075126874  -0.1092078077  0.9381587751  0.9954847161  1.0000000000  
1.1148723605  -0.1145412055  0.9135302794  0.9799297070  1.0000000000  
1.1212607134  -0.1190527641  0.8858903453  0.9613873213  1.0000000000  
1.1267389080  -0.1227969791  0.8553974246  0.9397612052  1.0000000000  
1.1313545604  -0.1258259672  0.8222768488  0.9150457720  1.0000000000  
1.1351105599  -0.1281895109  0.7868082141  0.8873216881  1.0000000000  
1.1379337060  -0.1299351244  0.7493121298  0.8567475085  1.0000000000  
1.1396457960  -0.1311081331  0.7101371031  0.8235486430  1.0000000000  
1.1400093172  -0.1317517617  0.6696471525  0.7880047428  1.0000000000  
1.1387026796  -0.1319072248  0.6282105749  0.7504364512  1.0000000000  
1.1353635409  -0.1316138183  0.5861901417  0.7111922898  1.0000000000  
1.1296206692  -0.1309090065  0.5439348665  0.6706362741  1.0000000000  
1.1211247471  -0.1298285057  0.5017733879  0.6291366825  1.0000000000  
1.1095748692  -0.1284063598  0.4600089269  0.5870562534  1.0000000000  
1.0947388611  -0.1266750099  0.4189157183  0.5447439553  1.0000000000  
1.0764666928  -0.1246653559  0.3787367786  0.5025283710  1.0000000000  
1.0546971178  -0.1224068110  0.3396828443  0.4607126559  1.0000000000  
1.0294582399  -0.1199273497  0.3019323073  0.4195709717  1.0000000000  
1.0008630453  -0.1172535486  0.2656319700  0.3793462546  1.0000000000  
0.9691010785  -0.1144106225  0.2308984500  0.3402491558  1.0000000000  
0.9344274405  -0.1114224554  0.1978200768  0.3024579774  1.0000000000  
0.8971502031  -0.1083116279  0.1664591376  0.2661194284  1.0000000000  
0.8576171807  -0.1050994422  0.1368543457  0.2313500307  1.0000000000  
0.8162028338  -0.1018059440  0.1090234255  0.1982380168  1.0000000000  
0.7732958975  -0.0984499449  0.0829657225  0.1668455756  1.0000000000  
0.7292881620  -0.0950490427  0.0586647671  0.1372113225  1.0000000000  
0.6845646780  -0.0916196434  0.0360907346  0.1093528839  1.0000000000  
0.6394955351  -0.0881769835  0.0152027595  0.0832695086  1.0000000000  
0.5944292543  -0.0847351535  -0.0040489270  0.0589446319  1.0000000000  
0.5496877553  -0.0813071232  -0.0217210539  0.0363483357  1.0000000000  
0.5055627997  -0.0779047690  -0.0378755727  0.0154396633  1.0000000000  
0.4623137723  -0.0745389038  -0.0525781272  -0.0038312428  1.0000000000  
0.4201666354  -0.0712193077  -0.0658967268  -0.0215211976  1.0000000000  
0.3793138819  -0.0679547628  -0.0779006155  -0.0376922357  1.0000000000  
0.3399153118  -0.0647530884  -0.0886593244  -0.0524100807  1.0000000000  
0.3020994608  -0.0616211796  -0.0982418942  -0.0657428188  1.0000000000  
0.2659655236  -0.0585650464  -0.1067162503  -0.0777597678  1.0000000000  
0.2315856298  -0.0555898560  -0.1141487161  -0.0885305290  1.0000000000  
0.1990073449  -0.0526999747  -0.1206036465  -0.0981242099  1.0000000000  
0.1682562900  -0.0498990121  -0.1261431648  -0.1066087999  1.0000000000  
0.1393387896  -0.0471898660  -0.1308269888  -0.1140506828  1.0000000000  
0.1122444752  -0.0445747672  -0.1347123298  -0.1205142705  1.0000000000  
0.0869487865  -0.0420553248  -0.1378538519  -0.1260617407  1.0000000000  
0.0634153285  -0.0396325718  -0.1403036787  -0.1307528620  1.0000000000  
0.0415980533  -0.0373070098  -0.1421114369  -0.1346448939  1.0000000000  
0.0214432479  -0.0350786531  -0.1433243270  -0.1377925455  1.0000000000  
0.0028913174  -0.0329470724  -0.1439872126  -0.1402479830  1.0000000000  
-0.0141216392  -0.0309114370  -0.1441427214  -0.1420608726  1.0000000000  
-0.0296624572  -0.0289705560  -0.1438313536  -0.1432784519  1.0000000000  
-0.0437997301  -0.0271229174  -0.1430915898  -0.1439456192  1.0000000000  
-0.0566028176  -0.0253667266  -0.1419599987  -0.1441050347  1.0000000000  
-0.0681410252  -0.0236999422  -0.1404713387  -0.1437972284  1.0000000000  
-0.0784829372  -0.0221198307  -0.1386586533  -0.1430607091  1.0000000000  
-0.0876958889  -0.0206123066  -0.1365533588  -0.1419320716  1.0000000000  
-0.0958455613  -0.0191208843  -0.1341853226  -0.1404460981  1.0000000000  
-0.1029956804  -0.0175153861  -0.1315829333  -0.1386358548  1.0000000000  
-0.1092078077  -0.0155766362  -0.1287726824  -0.1365327785  1.0000000000  
-0.1145412055  -0.0129864349  -0.1257549392  -0.1341667556  1.0000000000  
-0.1190527641  -0.0093884609  -0.1225150333  -0.1315661925  1.0000000000  
-0.1227969791  -0.0043728434  -0.1189483713  -0.1287580769  1.0000000000  
-0.1258259672  0.0024769720  -0.1148602230  -0.1257675510  1.0000000000  
-0.1281895109  0.0115535087  -0.1099692848  -0.1225936797  1.0000000000  
-0.1299351244  0.0231988537  -0.1039264697  -0.1192205264  1.0000000000  
-0.1311081331  0.0376844324  -0.0963430824  -0.1155422641  1.0000000000  
-0.1317517617  0.0551976832  -0.0868226033  -0.1113629575  1.0000000000  
-0.1319072248  0.0758355033  -0.0749914072  -0.1064001223  1.0000000000  
-0.1316138183  0.0996037597  -0.0605251734  -0.1003035132  1.0000000000  
-0.1309090065  0.1264218270  -0.0431691199  -0.0926832971  1.0000000000  
-0.1298285057  0.1561309754  -0.0227513380  -0.0831418362  1.0000000000  
-0.1284063598  0.1885054270  0.0008106397  -0.0713044068  1.0000000000  
-0.1266750099  0.2232649914  0.0275093340  -0.0568456098  1.0000000000  
-0.1246653559  0.2600883351  0.0572518371  -0.0395096057  1.0000000000  
-0.1224068110  0.2986261152  0.0898681779  -0.0191234515  1.0000000000  
-0.1199273497  0.3385133823  0.1251223521  0.0043963309  1.0000000000  
-0.1172535486  0.3793808291  0.1627249279  0.0310432458  1.0000000000  
-0.1144106225  0.4208646089  0.2023462839  0.0607253411  1.0000000000  
-0.1114224554  0.4626145815  0.2436297074  0.0932735705  1.0000000000  
-0.1083116279  0.5043009418  0.2862037603  0.1284528219  1.0000000000  
-0.1050994422  0.5456192749  0.3296934875  0.1659745210  1.0000000000  
-0.1018059440  0.5862941339  0.3737301957  0.2055098674  1.0000000000  
-0.0984499449  0.6260812818  0.4179596550  0.2467029312  1.0000000000  
-0.0950490427  0.6647687608  0.4620486852  0.2891830176  1.0000000000  
-0.0916196434  0.7021769647  0.5056901659  0.3325758742  1.0000000000  
-0.0881769835  0.7381578902  0.5486065699  0.3765134686  1.0000000000  
-0.0847351535  0.7725937374  0.5905521600  0.4206421897  1.0000000000  
-0.0813071232  0.8053950182  0.6313140146  0.4646294339  1.0000000000  
-0.0779047690  0.8364983148  0.6707120556  0.5081686146  1.0000000000  
-0.0745389038  0.8658638142  0.7085982566  0.5509826963  1.0000000000  
-0.0712193077  0.8934727264  0.7448552021  0.5928263918  1.0000000000  
-0.0679547628  0.9193246767  0.7793941544  0.6334871887  1.0000000000  
-0.0647530884  0.9434351432  0.8121527735  0.6727853777  1.0000000000  
-0.0616211796  0.9658329987  0.8430926136  0.7105732628  1.0000000000  
-0.0585650464  0.9865581968  0.8721965055  0.7467337213  1.0000000000  
-0.0555898560  1.0056596350  0.8994659151  0.7811782724  1.0000000000  
-0.0526999747  1.0231932120  0.9249183485  0.8138447985  1.0000000000  
-0.0498990121  1.0392200895  0.9485848638  0.8446950437  1.0000000000  
-0.0471898660  1.0538051618  0.9705077293  0.8737119982  1.0000000000  
-0.0445747672  1.0670157286  0.9907382604  0.9008972579  1.0000000000  
-0.0420553248  1.0789203629  1.0093348524  0.9262684324  1.0000000000  
-0.0396325718  1.0895879632  1.0263612209  0.9498566580  1.0000000000  
-0.0373070098  1.0990869739  1.0418848505  0.9717042580  1.0000000000  
-0.0350786531  1.1074847603  1.0559756496  0.9918625817  1.0000000000  
-0.0329470724  1.1148471199  1.0687048023  1.0103900390  1.0000000000  
-0.0309114370  1.1212379149  1.0801438046  1.0273503425  1.0000000000  
-0.0289705560  1.1267183276  1.0903636732  1.0428109580  1.0000000000  
-0.0271229174  1.1313359934  1.0994343079  1.0568417613  1.0000000000  
-0.0253667266  1.1350938191  1.1074239937  1.0695138911  1.0000000000  
-0.0236999422  1.1379186205  1.1143990241  1.0808987877  1.0000000000  
-0.0221203106  1.1396457960  1.1204234298  1.0910674022  1.0000000000  
-0.0206253983  1.1400093172  1.1255587972  1.1000895612  1.0000000000  
-0.0192126225  1.1387026796  1.1298641607  1.1080334697  1.0000000000  
-0.0178792794  1.1353635409  1.1333959572  1.1149653356  1.0000000000  
-0.0166220907  1.1296206692  1.1362080284  1.1209490999  1.0000000000  
-0.0154129502  1.1211247471  1.1383516604  1.1260462556  1.0000000000  
-0.0142099824  1.1095748692  1.1398756521  1.1303157414  1.0000000000  
-0.0128826407  1.0947388611  1.1408264026  1.1338138972  1.0000000000  
-0.0112114779  1.0764666928  1.1412480108  1.1365944664  1.0000000000  
-0.0088916977  1.0546971178  1.1411823826  1.1387086371  1.0000000000  
-0.0055519334  1.0294582399  1.1406693392  1.1402051104  1.0000000000  
-0.0007824137  1.0008630453  1.1397467247  1.1411301887  1.0000000000  
0.0058332632  0.9691010785  1.1384505083  1.1415278756  1.0000000000  
0.0146874212  0.9344274405  1.1368148807  1.1414399837  1.0000000000  
0.0261219079  0.8971502031  1.1348723428  1.1409062430  1.0000000000  
0.0404078738  0.8576171807  1.1326537861  1.1399644089  1.0000000000  
0.0577324531  0.8162028338  1.1301885640  1.1386503645  1.0000000000  
0.0781922143  0.7732958975  1.1275045553  1.1369982177  1.0000000000  
0.1017926758  0.7292881620  1.1246282194  1.1350403894  1.0000000000  
0.1284528479  0.6845646780  1.1215846442  1.1328076941  1.0000000000  
0.1580136247  0.6394955351  1.1183975876  1.1303294117  1.0000000000  
0.1902488443  0.5944292543  1.1150895138  1.1276333508  1.0000000000  
0.2248779271  0.5496877553  1.1116816242  1.1247459037  1.0000000000  
0.2615791483  0.5055627997  1.1081938859  1.1216920945  1.0000000000  
0.3000027745  0.4623137723  1.1046450562  1.1184956210  1.0000000000  
0.3397834684  0.4201666354  1.1010527068  1.1151788898  1.0000000000  
0.3805515395  0.3793138819  1.0974332460  1.1117630484  1.0000000000  
0.4219427647  0.3399153118  1.0938019414  1.1082680126  1.0000000000  
0.4636066353  0.3020994608  1.0901729421  1.1047124920  1.0000000000  
0.5052129870  0.2659655236  1.0865593030  1.1011140131  1.0000000000  
0.5464570561  0.2315856298  1.0829730098  1.0974889417  1.0000000000  
0.5870630579  0.1990073449  1.0794250055  1.0938525057  1.0000000000  
0.6267864296  0.1682562900  1.0759252188  1.0902188172  1.0000000000  
0.6654149000  0.1393387896  1.0724825955  1.0866008964  1.0000000000  
0.7027685624  0.1122444752  1.0691051300  1.0830106966  1.0000000000  
0.7386991255  0.0869487865  1.0657999007  1.0794591307  1.0000000000  
0.7730885151  0.0634153285  1.0625731061  1.0759560995  1.0000000000  
0.8058469816  0.0415980533  1.0594301030  1.0725105226  1.0000000000  
0.8369108588  0.0214432479  1.0563754462  1.0691303705  1.0000000000  
0.8662400980  0.0028913174  1.0534129297  1.0658226992  1.0000000000  
0.8938156866  -0.0141216392  1.0505451485  1.0625936865  1.0000000000  
0.9196370394  -0.0296624572  1.0477492639  1.0594486700  1.0000000000  
0.9437194363  -0.0437997301  1.0449880827  1.0563921870  1.0000000000  
0.9660915633  -0.0566028176  1.0421351789  1.0534280151  1.0000000000  
0.9867931990  -0.0681410252  1.0389746891  1.0505451485  1.0000000000  
1.0058730765  -0.0784829372  1.0352048901  1.0477492639  1.0000000000  
1.0233869406  -0.0876958889  1.0304570056  1.0449880827  1.0000000000  
1.0393958091  -0.0958455613  1.0243234007  1.0421351789  1.0000000000  
1.0539644423  -0.1029956804  1.0163893848  1.0389746891  1.0000000000  
1.0671600146  -0.1092078077  1.0062639495  1.0352048901  1.0000000000  
1.0790509827  -0.1145412055  0.9936061968  1.0304570056  1.0000000000  
1.0897061368  -0.1190527641  0.9781455890  1.0243234007  1.0000000000  
1.0991938208  -0.1227969791  0.9596952964  1.0163893848  1.0000000000  
1.1075813068  -0.1258259672  0.9381587751  1.0062639495  1.0000000000  
1.1149343063  -0.1281895109  0.9135302794  0.9936061968  1.0000000000  
1.1213166015  -0.1299351244  0.8858903453  0.9781455890  1.0000000000  
1.1267893012  -0.1311081331  0.8553974246  0.9596952964  1.0000000000  
1.1313863866  -0.1317517617  0.8222768488  0.9381587751  1.0000000000  
1.1351256453  -0.1319072248  0.7868082141  0.9135302794  1.0000000000  
1.1379337060  -0.1316138183  0.7493121298  0.8858903453  1.0000000000  
1.1396457960  -0.1309090065  0.7101371031  0.8553974246  1.0000000000  
1.1400093172  -0.1298285057  0.6696471525  0.8222768488  1.0000000000  
1.1387026796  -0.1284063598  0.6282105749  0.7868082141  1.0000000000  
1.1353635409  -0.1266750099  0.5861901417  0.7493121298  1.0000000000  
1.1296206692  -0.1246653559  0.5439348665  0.7101371031  1.0000000000  
1.1211247471  -0.1224068110  0.5017733879  0.6696471525  1.0000000000  
1.1095748692  -0.1199273497  0.4600089269  0.6282105749  1.0000000000  
1.0947388611  -0.1172535486  0.4189157183  0.5861901417  1.0000000000  
1.0764666928  -0.1144106225  0.3787367786  0.5439348665  1.0000000000  
1.0546971178  -0.1114224554  0.3396828443  0.5017733879  1.0000000000  
1.0294582399  -0.1083116279  0.3019323073  0.4600089269  1.0000000000  
1.0008630453  -0.1050994422  0.2656319700  0.4189157183  1.0000000000  
0.9691010785  -0.1018059440  0.2308984500  0.3787367786  1.0000000000  
0.9344274405  -0.0984499449  0.1978200768  0.3396828443  1.0000000000  
0.8971502031  -0.0950490427  0.1664591376  0.3019323073  1.0000000000  
0.8576171807  -0.0916196434  0.1368543457  0.2656319700  1.0000000000  
0.8162028338  -0.0881769835  0.1090234255  0.2308984500  1.0000000000  
0.7732958975  -0.0847351535  0.0829657225  0.1978200768  1.0000000000  
0.7292881620  -0.0813071232  0.0586647671  0.1664591376  1.0000000000  
0.6845646780  -0.0779047690  0.0360907346  0.1368543457  1.0000000000  
0.6394955351  -0.0745389038  0.0152027595  0.1090234255  1.0000000000  
0.5944292543  -0.0712193077  -0.0040489270  0.0829657225  1.0000000000  
0.5496877553  -0.0679547628  -0.0217210539  0.0586647671  1.0000000000  
0.5055627997  -0.0647530884  -0.0378755727  0.0360907346  1.0000000000  
0.4623137723  -0.0616211796  -0.0525781272  0.0152027595  1.0000000000  
0.4201666354  -0.0585650464  -0.0658967268  -0.0040489270  1.0000000000  
0.3793138819  -0.0555898560  -0.0779006155  -0.0217210539  1.0000000000  
0.3399153118  -0.0526999747  -0.0886593244  -0.0378755727  1.0000000000  
0.3020994608  -0.0498990121  -0.0982418942  -0.0525781272  1.0000000000  
0.2659655236  -0.0471898660  -0.1067162503  -0.0658967268  1.0000000000  
0.2315856298  -0.0445747672  -0.1141487161  -0.0779006155  1.0000000000  
0.1990073449  -0.0420553248  -0.1206036465  -0.0886593244  1.0000000000  
0.1682562900  -0.0396325718  -0.1261431648  -0.0982418942  1.0000000000  
0.1393387896  -0.0373070098  -0.1308269888  -0.1067162503  1.0000000000  
0.1122444752  -0.0350786531  -0.1347123298  -0.1141487161  1.0000000000  
0.0869487865  -0.0329470724  -0.1378538519  -0.1206036465  1.0000000000  
0.0634153285  -0.0309114370  -0.1403036787  -0.1261431648  1.0000000000  
0.0415980533  -0.0289705560  -0.1421114369  -0.1308269888  1.0000000000  
0.0214432479  -0.0271229174  -0.1433243270  -0.1347123298  1.0000000000  
0.0028913174  -0.0253667266  -0.1439872126  -0.1378538519  1.0000000000  
-0.0141216392  -0.0236999422  -0.1441427214  -0.1403036787  1.0000000000  
-0.0296624572  -0.0221203106  -0.1438313536  -0.1421114369  1.0000000000  
-0.0437997301  -0.0206253983  -0.1430915898  -0.1433243270  1.0000000000  
-0.0566028176  -0.0192126225  -0.1419599987  -0.1439872126  1.0000000000  
-0.0681410252  -0.0178792794  -0.1404713387  -0.1441427214  1.0000000000  
-0.0784829372  -0.0166225707  -0.1386586533  -0.1438313536  1.0000000000  
-0.0876958889  -0.0154255620  -0.1365533588  -0.1430915898  1.0000000000  
-0.0958455613  -0.0142886288  -0.1341853226  -0.1419599987  1.0000000000  
-0.1029956804  -0.0131547958  -0.1315829333  -0.1404713387  1.0000000000  
-0.1092078077  -0.0118935190  -0.1287726824  -0.1386586533  1.0000000000  
-0.1145412055  -0.0102853704  -0.1257549392  -0.1365533588  1.0000000000  
-0.1190527641  -0.0080255860  -0.1225150333  -0.1341853226  1.0000000000  
-0.1227969791  -0.0047428446  -0.1189483713  -0.1315829333  1.0000000000  
-0.1258259672  -0.0000274307  -0.1148602230  -0.1287726824  1.0000000000  
-0.1281895109  0.0065369921  -0.1099692848  -0.1257549392  1.0000000000  
-0.1299351244  0.0153426745  -0.1039264697  -0.1225150333  1.0000000000  
-0.1311081331  0.0267313839  -0.0963430824  -0.1189483713  1.0000000000  
-0.1317517617  0.0409741854  -0.0868226033  -0.1148602230  1.0000000000  
-0.1319072248  0.0582581232  -0.0749914072  -0.1099692848  1.0000000000  
-0.1316138183  0.0786796727  -0.0605251734  -0.1039264697  1.0000000000  
-0.1309090065  0.1022442566  -0.0431691199  -0.0963430824  1.0000000000  
-0.1298285057  0.1288707879  -0.0227513380  -0.0868226033  1.0000000000  
-0.1284063598  0.1584000628  0.0008106397  -0.0749914072  1.0000000000  
-0.1266750099  0.1906058211  0.0275093340  -0.0605251734  1.0000000000  
-0.1246653559  0.2252073854  0.0572518371  -0.0431691199  1.0000000000  
-0.1224068110  0.2618829345  0.0898681779  -0.0227513380  1.0000000000  
-0.1199273497  0.3002826393  0.1251223521  0.0008106397  1.0000000000  
-0.1172535486  0.3400410695  0.1627249279  0.0275093340  1.0000000000  
-0.1144106225  0.3807884432  0.2023462839  0.0572518371  1.0000000000  
-0.1114224554  0.4221604489  0.2436297074  0.0898681779  1.0000000000  
-0.1083116279  0.4638064915  0.2862037603  0.1251223521  1.0000000000  
-0.1050994422  0.5053963241  0.3296934875  0.1627249279  1.0000000000  
-0.1018059440  0.5466251026  0.3737301957  0.2023462839  1.0000000000  
-0.0984499449  0.5872169658  0.4179596550  0.2436297074  1.0000000000  
-0.0950490427  0.6269272773  0.4620486852  0.2862037603  1.0000000000  
-0.0916196434  0.6655436955  0.5056901659  0.3296934875  1.0000000000  
-0.0881769835  0.7028862466  0.5486065699  0.3737301957  1.0000000000  
-0.0847351535  0.7388065759  0.5905521600  0.4179596550  1.0000000000  
-0.0813071232  0.7731865485  0.6313140146  0.4620486852  1.0000000000  
-0.0779047690  0.8059363576  0.6707120556  0.5056901659  1.0000000000  
-0.0745389038  0.8369922829  0.7085982566  0.5486065699  1.0000000000  
-0.0712193077  0.8663142247  0.7448552021  0.5905521600  1.0000000000  
-0.0679547628  0.8938831225  0.7793941544  0.6313140146  1.0000000000  
-0.0647530884  0.9196983457  0.8121527735  0.6707120556  1.0000000000  
-0.0616211796  0.9437751320  0.8430926136  0.7085982566  1.0000000000  
-0.0585650464  0.9661421277  0.8721965055  0.7448552021  1.0000000000  
-0.0555898560  0.9868390741  0.8994659151  0.7793941544  1.0000000000  
-0.0526999747  1.0059146699  0.9249183485  0.8121527735  1.0000000000  
-0.0498990121  1.0234246273  0.9485848638  0.8430926136  1.0000000000  
-0.0471898660  1.0394299343  0.9705077293  0.8721965055  1.0000000000  
-0.0445747672  1.0539953230  0.9907382604  0.8994659151  1.0000000000  
-0.0420553248  1.0671879417  1.0093348524  0.9249183485  1.0000000000  
-0.0396325718  1.0790762232  1.0263612209  0.9485848638  1.0000000000  
-0.0373070098  1.0897289353  1.0418848505  0.9705077293  1.0000000000  
-0.0350786531  1.0992144011  1.0559756496  0.9907382604  1.0000000000  
-0.0329470724  1.1075998738  1.0687048023  1.0093348524  1.0000000000  
-0.0309114370  1.1149510471  1.0801438046  1.0263612209  1.0000000000  
-0.0289705560  1.1213316870  1.0903636732  1.0418848505  1.0000000000  
-0.0271229174  1.1267893012  1.0994343079  1.0559756496  1.0000000000  
-0.0253667266  1.1313863866  1.1074239937  1.0687048023  1.0000000000  
-0.0236999422  1.1351256453  1.1143990241  1.0801438046  1.0000000000  
-0.0221203106  1.1379337060  1.1204234298  1.0903636732  1.0000000000  
-0.0206253983  1.1396457960  1.1255587972  1.0994343079  1.0000000000  
-0.0192126225  1.1400093172  1.1298641607  1.1074239937  1.0000000000  
-0.0178792794  1.1387026796  1.1333959572  1.1143990241  1.0000000000  
-0.0166220907  1.1353635409  1.1362080284  1.1204234298  1.0000000000  
-0.0154129502  1.1296206692  1.1383516604  1.1255587972  1.0000000000  
-0.0142099824  1.1211247471  1.1398756521  1.1298641607  1.0000000000  
-0.0128826407  1.1095748692  1.1408264026  1.1333959572  1.0000000000  
-0.0112114779  1.0947388611  1.1412480108  1.1362080284  1.0000000000  
-0.0088916977  1.0764666928  1.1411823826  1.1383516604  1.0000000000  
-0.0055519334  1.0546971178  1.1406693392  1.1398756521  1.0000000000  
-0.0007824137  1.0294582399  1.1397467247  1.1408264026  1.0000000000  
0.0058332632  1.0008630453  1.1384505083  1.1412480108  1.0000000000  
0.0146874212  0.9691010785  1.1368148807  1.1411823826  1.0000000000  
0.0261219079  0.9344274405  1.1348723428  1.1406693392  1.0000000000  
0.0404078738  0.8971502031  1.1326537861  1.1397467247  1.0000000000  
0.0577324531  0.8576171807  1.1301885640  1.1384505083  1.0000000000  
0.0781922143  0.8162028338  1.1275045553  1.1368148807  1.0000000000  
0.1017926758  0.7732958975  1.1246282194  1.1348723428  1.0000000000  
0.1284528479  0.7292881620  1.1215846442  1.1326537861  1.0000000000  
0.1580136247  0.6845646780  1.1183975876  1.1301885640  1.0000000000  
0.1902488443  0.6394955351  1.1150895138  1.1275045553  1.0000000000  
0.2248779271  0.5944292543  1.1116816242  1.1246282194  1.0000000000  
0.2615791483  0.5496877553  1.1081938859  1.1215846442  1.0000000000  
0.3000027745  0.5055627997  1.1046450562  1.1183975876  1.0000000000  
0.3397834684  0.4623137723  1.1010527068  1.1150895138  1.0000000000  
0.3805515395  0.4201666354  1.0974332460  1.1116816242  1.0000000000  
0.4219427647  0.3793138819  1.0938019414  1.1081938859  1.0000000000  
0.4636066353  0.3399153118  1.0901729421  1.1046450562  1.0000000000  
0.5052129870  0.3020994608  1.0865593030  1.1010527068  1.0000000000  
0.5464570561  0.2659655236  1.0829730098  1.0974332460  1.0000000000  
0.5870630579  0.2315856298  1.0794250055  1.0938019414  1.0000000000  
0.6267864296  0.1990073449  1.0759252188  1.0901729421  1.0000000000  
0.6654149000  0.1682562900  1.0724825955  1.0865593030  1.0000000000  
0.7027685624  0.1393387896  1.0691051300  1.0829730098  1.0000000000  
0.7386991255  0.1122444752  1.0657999007  1.0794250055  1.0000000000  
0.7730885151  0.0869487865  1.0625731061  1.0759252188  1.0000000000  
0.8058469816  0.0634153285  1.0594301030  1.0724825955  1.0000000000  
0.8369108588  0.0415980533  1.0563754462  1.0691051300  1.0000000000  
0.8662400980  0.0214432479  1.0534129297  1.0657999007  1.0000000000  
0.8938156866  0.0028913174  1.0505451485  1.0625731061  1.0000000000  
0.9196370394  -0.0141216392  1.0477492639  1.0594301030  1.0000000000  
0.9437194363  -0.0296624572  1.0449880827  1.0563754462  1.0000000000  
0.9660915633  -0.0437997301  1.0421351789  1.0534129297  1.0000000000  
0.9867931990  -0.0566028176  1.0389746891  1.0505451485  1.0000000000  
1.0058730765  -0.0681410252  1.0352048901  1.0477492639  1.0000000000  
1.0233869406  -0.0784829372  1.0304570056  1.0449880827  1.0000000000  
1.0393958091  -0.0876958889  1.0243234007  1.0421351789  1.0000000000  
1.0539644423  -0.0958455613  1.0163893848  1.0389746891  1.0000000000  
1.0671600146  -0.1029956804  1.0062639495  1.0352048901  1.0000000000  
1.0790509827  -0.1092078077  0.9936061968  1.0304570056  1.0000000000  
1.0897061368  -0.1145412055  0.9781455890  1.0243234007  1.0000000000  
1.0991938208  -0.1190527641  0.9596952964  1.0163893848  1.0000000000  
1.1075813068  -0.1227969791  0.9381587751  1.0062639495  1.0000000000  
1.1149343063  -0.1258259672  0.9135302794  0.9936061968  1.0000000000  
1.1213166015  -0.1281895109  0.8858903453  0.9781455890  1.0000000000  
1.1267893012  -0.1299351244  0.8553974246  0.9596952964  1.0000000000  
1.1313863866  -0.1311081331  0.8222768488  0.9381587751  1.0000000000  
1.1351256453  -0.1317517617  0.7868082141  0.9135302794  1.0000000000  
1.1379337060  -0.1319072248  0.7493121298  0.8858903453  1.0000000000  
1.1396457960  -0.1316138183  0.7101371031  0.8553974246  1.0000000000  
1.1400093172  -0.1309090065  0.6696471525  0.8222768488  1.0000000000  
1.1387026796  -0.1298285057  0.6282105749  0.7868082141  1.0000000000  
1.1353635409  -0.1284063598  0.5861901417  0.7493121298  1.0000000000  
1.1296206692  -0.1266750099  0.5439348665  0.7101371031  1.0000000000  
1.1211247471  -0.1246653559  0.5017733879  0.6696471525  1.0000000000  
1.1095748692  -0.1224068110  0.4600089269  0.6282105749  1.0000000000  
1.0947388611  -0.1199273497  0.4189157183  0.5861901417  1.0000000000  
1.0764666928  -0.1172535486  0.3787367786  0.5439348665  1.0000000000  
1.0546971178  -0.1144106225  0.3396828443  0.5017733879  1.0000000000  
1.0294582399  -0.1114224554  0.3019323073  0.4600089269  1.0000000000  
1.0008630453  -0.1083116279  0.2656319700  0.4189157183  1.0000000000  
0.9691010785  -0.1050994422  0.2308984500  0.3787367786  1.0000000000  
0.9344274405  -0.1018059440  0.1978200768  0.3396828443  1.0000000000  
0.8971502031  -0.0984499449  0.1664591376  0.3019323073  1.0000000000  
0.8576171807  -0.0950490427  0.1368543457  0.2656319700  1.0000000000  
0.8162028338  -0.0916196434  0.1090234255  0.2308984500  1.0000000000  
0.7732958975  -0.0881769835  0.0829657225  0.1978200768  1.0000000000  
0.7292881620  -0.0847351535  0.0586647671  0.1664591376  1.0000000000  
0.6845646780  -0.0813071232  0.0360907346  0.1368543457  1.0000000000  
0.6394955351  -0.0779047690  0.0152027595  0.1090234255  1.0000000000  
