MULTI-STUDY GLM RESULTS

SEPARATE STUDY PREDICTORS:   NO
SEPARATE SUBJECT PREDICTORS: NO

NAME OF MAIN PREDICTORS
Predictor 1: Left Hand
Predictor 2: Right Hand

Model fit per channel for oxy-Hb (beta, t, p values)
S1-D1:     -0.229    -7.993  0.0000000      -0.610   -21.312  0.0000000       0.136     7.114  0.0000000       0.136     7.092  0.0000000       0.137     7.133  0.0000000    
S1-D2:     -0.449   -15.743  0.0000000      -0.567   -19.877  0.0000000       0.165     8.645  0.0000000       0.164     8.618  0.0000000       0.166     8.667  0.0000000    
S1-D3:     -0.447   -15.951  0.0000000      -0.789   -28.164  0.0000000       0.201    10.708  0.0000000       0.200    10.675  0.0000000       0.202    10.736  0.0000000    
S1-D4:     -0.390   -13.792  0.0000000      -0.712   -25.177  0.0000000       0.179     9.459  0.0000000       0.178     9.430  0.0000000       0.180     9.484  0.0000000    
S1-D5:     -0.327   -11.521  0.0000000      -0.690   -24.324  0.0000000       0.165     8.701  0.0000000       0.164     8.674  0.0000000       0.166     8.724  0.0000000    
S1-D6:     -0.386   -13.664  0.0000000      -0.727   -25.728  0.0000000       0.181     9.561  0.0000000       0.180     9.532  0.0000000       0.182     9.587  0.0000000    
S1-D7:     -0.469   -16.566  0.0000000      -0.660   -23.304  0.0000000       0.184     9.677  0.0000000       0.182     9.647  0.0000000       0.185     9.702  0.0000000    
S1-D8:     -0.653   -23.792  0.0000000      -0.865   -31.497  0.0000000       0.247    13.419  0.0000000       0.245    13.378  0.0000000       0.248    13.454  0.0000000    
S1-D9:     -0.223    -7.808  0.0000000      -0.621   -21.715  0.0000000       0.137     7.167  0.0000000       0.136     7.144  0.0000000       0.138     7.186  0.0000000    
S1-D10:     -0.352   -12.387  0.0000000      -0.669   -23.522  0.0000000       0.166     8.716  0.0000000       0.165     8.689  0.0000000       0.167     8.739  0.0000000    
S1-D11:     -0.652   -23.526  0.0000000      -0.771   -27.824  0.0000000       0.231    12.462  0.0000000       0.230    12.424  0.0000000       0.233    12.494  0.0000000    
S1-D12:     -0.508   -18.220  0.0000000      -0.797   -28.563  0.0000000       0.212    11.355  0.0000000       0.211    11.320  0.0000000       0.213    11.385  0.0000000    
S1-D13:     -0.436   -15.511  0.0000000      -0.746   -26.507  0.0000000       0.192    10.198  0.0000000       0.191    10.167  0.0000000       0.193    10.225  0.0000000    
S1-D14:     -0.023    -0.805  0.4206120      -0.429   -14.785  0.0000000       0.074     3.786  0.0001543       0.073     3.774  0.0001620       0.074     3.796  0.0001477    
S1-D15:     -0.451   -15.968  0.0000000      -0.702   -24.868  0.0000000       0.187     9.911  0.0000000       0.186     9.881  0.0000000       0.189     9.938  0.0000000    
S2-D1:     -0.216    -7.430  0.0000000      -0.332   -11.396  0.0000000       0.089     4.569  0.0000050       0.089     4.555  0.0000053       0.090     4.581  0.0000047    
S2-D4:     -0.025    -0.864  0.3874599      -0.232    -7.915  0.0000000       0.042     2.132  0.0330651       0.042     2.125  0.0336287       0.042     2.138  0.0325729    
S2-D5:     -0.220    -7.550  0.0000000      -0.363   -12.488  0.0000000       0.095     4.864  0.0000012       0.094     4.849  0.0000013       0.095     4.877  0.0000011    
S2-D9:      0.045     1.517  0.1292068      -0.121    -4.119  0.0000383       0.012     0.632  0.5271705       0.012     0.630  0.5286067       0.013     0.634  0.5258246    
S2-D12:     -0.163    -5.618  0.0000000      -0.468   -16.184  0.0000000       0.103     5.292  0.0000001       0.102     5.276  0.0000001       0.103     5.307  0.0000001    
S2-D14:     -0.414   -14.459  0.0000000      -0.536   -18.722  0.0000000       0.154     8.053  0.0000000       0.153     8.028  0.0000000       0.155     8.074  0.0000000    
S3-D1:     -0.948   -36.985  0.0000000      -1.149   -44.847  0.0000000       0.341    19.860  0.0000000       0.339    19.799  0.0000000       0.343    19.911  0.0000000    
S3-D2:     -0.821   -30.960  0.0000000      -1.019   -38.411  0.0000000       0.299    16.836  0.0000000       0.297    16.785  0.0000000       0.301    16.880  0.0000000    
S3-D6:     -0.741   -27.627  0.0000000      -0.987   -36.756  0.0000000       0.281    15.626  0.0000000       0.279    15.578  0.0000000       0.283    15.667  0.0000000    
S3-D9:     -0.505   -18.161  0.0000000      -0.822   -29.545  0.0000000       0.216    11.579  0.0000000       0.214    11.543  0.0000000       0.217    11.610  0.0000000    
S3-D10:     -0.638   -23.199  0.0000000      -0.852   -30.976  0.0000000       0.242    13.148  0.0000000       0.241    13.108  0.0000000       0.244    13.183  0.0000000    
S3-D15:     -0.894   -34.412  0.0000000      -1.101   -42.348  0.0000000       0.324    18.629  0.0000000       0.322    18.573  0.0000000       0.326    18.678  0.0000000    
S4-D2:     -0.451   -15.876  0.0000000      -0.612   -21.506  0.0000000       0.173     9.073  0.0000000       0.172     9.045  0.0000000       0.174     9.096  0.0000000    
S4-D3:     -0.105    -3.616  0.0003010      -0.394   -13.543  0.0000000       0.081     4.166  0.0000313       0.081     4.152  0.0000332       0.082     4.177  0.0000298    
S4-D7:     -0.395   -13.798  0.0000000      -0.534   -18.648  0.0000000       0.151     7.874  0.0000000       0.150     7.850  0.0000000       0.152     7.895  0.0000000    
S4-D11:     -0.360   -12.605  0.0000000      -0.614   -21.524  0.0000000       0.158     8.284  0.0000000       0.157     8.258  0.0000000       0.159     8.306  0.0000000    
S4-D16:     -0.234    -8.044  0.0000000      -0.379   -13.046  0.0000000       0.100     5.119  0.0000003       0.099     5.103  0.0000003       0.100     5.133  0.0000003    
S5-D3:     -0.356   -12.557  0.0000000      -0.699   -24.669  0.0000000       0.172     9.036  0.0000000       0.170     9.008  0.0000000       0.173     9.060  0.0000000    
S5-D4:     -0.732   -26.782  0.0000000      -0.849   -31.081  0.0000000       0.257    14.043  0.0000000       0.255    14.000  0.0000000       0.258    14.079  0.0000000    
S5-D8:     -0.601   -21.671  0.0000000      -0.803   -28.971  0.0000000       0.228    12.291  0.0000000       0.227    12.253  0.0000000       0.230    12.323  0.0000000    
S5-D11:     -0.556   -20.012  0.0000000      -0.807   -29.038  0.0000000       0.222    11.905  0.0000000       0.220    11.868  0.0000000       0.223    11.936  0.0000000    
S5-D12:     -0.429   -15.196  0.0000000      -0.713   -25.245  0.0000000       0.186     9.816  0.0000000       0.184     9.785  0.0000000       0.187     9.842  0.0000000    
S5-D13:     -0.877   -32.697  0.0000000      -0.887   -33.078  0.0000000       0.287    15.962  0.0000000       0.285    15.914  0.0000000       0.288    16.003  0.0000000    

Model fit per channel for deoxy-Hb (beta, t, p values)
S1-D1:     -0.666   -23.767  0.0000000      -0.619   -22.089  0.0000000       0.209    11.128  0.0000000       0.208    11.094  0.0000000       0.210    11.156  0.0000000    
S1-D2:     -0.439   -15.695  0.0000000      -0.809   -28.959  0.0000000       0.203    10.838  0.0000000       0.202    10.805  0.0000000       0.204    10.867  0.0000000    
S1-D3:     -0.616   -21.617  0.0000000       0.138     4.838  0.0000013       0.078     4.068  0.0000479       0.077     4.057  0.0000502       0.078     4.076  0.0000462    
S1-D4:     -0.833   -29.864  0.0000000      -0.413   -14.792  0.0000000       0.203    10.834  0.0000000       0.201    10.803  0.0000000       0.204    10.861  0.0000000    
S1-D5:     -0.245    -8.380  0.0000000      -0.194    -6.647  0.0000000       0.071     3.646  0.0002674       0.071     3.635  0.0002790       0.072     3.656  0.0002580    
S1-D6:     -0.739   -28.107  0.0000000      -1.126   -42.820  0.0000000       0.303    17.214  0.0000000       0.301    17.162  0.0000000       0.305    17.260  0.0000000    
S1-D7:     -1.069   -44.221  0.0000000      -1.357   -56.110  0.0000000       0.395    24.350  0.0000000       0.392    24.276  0.0000000       0.397    24.413  0.0000000    
S1-D8:     -0.825   -29.657  0.0000000      -0.493   -17.695  0.0000000       0.214    11.489  0.0000000       0.213    11.455  0.0000000       0.215    11.518  0.0000000    
S1-D9:     -0.809   -30.800  0.0000000      -1.094   -41.633  0.0000000       0.309    17.580  0.0000000       0.307    17.526  0.0000000       0.311    17.626  0.0000000    
S1-D10:     -0.507   -19.088  0.0000000      -1.155   -43.447  0.0000000       0.270    15.180  0.0000000       0.268    15.133  0.0000000       0.272    15.221  0.0000000    
S1-D11:     -0.282    -9.759  0.0000000      -0.447   -15.444  0.0000000       0.119     6.117  0.0000000       0.118     6.098  0.0000000       0.119     6.133  0.0000000    
S1-D12:     -0.903   -33.808  0.0000000      -0.894   -33.475  0.0000000       0.292    16.328  0.0000000       0.290    16.279  0.0000000       0.294    16.370  0.0000000    
S1-D13:     -0.730   -25.841  0.0000000      -0.366   -12.955  0.0000000       0.178     9.413  0.0000000       0.177     9.385  0.0000000       0.179     9.436  0.0000000    
S1-D14:      0.122     4.185  0.0000288       0.342    11.718  0.0000000      -0.075    -3.860  0.0001140      -0.075    -3.848  0.0001198      -0.076    -3.871  0.0001092    
S1-D15:     -0.677   -25.025  0.0000000      -0.967   -35.758  0.0000000       0.267    14.752  0.0000000       0.266    14.707  0.0000000       0.269    14.791  0.0000000    
S2-D1:      1.239    51.312  0.0000000       1.221    50.572  0.0000000      -0.400   -24.725  0.0000000      -0.397   -24.650  0.0000000      -0.402   -24.788  0.0000000    
S2-D4:      1.299    53.215  0.0000000       1.089    44.600  0.0000000      -0.388   -23.736  0.0000000      -0.386   -23.665  0.0000000      -0.390   -23.796  0.0000000    
S2-D5:      1.457    65.895  0.0000000       1.387    62.708  0.0000000      -0.462   -31.208  0.0000000      -0.459   -31.114  0.0000000      -0.465   -31.288  0.0000000    
S2-D9:      1.255    53.717  0.0000000       1.359    58.123  0.0000000      -0.425   -27.142  0.0000000      -0.422   -27.059  0.0000000      -0.427   -27.212  0.0000000    
S2-D12:      1.269    52.369  0.0000000       1.170    48.274  0.0000000      -0.397   -24.423  0.0000000      -0.394   -24.349  0.0000000      -0.399   -24.485  0.0000000    
S2-D14:      1.321    54.352  0.0000000       1.088    44.745  0.0000000      -0.392   -24.047  0.0000000      -0.389   -23.975  0.0000000      -0.394   -24.108  0.0000000    
S3-D1:     -0.289   -10.136  0.0000000      -0.660   -23.170  0.0000000       0.154     8.085  0.0000000       0.153     8.059  0.0000000       0.155     8.106  0.0000000    
S3-D2:      0.115     3.949  0.0000791      -0.284    -9.731  0.0000000       0.027     1.405  0.1599640       0.027     1.400  0.1614376       0.028     1.410  0.1585800    
S3-D6:     -0.782   -31.380  0.0000000      -1.381   -55.401  0.0000000       0.352    21.063  0.0000000       0.349    20.998  0.0000000       0.354    21.119  0.0000000    
S3-D9:     -0.687   -25.394  0.0000000      -0.961   -35.516  0.0000000       0.268    14.783  0.0000000       0.266    14.738  0.0000000       0.270    14.822  0.0000000    
S3-D10:     -0.228    -8.165  0.0000000      -0.878   -31.487  0.0000000       0.180     9.626  0.0000000       0.179     9.596  0.0000000       0.181     9.653  0.0000000    
S3-D15:     -0.665   -27.350  0.0000000      -1.521   -62.570  0.0000000       0.356    21.827  0.0000000       0.353    21.759  0.0000000       0.358    21.886  0.0000000    
S4-D2:     -0.243    -8.821  0.0000000      -0.956   -34.632  0.0000000       0.195    10.549  0.0000000       0.194    10.516  0.0000000       0.196    10.578  0.0000000    
S4-D3:     -0.972   -35.378  0.0000000      -0.339   -12.338  0.0000000       0.213    11.576  0.0000000       0.212    11.542  0.0000000       0.214    11.604  0.0000000    
S4-D7:     -0.230    -7.859  0.0000000      -0.175    -5.995  0.0000000       0.066     3.362  0.0007778       0.065     3.352  0.0008066       0.066     3.370  0.0007543    
S4-D11:     -0.611   -21.465  0.0000000      -0.432   -15.174  0.0000000       0.170     8.890  0.0000000       0.168     8.864  0.0000000       0.170     8.913  0.0000000    
S4-D16:     -0.026    -0.884  0.3766114      -0.066    -2.261  0.0238124       0.015     0.763  0.4452651       0.015     0.761  0.4466832       0.015     0.765  0.4440342    
S5-D3:     -0.620   -21.772  0.0000000       0.160     5.609  0.0000000       0.075     3.918  0.0000899       0.074     3.908  0.0000938       0.075     3.926  0.0000870    
S5-D4:     -0.283    -9.689  0.0000000      -0.089    -3.051  0.0022850       0.061     3.091  0.0020033       0.060     3.082  0.0020648       0.061     3.098  0.0019539    
S5-D8:      0.071     2.414  0.0158039      -0.073    -2.502  0.0123831       0.000     0.022  0.9824126       0.000     0.022  0.9826648       0.000     0.022  0.9820622    
S5-D11:     -0.177    -6.086  0.0000000       0.241     8.272  0.0000000      -0.010    -0.533  0.5943226      -0.010    -0.530  0.5959425      -0.010    -0.535  0.5926034    
S5-D12:     -0.302   -10.334  0.0000000      -0.140    -4.789  0.0000017       0.072     3.669  0.0002447       0.071     3.658  0.0002552       0.072     3.678  0.0002362    
S5-D13:     -0.857   -32.263  0.0000000      -0.977   -36.740  0.0000000       0.298    16.746  0.0000000       0.296    16.695  0.0000000       0.300    16.789  0.0000000    

Model fit per channel for total-Hb (beta, t, p values)
S1-D1:     -0.895   -25.286  0.0000000      -1.230   -34.731  0.0000000       0.346    14.566  0.0000000       0.343    14.522  0.0000000       0.348    14.604  0.0000000    
S1-D2:     -0.888   -28.776  0.0000000      -1.377   -44.614  0.0000000       0.368    17.813  0.0000000       0.366    17.758  0.0000000       0.370    17.859  0.0000000    
S1-D3:     -1.063   -34.697  0.0000000      -0.651   -21.242  0.0000000       0.279    13.573  0.0000000       0.277    13.533  0.0000000       0.280    13.607  0.0000000    
S1-D4:     -1.223   -31.178  0.0000000      -1.125   -28.663  0.0000000       0.382    14.522  0.0000000       0.379    14.478  0.0000000       0.384    14.559  0.0000000    
S1-D5:     -0.572   -12.700  0.0000000      -0.885   -19.645  0.0000000       0.237     7.851  0.0000000       0.235     7.826  0.0000000       0.238     7.871  0.0000000    
S1-D6:     -1.125   -23.599  0.0000000      -1.853   -38.861  0.0000000       0.484    15.160  0.0000000       0.481    15.113  0.0000000       0.487    15.200  0.0000000    
S1-D7:     -1.538   -35.215  0.0000000      -2.017   -46.162  0.0000000       0.578    19.750  0.0000000       0.574    19.690  0.0000000       0.581    19.801  0.0000000    
S1-D8:     -1.478   -43.197  0.0000000      -1.357   -39.649  0.0000000       0.461    20.104  0.0000000       0.458    20.044  0.0000000       0.464    20.155  0.0000000    
S1-D9:     -1.032   -21.538  0.0000000      -1.715   -35.775  0.0000000       0.447    13.911  0.0000000       0.444    13.868  0.0000000       0.449    13.947  0.0000000    
S1-D10:     -0.859   -16.471  0.0000000      -1.823   -34.944  0.0000000       0.436    12.480  0.0000000       0.433    12.441  0.0000000       0.439    12.514  0.0000000    
S1-D11:     -0.934   -25.612  0.0000000      -1.218   -33.383  0.0000000       0.350    14.318  0.0000000       0.348    14.274  0.0000000       0.352    14.355  0.0000000    
S1-D12:     -1.411   -30.044  0.0000000      -1.691   -35.997  0.0000000       0.504    16.027  0.0000000       0.501    15.979  0.0000000       0.507    16.069  0.0000000    
S1-D13:     -1.166   -33.106  0.0000000      -1.112   -31.554  0.0000000       0.370    15.691  0.0000000       0.368    15.644  0.0000000       0.372    15.731  0.0000000    
S1-D14:      0.099     2.783  0.0054020      -0.087    -2.469  0.0135761      -0.002    -0.075  0.9399286      -0.002    -0.075  0.9398977      -0.002    -0.075  0.9401001    
S1-D15:     -1.128   -30.360  0.0000000      -1.670   -44.940  0.0000000       0.455    18.276  0.0000000       0.452    18.220  0.0000000       0.457    18.324  0.0000000    
S2-D1:      1.023    24.601  0.0000000       0.889    21.393  0.0000000      -0.311   -11.161  0.0000000      -0.309   -11.128  0.0000000      -0.313   -11.190  0.0000000    
S2-D4:      1.274    31.586  0.0000000       0.857    21.255  0.0000000      -0.346   -12.822  0.0000000      -0.344   -12.783  0.0000000      -0.348   -12.854  0.0000000    
S2-D5:      1.237    30.730  0.0000000       1.023    25.415  0.0000000      -0.368   -13.624  0.0000000      -0.365   -13.583  0.0000000      -0.370   -13.659  0.0000000    
S2-D9:      1.300    33.702  0.0000000       1.238    32.086  0.0000000      -0.413   -15.965  0.0000000      -0.410   -15.917  0.0000000      -0.415   -16.006  0.0000000    
S2-D12:      1.106    27.072  0.0000000       0.701    17.161  0.0000000      -0.294   -10.733  0.0000000      -0.292   -10.701  0.0000000      -0.296   -10.759  0.0000000    
S2-D14:      0.907    21.527  0.0000000       0.552    13.089  0.0000000      -0.237    -8.399  0.0000000      -0.236    -8.374  0.0000000      -0.238    -8.420  0.0000000    
S3-D1:     -1.236   -30.440  0.0000000      -1.809   -44.541  0.0000000       0.495    18.198  0.0000000       0.492    18.143  0.0000000       0.498    18.246  0.0000000    
S3-D2:     -0.706   -20.030  0.0000000      -1.303   -36.954  0.0000000       0.327    13.831  0.0000000       0.324    13.789  0.0000000       0.329    13.868  0.0000000    
S3-D6:     -1.524   -32.239  0.0000000      -2.368   -50.094  0.0000000       0.633    19.983  0.0000000       0.629    19.922  0.0000000       0.637    20.036  0.0000000    
S3-D9:     -1.192   -29.249  0.0000000      -1.783   -43.737  0.0000000       0.484    17.714  0.0000000       0.481    17.660  0.0000000       0.487    17.761  0.0000000    
S3-D10:     -0.866   -20.037  0.0000000      -1.730   -40.031  0.0000000       0.422    14.580  0.0000000       0.419    14.535  0.0000000       0.425    14.619  0.0000000    
S3-D15:     -1.559   -35.274  0.0000000      -2.622   -59.307  0.0000000       0.680    22.956  0.0000000       0.675    22.886  0.0000000       0.684    23.017  0.0000000    
S4-D2:     -0.695   -20.227  0.0000000      -1.567   -45.617  0.0000000       0.368    15.983  0.0000000       0.365    15.933  0.0000000       0.370    16.026  0.0000000    
S4-D3:     -1.077   -34.277  0.0000000      -0.733   -23.313  0.0000000       0.294    13.974  0.0000000       0.292    13.932  0.0000000       0.296    14.009  0.0000000    
S4-D7:     -0.625   -18.146  0.0000000      -0.710   -20.599  0.0000000       0.217     9.403  0.0000000       0.216     9.374  0.0000000       0.218     9.427  0.0000000    
S4-D11:     -0.971   -26.091  0.0000000      -1.046   -28.120  0.0000000       0.328    13.156  0.0000000       0.326    13.116  0.0000000       0.330    13.190  0.0000000    
S4-D16:     -0.260    -6.584  0.0000000      -0.445   -11.294  0.0000000       0.115     4.339  0.0000144       0.114     4.326  0.0000153       0.115     4.351  0.0000137    
S5-D3:     -0.976   -30.255  0.0000000      -0.539   -16.724  0.0000000       0.246    11.398  0.0000000       0.245    11.365  0.0000000       0.248    11.427  0.0000000    
S5-D4:     -1.015   -33.258  0.0000000      -0.938   -30.751  0.0000000       0.318    15.533  0.0000000       0.315    15.486  0.0000000       0.319    15.573  0.0000000    
S5-D8:     -0.530   -13.084  0.0000000      -0.877   -21.640  0.0000000       0.229     8.428  0.0000000       0.227     8.402  0.0000000       0.230     8.450  0.0000000    
S5-D11:     -0.734   -23.937  0.0000000      -0.566   -18.461  0.0000000       0.211    10.288  0.0000000       0.210    10.257  0.0000000       0.212    10.314  0.0000000    
S5-D12:     -0.730   -25.377  0.0000000      -0.852   -29.608  0.0000000       0.257    13.344  0.0000000       0.256    13.304  0.0000000       0.259    13.379  0.0000000    
S5-D13:     -1.734   -37.361  0.0000000      -1.864   -40.144  0.0000000       0.585    18.809  0.0000000       0.581    18.752  0.0000000       0.588    18.857  0.0000000    

GLM CONTRAST RESULTS
Contrast 1: Left Hand > Baseline
Contrast 2: Right Hand > Baseline

Contrast results per channel for oxy-Hb (t, p values)
S1-D1:     -7.993  0.0000000     -21.312  0.0000000    
S1-D2:    -15.743  0.0000000     -19.877  0.0000000    
S1-D3:    -15.951  0.0000000     -28.164  0.0000000    
S1-D4:    -13.792  0.0000000     -25.177  0.0000000    
S1-D5:    -11.521  0.0000000     -24.324  0.0000000    
S1-D6:    -13.664  0.0000000     -25.728  0.0000000    
S1-D7:    -16.566  0.0000000     -23.304  0.0000000    
S1-D8:    -23.792  0.0000000     -31.497  0.0000000    
S1-D9:     -7.808  0.0000000     -21.715  0.0000000    
S1-D10:    -12.387  0.0000000     -23.522  0.0000000    
S1-D11:    -23.526  0.0000000     -27.824  0.0000000    
S1-D12:    -18.220  0.0000000     -28.563  0.0000000    
S1-D13:    -15.511  0.0000000     -26.507  0.0000000    
S1-D14:     -0.805  0.4206120     -14.785  0.0000000    
S1-D15:    -15.968  0.0000000     -24.868  0.0000000    
S2-D1:     -7.430  0.0000000     -11.396  0.0000000    
S2-D4:     -0.864  0.3874599      -7.915  0.0000000    
S2-D5:     -7.550  0.0000000     -12.488  0.0000000    
S2-D9:      1.517  0.1292068      -4.119  0.0000383    
S2-D12:     -5.618  0.0000000     -16.184  0.0000000    
S2-D14:    -14.459  0.0000000     -18.722  0.0000000    
S3-D1:    -36.985  0.0000000     -44.847  0.0000000    
S3-D2:    -30.960  0.0000000     -38.411  0.0000000    
S3-D6:    -27.627  0.0000000     -36.756  0.0000000    
S3-D9:    -18.161  0.0000000     -29.545  0.0000000    
S3-D10:    -23.199  0.0000000     -30.976  0.0000000    
S3-D15:    -34.412  0.0000000     -42.348  0.0000000    
S4-D2:    -15.876  0.0000000     -21.506  0.0000000    
S4-D3:     -3.616  0.0003010     -13.543  0.0000000    
S4-D7:    -13.798  0.0000000     -18.648  0.0000000    
S4-D11:    -12.605  0.0000000     -21.524  0.0000000    
S4-D16:     -8.044  0.0000000     -13.046  0.0000000    
S5-D3:    -12.557  0.0000000     -24.669  0.0000000    
S5-D4:    -26.782  0.0000000     -31.081  0.0000000    
S5-D8:    -21.671  0.0000000     -28.971  0.0000000    
S5-D11:    -20.012  0.0000000     -29.038  0.0000000    
S5-D12:    -15.196  0.0000000     -25.245  0.0000000    
S5-D13:    -32.697  0.0000000     -33.078  0.0000000    

Contrast results per channel for deoxy-Hb (t, p values)
S1-D1:    -23.767  0.0000000     -22.089  0.0000000    
S1-D2:    -15.695  0.0000000     -28.959  0.0000000    
S1-D3:    -21.617  0.0000000       4.838  0.0000013    
S1-D4:    -29.864  0.0000000     -14.792  0.0000000    
S1-D5:     -8.380  0.0000000      -6.647  0.0000000    
S1-D6:    -28.107  0.0000000     -42.820  0.0000000    
S1-D7:    -44.221  0.0000000     -56.110  0.0000000    
S1-D8:    -29.657  0.0000000     -17.695  0.0000000    
S1-D9:    -30.800  0.0000000     -41.633  0.0000000    
S1-D10:    -19.088  0.0000000     -43.447  0.0000000    
S1-D11:     -9.759  0.0000000     -15.444  0.0000000    
S1-D12:    -33.808  0.0000000     -33.475  0.0000000    
S1-D13:    -25.841  0.0000000     -12.955  0.0000000    
S1-D14:      4.185  0.0000288      11.718  0.0000000    
S1-D15:    -25.025  0.0000000     -35.758  0.0000000    
S2-D1:     51.312  0.0000000      50.572  0.0000000    
S2-D4:     53.215  0.0000000      44.600  0.0000000    
S2-D5:     65.895  0.0000000      62.708  0.0000000    
S2-D9:     53.717  0.0000000      58.123  0.0000000    
S2-D12:     52.369  0.0000000      48.274  0.0000000    
S2-D14:     54.352  0.0000000      44.745  0.0000000    
S3-D1:    -10.136  0.0000000     -23.170  0.0000000    
S3-D2:      3.949  0.0000791      -9.731  0.0000000    
S3-D6:    -31.380  0.0000000     -55.401  0.0000000    
S3-D9:    -25.394  0.0000000     -35.516  0.0000000    
S3-D10:     -8.165  0.0000000     -31.487  0.0000000    
S3-D15:    -27.350  0.0000000     -62.570  0.0000000    
S4-D2:     -8.821  0.0000000     -34.632  0.0000000    
S4-D3:    -35.378  0.0000000     -12.338  0.0000000    
S4-D7:     -7.859  0.0000000      -5.995  0.0000000    
S4-D11:    -21.465  0.0000000     -15.174  0.0000000    
S4-D16:     -0.884  0.3766114      -2.261  0.0238124    
S5-D3:    -21.772  0.0000000       5.609  0.0000000    
S5-D4:     -9.689  0.0000000      -3.051  0.0022850    
S5-D8:      2.414  0.0158039      -2.502  0.0123831    
S5-D11:     -6.086  0.0000000       8.272  0.0000000    
S5-D12:    -10.334  0.0000000      -4.789  0.0000017    
S5-D13:    -32.263  0.0000000     -36.740  0.0000000    

Contrast results per channel for total-Hb (t, p values)
S1-D1:    -25.286  0.0000000     -34.731  0.0000000    
S1-D2:    -28.776  0.0000000     -44.614  0.0000000    
S1-D3:    -34.697  0.0000000     -21.242  0.0000000    
S1-D4:    -31.178  0.0000000     -28.663  0.0000000    
S1-D5:    -12.700  0.0000000     -19.645  0.0000000    
S1-D6:    -23.599  0.0000000     -38.861  0.0000000    
S1-D7:    -35.215  0.0000000     -46.162  0.0000000    
S1-D8:    -43.197  0.0000000     -39.649  0.0000000    
S1-D9:    -21.538  0.0000000     -35.775  0.0000000    
S1-D10:    -16.471  0.0000000     -34.944  0.0000000    
S1-D11:    -25.612  0.0000000     -33.383  0.0000000    
S1-D12:    -30.044  0.0000000     -35.997  0.0000000    
S1-D13:    -33.106  0.0000000     -31.554  0.0000000    
S1-D14:      2.783  0.0054020      -2.469  0.0135761    
S1-D15:    -30.360  0.0000000     -44.940  0.0000000    
S2-D1:     24.601  0.0000000      21.393  0.0000000    
S2-D4:     31.586  0.0000000      21.255  0.0000000    
S2-D5:     30.730  0.0000000      25.415  0.0000000    
S2-D9:     33.702  0.0000000      32.086  0.0000000    
S2-D12:     27.072  0.0000000      17.161  0.0000000    
S2-D14:     21.527  0.0000000      13.089  0.0000000    
S3-D1:    -30.440  0.0000000     -44.541  0.0000000    
S3-D2:    -20.030  0.0000000     -36.954  0.0000000    
S3-D6:    -32.239  0.0000000     -50.094  0.0000000    
S3-D9:    -29.249  0.0000000     -43.737  0.0000000    
S3-D10:    -20.037  0.0000000     -40.031  0.0000000    
S3-D15:    -35.274  0.0000000     -59.307  0.0000000    
S4-D2:    -20.227  0.0000000     -45.617  0.0000000    
S4-D3:    -34.277  0.0000000     -23.313  0.0000000    
S4-D7:    -18.146  0.0000000     -20.599  0.0000000    
S4-D11:    -26.091  0.0000000     -28.120  0.0000000    
S4-D16:     -6.584  0.0000000     -11.294  0.0000000    
S5-D3:    -30.255  0.0000000     -16.724  0.0000000    
S5-D4:    -33.258  0.0000000     -30.751  0.0000000    
S5-D8:    -13.084  0.0000000     -21.640  0.0000000    
S5-D11:    -23.937  0.0000000     -18.461  0.0000000    
S5-D12:    -25.377  0.0000000     -29.608  0.0000000    
S5-D13:    -37.361  0.0000000     -40.144  0.0000000    
