GLM RESULTS

Model fit per channel for Oxy(beta, t, p values)
S1-D1:      0.114     1.002  0.3165598      -0.159     0.079  0.9369689    
S1-D2:      0.247     0.974  0.3303823      -0.166    -0.405  0.6855550    
S1-D3:      0.343     1.070  0.2848966      -0.221    -0.451  0.6519133    
S2-D2:      0.016     0.103  0.9182262      -0.053    -0.093  0.9262842    
S2-D4:      0.192     0.766  0.4441294      -0.075    -0.478  0.6325320    
S2-D9:     -0.150    -0.795  0.4269495       0.002     0.414  0.6792932    
S3-D1:      0.131     1.021  0.3077772      -0.305     0.029  0.9772267    
S3-D3:      0.323     2.170  0.0303991      -0.291    -0.557  0.5778518    
S3-D5:      0.326     1.558  0.1196774      -0.183    -0.520  0.6033963    
S4-D2:      0.262     0.993  0.3209568      -0.171    -0.398  0.6906620    
S4-D3:      0.053     0.340  0.7337973      -0.145    -0.370  0.7116251    
S4-D4:      0.219     0.661  0.5087750      -0.092    -0.327  0.7435567    
S4-D6:      0.255     0.753  0.4517056      -0.127    -0.554  0.5799729    
S5-D3:      0.343     1.116  0.2648221      -0.068    -0.601  0.5483171    
S5-D5:      0.346     1.225  0.2210149      -0.034    -0.322  0.7473072    
S5-D6:      0.343     1.147  0.2517163      -0.072    -0.672  0.5018071    
S5-D7:      0.192     0.598  0.5499289      -0.009    -0.262  0.7937414    
S6-D5:      0.512     2.278  0.0230927      -0.187    -0.121  0.9040290    
S6-D7:      0.249     0.994  0.3206470      -0.063    -0.390  0.6966211    
S7-D6:      0.371     1.478  0.1399180      -0.111    -0.763  0.4458929    
S7-D7:      0.215     0.651  0.5151712      -0.087    -0.427  0.6694813    
S7-D8:      0.324     1.165  0.2445813      -0.130    -0.648  0.5172230    
S7-D14:      0.213     0.941  0.3469256      -0.088    -0.493  0.6224793    
S8-D7:      0.562     1.562  0.1189304      -0.117    -0.880  0.3789768    
S8-D8:      0.457     1.574  0.1160755      -0.128    -0.838  0.4022332    
S9-D4:      0.085     0.302  0.7624353      -0.098    -0.167  0.8677867    
S9-D6:      0.362     1.392  0.1645874      -0.099    -0.783  0.4342098    
S9-D12:      0.082     0.365  0.7151488      -0.035    -0.206  0.8371200    
S9-D14:      0.364     1.905  0.0572308      -0.076    -0.793  0.4283030    
S10-D9:     -0.073    -0.278  0.7814472       0.029     0.266  0.7904654    
S10-D10:      0.203     1.241  0.2149556      -0.074    -0.299  0.7652898    
S10-D11:      0.452     1.321  0.1870163      -0.089    -0.383  0.7017531    
S11-D4:      0.220     0.940  0.3474056      -0.040    -0.335  0.7380623    
S11-D9:      0.019     0.133  0.8940440       0.022     0.180  0.8572644    
S11-D11:      0.011     0.048  0.9613766      -0.049    -0.037  0.9703054    
S11-D12:      0.171     0.720  0.4719529       0.032    -0.414  0.6790620    
S12-D10:      0.301     1.458  0.1453970      -0.161    -0.472  0.6371842    
S12-D11:      0.194     1.112  0.2667196      -0.115    -0.272  0.7856074    
S12-D13:      0.293     1.445  0.1489836      -0.151    -0.284  0.7763106    
S13-D11:     -0.143    -0.585  0.5589360      -0.001     0.219  0.8270161    
S13-D12:      0.123     0.547  0.5843065      -0.015    -0.304  0.7613716    
S13-D13:      0.201     0.690  0.4906227      -0.035    -0.095  0.9247252    
S13-D15:      0.134     0.556  0.5782362      -0.051    -0.351  0.7259263    
S14-D12:     -0.113    -0.419  0.6751771      -0.075     0.155  0.8767646    
S14-D14:      0.232     1.009  0.3134950      -0.080    -0.596  0.5512249    
S14-D15:      0.247     0.811  0.4177781      -0.077    -0.581  0.5613448    
S14-D16:      0.142     0.430  0.6673355      -0.124    -0.192  0.8480786    
S15-D13:      0.431     1.369  0.1714781      -0.154     0.104  0.9170553    
S15-D15:      0.272     1.234  0.2176211      -0.138    -0.383  0.7020099    
S16-D15:      0.454     1.230  0.2190552      -0.104    -0.897  0.3700288    
S16-D16:      0.483     1.264  0.2068508      -0.102    -0.773  0.4401010    

Model fit per channel for DeOxy(beta, t, p values)
S1-D1:     -0.018    -0.330  0.7415234      -0.122    -0.063  0.9500998    
S1-D2:     -0.453    -1.590  0.1123322       0.234     0.233  0.8155396    
S1-D3:     -0.136    -0.441  0.6593038      -0.038    -0.366  0.7142754    
S2-D2:     -0.001    -0.007  0.9941892       0.054    -0.174  0.8619562    
S2-D4:      0.263     0.635  0.5254508      -0.047    -0.478  0.6330987    
S2-D9:     -0.190    -0.729  0.4662381       0.009     0.202  0.8399799    
S3-D1:     -0.047    -0.577  0.5640405      -0.074    -0.208  0.8351502    
S3-D3:      0.006     0.025  0.9796757      -0.095    -0.082  0.9344490    
S3-D5:      0.170     1.407  0.1598670      -0.168    -0.723  0.4700291    
S4-D2:      0.193     0.529  0.5968938      -0.028     0.003  0.9974335    
S4-D3:      0.370     0.988  0.3235036      -0.085    -0.247  0.8049558    
S4-D4:     -0.340    -0.621  0.5347221       0.069     0.035  0.9717594    
S4-D6:     -0.170    -0.418  0.6758142       0.056     0.474  0.6355738    
S5-D3:      0.245     0.982  0.3267049      -0.128    -0.452  0.6512477    
S5-D5:     -0.220    -0.711  0.4770838      -0.036    -0.360  0.7193517    
S5-D6:     -0.231    -0.779  0.4362085      -0.054     0.512  0.6091801    
S5-D7:      0.215     0.490  0.6243708      -0.051    -0.123  0.9023923    
S6-D5:      0.012     0.138  0.8901487      -0.109    -0.294  0.7691879    
S6-D7:     -0.378    -0.901  0.3681554       0.117     0.014  0.9891262    
S7-D6:      0.175     0.773  0.4399980      -0.031    -0.372  0.7102862    
S7-D7:     -0.079    -0.164  0.8698310      -0.039     0.064  0.9489667    
S7-D8:      0.597     1.457  0.1455629      -0.111    -0.385  0.7007212    
S7-D14:      0.805     2.873  0.0042140      -0.095    -0.801  0.4232693    
S8-D7:     -0.115    -0.238  0.8120765       0.009     0.331  0.7407038    
S8-D8:      0.213     0.740  0.4595131      -0.073    -0.111  0.9117012    
S9-D4:     -0.412    -0.964  0.3354141       0.210    -0.086  0.9316249    
S9-D6:     -0.576    -2.079  0.0380965       0.067     0.458  0.6471696    
S9-D12:     -0.832    -1.787  0.0744265       0.084    -0.026  0.9795996    
S9-D14:      0.223     0.834  0.4048892       0.006    -0.484  0.6288722    
S10-D9:     -0.171    -0.709  0.4783279      -0.018    -0.040  0.9684043    
S10-D10:      0.038     0.431  0.6665639      -0.134    -0.294  0.7691945    
S10-D11:     -0.295    -0.772  0.4404224      -0.046    -0.102  0.9186397    
S11-D4:     -0.581    -1.908  0.0569305       0.011     0.106  0.9154791    
S11-D9:     -0.012    -0.037  0.9702970      -0.052    -0.198  0.8427789    
S11-D11:      0.205     0.509  0.6106206      -0.067    -0.122  0.9033148    
S11-D12:      0.085     0.258  0.7963095      -0.004    -0.323  0.7471817    
S12-D10:      0.035     0.542  0.5879680      -0.131    -0.515  0.6065859    
S12-D11:      0.309     1.366  0.1724967      -0.236    -0.841  0.4008127    
S12-D13:      0.059     0.406  0.6850216      -0.035    -0.841  0.4006143    
S13-D11:      0.291     0.586  0.5582185      -0.119    -0.440  0.6598858    
S13-D12:      0.034     0.080  0.9359948       0.024    -0.259  0.7959308    
S13-D13:      0.397     1.472  0.1414554       0.035    -0.624  0.5325788    
S13-D15:      0.564     1.437  0.1513808      -0.094    -0.451  0.6518033    
S14-D12:      0.187     0.358  0.7203931      -0.068    -0.032  0.9742669    
S14-D14:      0.278     0.741  0.4590124      -0.058    -0.389  0.6971191    
S14-D15:      0.134     0.734  0.4632857      -0.021     0.186  0.8528123    
S14-D16:      0.434     0.924  0.3556656      -0.102    -0.690  0.4904987    
S15-D13:      0.186     0.995  0.3200777      -0.077    -0.756  0.4501319    
S15-D15:      0.377     0.946  0.3444872      -0.158    -0.844  0.3990840    
S16-D15:      0.274     0.714  0.4752496      -0.002    -0.131  0.8956269    
S16-D16:      0.578     1.670  0.0954860      -0.149    -0.408  0.6834150    

Model fit per channel for Total(beta, t, p values)
S1-D1:      0.087     0.665  0.5060423      -0.247    -0.154  0.8778807    
S1-D2:      0.233     0.811  0.4175143      -0.135    -0.326  0.7443385    
S1-D3:      0.341     1.202  0.2296917      -0.235    -0.727  0.4673474    
S2-D2:     -0.016    -0.127  0.8991440      -0.040    -0.033  0.9737103    
S2-D4:      0.119     0.570  0.5686881      -0.074    -0.293  0.7694449    
S2-D9:     -0.180    -0.943  0.3460353       0.003     0.485  0.6277749    
S3-D1:      0.126     0.732  0.4647558      -0.327    -0.207  0.8360140    
S3-D3:      0.272     1.426  0.1544237      -0.315    -0.628  0.5301038    
S3-D5:      0.282     1.663  0.0968335      -0.241    -0.850  0.3959213    
S4-D2:      0.295     1.074  0.2833856      -0.171    -0.270  0.7874083    
S4-D3:      0.319     1.400  0.1621864      -0.153    -0.670  0.5032270    
S4-D4:      0.042     0.118  0.9064637      -0.078    -0.135  0.8927166    
S4-D6:      0.129     0.431  0.6664689      -0.106    -0.298  0.7657359    
S5-D3:      0.390     1.385  0.1665510      -0.091    -0.691  0.4895460    
S5-D5:      0.290     0.957  0.3388299      -0.043    -0.473  0.6361906    
S5-D6:      0.341     1.249  0.2122922      -0.079    -0.696  0.4864504    
S5-D7:      0.287     0.927  0.3540790      -0.016    -0.372  0.7103715    
S6-D5:      0.566     2.383  0.0175084      -0.248    -0.742  0.4583791    
S6-D7:      0.182     0.872  0.3834391      -0.048    -0.232  0.8165084    
S7-D6:      0.549     2.405  0.0164952      -0.112    -0.999  0.3181571    
S7-D7:      0.133     0.459  0.6466040      -0.086    -0.303  0.7622139    
S7-D8:      0.416     1.630  0.1035786      -0.135    -0.785  0.4326743    
S7-D14:      0.335     1.352  0.1768087      -0.094    -0.690  0.4907410    
S8-D7:      0.197     0.657  0.5117016      -0.104    -0.423  0.6727823    
S8-D8:      0.333     1.202  0.2297634      -0.130    -0.622  0.5340051    
S9-D4:      0.255     1.113  0.2663480      -0.071    -0.553  0.5806843    
S9-D6:      0.296     1.362  0.1738136      -0.088    -0.694  0.4877081    
S9-D12:      0.013     0.054  0.9572534      -0.028    -0.068  0.9455155    
S9-D14:      0.329     1.514  0.1306458      -0.074    -0.681  0.4958516    
S10-D9:     -0.149    -0.555  0.5790342       0.026     0.350  0.7261675    
S10-D10:      0.228     1.155  0.2487049      -0.141    -0.479  0.6320852    
S10-D11:      0.519     1.756  0.0795463      -0.104    -0.604  0.5458171    
S11-D4:      0.010     0.049  0.9608176      -0.037    -0.025  0.9803156    
S11-D9:      0.009     0.049  0.9605780       0.014     0.065  0.9482804    
S11-D11:      0.002     0.010  0.9921586      -0.062    -0.026  0.9792047    
S11-D12:      0.316     1.327  0.1849062       0.031    -0.639  0.5229178    
S12-D10:      0.216     1.047  0.2956055      -0.222    -0.704  0.4816228    
S12-D11:      0.294     1.364  0.1730730      -0.214    -0.615  0.5385847    
S12-D13:      0.153     0.726  0.4679550      -0.159    -0.450  0.6528251    
S13-D11:     -0.005    -0.028  0.9778203      -0.021     0.045  0.9639481    
S13-D12:      0.263     1.156  0.2479669      -0.010    -0.529  0.5972257    
S13-D13:      0.325     1.267  0.2057518      -0.025    -0.384  0.7013273    
S13-D15:      0.198     0.835  0.4041325      -0.061    -0.393  0.6944535    
S14-D12:      0.233     0.973  0.3311180      -0.082    -0.584  0.5592041    
S14-D14:      0.411     1.992  0.0468697      -0.082    -0.814  0.4157575    
S14-D15:      0.550     2.064  0.0394597      -0.076    -1.133  0.2577090    
S14-D16:      0.307     0.815  0.4152282      -0.139    -0.498  0.6189332    
S15-D13:      0.482     1.427  0.1539876      -0.193    -0.502  0.6158103    
S15-D15:      0.382     1.418  0.1568198      -0.178    -0.761  0.4471814    
S16-D15:      0.454     1.242  0.2148900      -0.098    -0.824  0.4101376    
S16-D16:      0.263     0.839  0.4018624      -0.125    -0.587  0.5573645    


GLM CONTRAST RESULTS
Contrast 1: 3 > Baseline

Contrast results per channel for Oxy(t, p values)
S1-D1:      1.002  0.3165598    
S1-D2:      0.974  0.3303823    
S1-D3:      1.070  0.2848966    
S2-D2:      0.103  0.9182262    
S2-D4:      0.766  0.4441294    
S2-D9:     -0.795  0.4269495    
S3-D1:      1.021  0.3077772    
S3-D3:      2.170  0.0303991    
S3-D5:      1.558  0.1196774    
S4-D2:      0.993  0.3209568    
S4-D3:      0.340  0.7337973    
S4-D4:      0.661  0.5087750    
S4-D6:      0.753  0.4517056    
S5-D3:      1.116  0.2648221    
S5-D5:      1.225  0.2210149    
S5-D6:      1.147  0.2517163    
S5-D7:      0.598  0.5499289    
S6-D5:      2.278  0.0230927    
S6-D7:      0.994  0.3206470    
S7-D6:      1.478  0.1399180    
S7-D7:      0.651  0.5151712    
S7-D8:      1.165  0.2445813    
S7-D14:      0.941  0.3469256    
S8-D7:      1.562  0.1189304    
S8-D8:      1.574  0.1160755    
S9-D4:      0.302  0.7624353    
S9-D6:      1.392  0.1645874    
S9-D12:      0.365  0.7151488    
S9-D14:      1.905  0.0572308    
S10-D9:     -0.278  0.7814472    
S10-D10:      1.241  0.2149556    
S10-D11:      1.321  0.1870163    
S11-D4:      0.940  0.3474056    
S11-D9:      0.133  0.8940440    
S11-D11:      0.048  0.9613766    
S11-D12:      0.720  0.4719529    
S12-D10:      1.458  0.1453970    
S12-D11:      1.112  0.2667196    
S12-D13:      1.445  0.1489836    
S13-D11:     -0.585  0.5589360    
S13-D12:      0.547  0.5843065    
S13-D13:      0.690  0.4906227    
S13-D15:      0.556  0.5782362    
S14-D12:     -0.419  0.6751771    
S14-D14:      1.009  0.3134950    
S14-D15:      0.811  0.4177781    
S14-D16:      0.430  0.6673355    
S15-D13:      1.369  0.1714781    
S15-D15:      1.234  0.2176211    
S16-D15:      1.230  0.2190552    
S16-D16:      1.264  0.2068508    
Contrast results per channel for DeOxy(t, p values)
S1-D1:     -0.330  0.7415234    
S1-D2:     -1.590  0.1123322    
S1-D3:     -0.441  0.6593038    
S2-D2:     -0.007  0.9941892    
S2-D4:      0.635  0.5254508    
S2-D9:     -0.729  0.4662381    
S3-D1:     -0.577  0.5640405    
S3-D3:      0.025  0.9796757    
S3-D5:      1.407  0.1598670    
S4-D2:      0.529  0.5968938    
S4-D3:      0.988  0.3235036    
S4-D4:     -0.621  0.5347221    
S4-D6:     -0.418  0.6758142    
S5-D3:      0.982  0.3267049    
S5-D5:     -0.711  0.4770838    
S5-D6:     -0.779  0.4362085    
S5-D7:      0.490  0.6243708    
S6-D5:      0.138  0.8901487    
S6-D7:     -0.901  0.3681554    
S7-D6:      0.773  0.4399980    
S7-D7:     -0.164  0.8698310    
S7-D8:      1.457  0.1455629    
S7-D14:      2.873  0.0042140    
S8-D7:     -0.238  0.8120765    
S8-D8:      0.740  0.4595131    
S9-D4:     -0.964  0.3354141    
S9-D6:     -2.079  0.0380965    
S9-D12:     -1.787  0.0744265    
S9-D14:      0.834  0.4048892    
S10-D9:     -0.709  0.4783279    
S10-D10:      0.431  0.6665639    
S10-D11:     -0.772  0.4404224    
S11-D4:     -1.908  0.0569305    
S11-D9:     -0.037  0.9702970    
S11-D11:      0.509  0.6106206    
S11-D12:      0.258  0.7963095    
S12-D10:      0.542  0.5879680    
S12-D11:      1.366  0.1724967    
S12-D13:      0.406  0.6850216    
S13-D11:      0.586  0.5582185    
S13-D12:      0.080  0.9359948    
S13-D13:      1.472  0.1414554    
S13-D15:      1.437  0.1513808    
S14-D12:      0.358  0.7203931    
S14-D14:      0.741  0.4590124    
S14-D15:      0.734  0.4632857    
S14-D16:      0.924  0.3556656    
S15-D13:      0.995  0.3200777    
S15-D15:      0.946  0.3444872    
S16-D15:      0.714  0.4752496    
S16-D16:      1.670  0.0954860    
Contrast results per channel for Total(t, p values)
S1-D1:      0.665  0.5060423    
S1-D2:      0.811  0.4175143    
S1-D3:      1.202  0.2296917    
S2-D2:     -0.127  0.8991440    
S2-D4:      0.570  0.5686881    
S2-D9:     -0.943  0.3460353    
S3-D1:      0.732  0.4647558    
S3-D3:      1.426  0.1544237    
S3-D5:      1.663  0.0968335    
S4-D2:      1.074  0.2833856    
S4-D3:      1.400  0.1621864    
S4-D4:      0.118  0.9064637    
S4-D6:      0.431  0.6664689    
S5-D3:      1.385  0.1665510    
S5-D5:      0.957  0.3388299    
S5-D6:      1.249  0.2122922    
S5-D7:      0.927  0.3540790    
S6-D5:      2.383  0.0175084    
S6-D7:      0.872  0.3834391    
S7-D6:      2.405  0.0164952    
S7-D7:      0.459  0.6466040    
S7-D8:      1.630  0.1035786    
S7-D14:      1.352  0.1768087    
S8-D7:      0.657  0.5117016    
S8-D8:      1.202  0.2297634    
S9-D4:      1.113  0.2663480    
S9-D6:      1.362  0.1738136    
S9-D12:      0.054  0.9572534    
S9-D14:      1.514  0.1306458    
S10-D9:     -0.555  0.5790342    
S10-D10:      1.155  0.2487049    
S10-D11:      1.756  0.0795463    
S11-D4:      0.049  0.9608176    
S11-D9:      0.049  0.9605780    
S11-D11:      0.010  0.9921586    
S11-D12:      1.327  0.1849062    
S12-D10:      1.047  0.2956055    
S12-D11:      1.364  0.1730730    
S12-D13:      0.726  0.4679550    
S13-D11:     -0.028  0.9778203    
S13-D12:      1.156  0.2479669    
S13-D13:      1.267  0.2057518    
S13-D15:      0.835  0.4041325    
S14-D12:      0.973  0.3311180    
S14-D14:      1.992  0.0468697    
S14-D15:      2.064  0.0394597    
S14-D16:      0.815  0.4152282    
S15-D13:      1.427  0.1539876    
S15-D15:      1.418  0.1568198    
S16-D15:      1.242  0.2148900    
S16-D16:      0.839  0.4018624    
Explained VarianceOxy(R squared)
S1-D1:      0.000  0.0416230    0.0000000    
S1-D2:      0.000  0.0404517    0.0000000    
S1-D3:      0.000  0.0444393    0.0000000    
S2-D2:      0.000  0.0042686    0.0000000    
S2-D4:      0.000  0.0318079    0.0000000    
S2-D9:      0.000  0.0330203    0.0000000    
S3-D1:      0.000  0.0423847    0.0000000    
S3-D3:      0.000  0.0898250    0.0000000    
S3-D5:      0.000  0.0646308    0.0000000    
S4-D2:      0.000  0.0412469    0.0000000    
S4-D3:      0.000  0.0141386    0.0000000    
S4-D4:      0.000  0.0274664    0.0000000    
S4-D6:      0.000  0.0312818    0.0000000    
S5-D3:      0.000  0.0463357    0.0000000    
S5-D5:      0.000  0.0508498    0.0000000    
S5-D6:      0.000  0.0476276    0.0000000    
S5-D7:      0.000  0.0248534    0.0000000    
S6-D5:      0.000  0.0942473    0.0000000    
S6-D7:      0.000  0.0412733    0.0000000    
S7-D6:      0.000  0.0613132    0.0000000    
S7-D7:      0.000  0.0270533    0.0000000    
S7-D8:      0.000  0.0483506    0.0000000    
S7-D14:      0.000  0.0390907    0.0000000    
S8-D7:      0.000  0.0647613    0.0000000    
S8-D8:      0.000  0.0652662    0.0000000    
S9-D4:      0.000  0.0125674    0.0000000    
S9-D6:      0.000  0.0577352    0.0000000    
S9-D12:      0.000  0.0151725    0.0000000    
S9-D14:      0.000  0.0789362    0.0000000    
S10-D9:      0.000  0.0115343    0.0000000    
S10-D10:      0.000  0.0515229    0.0000000    
S10-D11:      0.000  0.0548172    0.0000000    
S11-D4:      0.000  0.0390518    0.0000000    
S11-D9:      0.000  0.0055375    0.0000000    
S11-D11:      0.000  0.0020134    0.0000000    
S11-D12:      0.000  0.0298995    0.0000000    
S12-D10:      0.000  0.0604793    0.0000000    
S12-D11:      0.000  0.0461523    0.0000000    
S12-D13:      0.000  0.0599464    0.0000000    
S13-D11:      0.000  0.0242947    0.0000000    
S13-D12:      0.000  0.0227438    0.0000000    
S13-D13:      0.000  0.0286536    0.0000000    
S13-D15:      0.000  0.0231119    0.0000000    
S14-D12:      0.000  0.0174215    0.0000000    
S14-D14:      0.000  0.0418872    0.0000000    
S14-D15:      0.000  0.0336792    0.0000000    
S14-D16:      0.000  0.0178685    0.0000000    
S15-D13:      0.000  0.0568087    0.0000000    
S15-D15:      0.000  0.0512252    0.0000000    
S16-D15:      0.000  0.0510661    0.0000000    
S16-D16:      0.000  0.0524448    0.0000000    
Explained VarianceDeOxy(R squared)
S1-D1:      0.000  0.0137128    0.0000000    
S1-D2:      0.000  0.0659432    0.0000000    
S1-D3:      0.000  0.0183285    0.0000000    
S2-D2:      0.000  0.0003028    0.0000000    
S2-D4:      0.000  0.0263951    0.0000000    
S2-D9:      0.000  0.0302863    0.0000000    
S3-D1:      0.000  0.0239800    0.0000000    
S3-D3:      0.000  0.0010592    0.0000000    
S3-D5:      0.000  0.0583867    0.0000000    
S4-D2:      0.000  0.0219860    0.0000000    
S4-D3:      0.000  0.0410305    0.0000000    
S4-D4:      0.000  0.0258070    0.0000000    
S4-D6:      0.000  0.0173852    0.0000000    
S5-D3:      0.000  0.0407602    0.0000000    
S5-D5:      0.000  0.0295545    0.0000000    
S5-D6:      0.000  0.0323635    0.0000000    
S5-D7:      0.000  0.0203565    0.0000000    
S6-D5:      0.000  0.0057423    0.0000000    
S6-D7:      0.000  0.0374030    0.0000000    
S7-D6:      0.000  0.0320970    0.0000000    
S7-D7:      0.000  0.0068132    0.0000000    
S7-D8:      0.000  0.0604545    0.0000000    
S7-D14:      0.000  0.1185589    0.0000000    
S8-D7:      0.000  0.0098845    0.0000000    
S8-D8:      0.000  0.0307448    0.0000000    
S9-D4:      0.000  0.0400332    0.0000000    
S9-D6:      0.000  0.0860620    0.0000000    
S9-D12:      0.000  0.0740699    0.0000000    
S9-D14:      0.000  0.0346196    0.0000000    
S10-D9:      0.000  0.0294711    0.0000000    
S10-D10:      0.000  0.0179126    0.0000000    
S10-D11:      0.000  0.0320672    0.0000000    
S11-D4:      0.000  0.0790314    0.0000000    
S11-D9:      0.000  0.0015481    0.0000000    
S11-D11:      0.000  0.0211679    0.0000000    
S11-D12:      0.000  0.0107317    0.0000000    
S12-D10:      0.000  0.0225226    0.0000000    
S12-D11:      0.000  0.0566742    0.0000000    
S12-D13:      0.000  0.0168631    0.0000000    
S13-D11:      0.000  0.0243390    0.0000000    
S13-D12:      0.000  0.0033388    0.0000000    
S13-D13:      0.000  0.0610767    0.0000000    
S13-D15:      0.000  0.0595956    0.0000000    
S14-D12:      0.000  0.0148808    0.0000000    
S14-D14:      0.000  0.0307791    0.0000000    
S14-D15:      0.000  0.0304871    0.0000000    
S14-D16:      0.000  0.0383882    0.0000000    
S15-D13:      0.000  0.0413218    0.0000000    
S15-D15:      0.000  0.0392886    0.0000000    
S16-D15:      0.000  0.0296776    0.0000000    
S16-D16:      0.000  0.0692308    0.0000000    
Explained VarianceTotal(R squared)
S1-D1:      0.000  0.0276436    0.0000000    
S1-D2:      0.000  0.0336982    0.0000000    
S1-D3:      0.000  0.0499087    0.0000000    
S2-D2:      0.000  0.0052695    0.0000000    
S2-D4:      0.000  0.0236947    0.0000000    
S2-D9:      0.000  0.0391628    0.0000000    
S3-D1:      0.000  0.0303870    0.0000000    
S3-D3:      0.000  0.0591564    0.0000000    
S3-D5:      0.000  0.0689516    0.0000000    
S4-D2:      0.000  0.0445788    0.0000000    
S4-D3:      0.000  0.0580648    0.0000000    
S4-D4:      0.000  0.0048852    0.0000000    
S4-D6:      0.000  0.0179180    0.0000000    
S5-D3:      0.000  0.0574682    0.0000000    
S5-D5:      0.000  0.0397514    0.0000000    
S5-D6:      0.000  0.0518230    0.0000000    
S5-D7:      0.000  0.0385149    0.0000000    
S6-D5:      0.000  0.0985392    0.0000000    
S6-D7:      0.000  0.0362253    0.0000000    
S7-D6:      0.000  0.0994438    0.0000000    
S7-D7:      0.000  0.0190605    0.0000000    
S7-D8:      0.000  0.0675986    0.0000000    
S7-D14:      0.000  0.0561109    0.0000000    
S8-D7:      0.000  0.0272770    0.0000000    
S8-D8:      0.000  0.0499010    0.0000000    
S9-D4:      0.000  0.0461882    0.0000000    
S9-D6:      0.000  0.0565010    0.0000000    
S9-D12:      0.000  0.0022285    0.0000000    
S9-D14:      0.000  0.0627834    0.0000000    
S10-D9:      0.000  0.0230634    0.0000000    
S10-D10:      0.000  0.0479310    0.0000000    
S10-D11:      0.000  0.0728004    0.0000000    
S11-D4:      0.000  0.0020426    0.0000000    
S11-D9:      0.000  0.0020551    0.0000000    
S11-D11:      0.000  0.0004086    0.0000000    
S11-D12:      0.000  0.0550803    0.0000000    
S12-D10:      0.000  0.0434645    0.0000000    
S12-D11:      0.000  0.0565983    0.0000000    
S12-D13:      0.000  0.0301698    0.0000000    
S13-D11:      0.000  0.0011559    0.0000000    
S13-D12:      0.000  0.0480057    0.0000000    
S13-D13:      0.000  0.0525718    0.0000000    
S13-D15:      0.000  0.0346753    0.0000000    
S14-D12:      0.000  0.0403903    0.0000000    
S14-D14:      0.000  0.0824915    0.0000000    
S14-D15:      0.000  0.0854644    0.0000000    
S14-D16:      0.000  0.0338638    0.0000000    
S15-D13:      0.000  0.0592189    0.0000000    
S15-D15:      0.000  0.0588151    0.0000000    
S16-D15:      0.000  0.0515302    0.0000000    
S16-D16:      0.000  0.0348430    0.0000000    
