0.0000000000  1.0000000000  
0.0000000000  1.0000000000  
0.0000000000  1.0000000000  
0.0000000000  1.0000000000  
0.0000000000  1.0000000000  
0.0000000000  1.0000000000  
0.0000000000  1.0000000000  
0.0000000000  1.0000000000  
0.0000000000  1.0000000000  
0.0000000000  1.0000000000  
0.0000000000  1.0000000000  
0.0000000000  1.0000000000  
0.0000000000  1.0000000000  
0.0000000000  1.0000000000  
0.0000000000  1.0000000000  
0.0000000000  1.0000000000  
0.0000000000  1.0000000000  
0.0000000000  1.0000000000  
0.0000000000  1.0000000000  
0.0000000000  1.0000000000  
0.0000000000  1.0000000000  
0.0000000000  1.0000000000  
0.0000000000  1.0000000000  
0.0000000000  1.0000000000  
0.0000000000  1.0000000000  
0.0000000000  1.0000000000  
0.0000000000  1.0000000000  
0.0000000000  1.0000000000  
0.0000000000  1.0000000000  
0.0000000000  1.0000000000  
0.0000000000  1.0000000000  
0.0000000000  1.0000000000  
0.0000000000  1.0000000000  
0.0000000000  1.0000000000  
0.0000000000  1.0000000000  
0.0000000000  1.0000000000  
0.0000000000  1.0000000000  
0.0000000000  1.0000000000  
0.0000000000  1.0000000000  
0.0000000000  1.0000000000  
0.0000000000  1.0000000000  
0.0000000000  1.0000000000  
0.0000000000  1.0000000000  
0.0000000000  1.0000000000  
0.0000000000  1.0000000000  
0.0000000000  1.0000000000  
0.0000000000  1.0000000000  
0.0000000000  1.0000000000  
0.0000000000  1.0000000000  
0.0000000000  1.0000000000  
0.0000000000  1.0000000000  
0.0000000000  1.0000000000  
0.0000000000  1.0000000000  
0.0000000000  1.0000000000  
0.0000000000  1.0000000000  
0.0000000000  1.0000000000  
0.0000000000  1.0000000000  
0.0000000000  1.0000000000  
0.0000000000  1.0000000000  
0.0000000000  1.0000000000  
0.0000000000  1.0000000000  
0.0000000000  1.0000000000  
0.0000000000  1.0000000000  
0.0000000000  1.0000000000  
0.0000000000  1.0000000000  
0.0000000000  1.0000000000  
0.0000000000  1.0000000000  
0.0000000000  1.0000000000  
0.0000000000  1.0000000000  
0.0000000000  1.0000000000  
0.0000000000  1.0000000000  
0.0000000000  1.0000000000  
0.0000000000  1.0000000000  
0.0000000000  1.0000000000  
0.0000000000  1.0000000000  
0.0000000000  1.0000000000  
0.0000000000  1.0000000000  
0.0000000000  1.0000000000  
0.0000000000  1.0000000000  
0.0000000000  1.0000000000  
0.0000000000  1.0000000000  
0.0000000000  1.0000000000  
0.0000000000  1.0000000000  
0.0000000000  1.0000000000  
0.0000000000  1.0000000000  
0.0000000000  1.0000000000  
0.0000000000  1.0000000000  
0.0000000000  1.0000000000  
0.0000000000  1.0000000000  
0.0000000000  1.0000000000  
0.0000000000  1.0000000000  
0.0000000000  1.0000000000  
0.0000000000  1.0000000000  
0.0000000000  1.0000000000  
0.0000000000  1.0000000000  
0.0000000000  1.0000000000  
0.0000000000  1.0000000000  
0.0000000000  1.0000000000  
0.0000000000  1.0000000000  
0.0000000000  1.0000000000  
0.0000000000  1.0000000000  
0.0000000000  1.0000000000  
0.0000000000  1.0000000000  
0.0000000000  1.0000000000  
0.0000000000  1.0000000000  
0.0000000000  1.0000000000  
0.0000000000  1.0000000000  
0.0000000000  1.0000000000  
0.0000000000  1.0000000000  
0.0000000000  1.0000000000  
0.0000000000  1.0000000000  
0.0000000000  1.0000000000  
0.0000000000  1.0000000000  
0.0000000000  1.0000000000  
0.0000000000  1.0000000000  
0.0000000000  1.0000000000  
0.0000000000  1.0000000000  
0.0000000000  1.0000000000  
0.0000000000  1.0000000000  
0.0000000000  1.0000000000  
0.0000000000  1.0000000000  
0.0000000000  1.0000000000  
0.0000000000  1.0000000000  
0.0000000000  1.0000000000  
0.0000000000  1.0000000000  
0.0000000000  1.0000000000  
0.0000004799  1.0000000000  
0.0000130918  1.0000000000  
0.0000917382  1.0000000000  
0.0003638933  1.0000000000  
0.0010459344  1.0000000000  
0.0024396071  1.0000000000  
0.0049132597  1.0000000000  
0.0088736905  1.0000000000  
0.0147343844  1.0000000000  
0.0228848134  1.0000000000  
0.0336640468  1.0000000000  
0.0473405367  1.0000000000  
0.0640988044  1.0000000000  
0.0840328956  1.0000000000  
0.1071458986  1.0000000000  
0.1333544899  1.0000000000  
0.1624973267  1.0000000000  
0.1943461083  1.0000000000  
0.2286182143  1.0000000000  
0.2649899772  1.0000000000  
0.3031098172  1.0000000000  
0.3426106463  1.0000000000  
0.3831211163  1.0000000000  
0.4242754378  1.0000000000  
0.4657216242  1.0000000000  
0.5071281197  1.0000000000  
0.5481888518  1.0000000000  
0.5886268070  1.0000000000  
0.6281962707  1.0000000000  
0.6666838935  1.0000000000  
0.7039087604  1.0000000000  
0.7397216393  1.0000000000  
0.7740035785  1.0000000000  
0.8066640117  1.0000000000  
0.8376385128  1.0000000000  
0.8668863279  1.0000000000  
0.8943877898  1.0000000000  
0.9201417067  1.0000000000  
0.9441627973  1.0000000000  
0.9664792286  1.0000000000  
0.9871302999  1.0000000000  
1.0061643023  1.0000000000  
1.0236365730  1.0000000000  
1.0396077548  1.0000000000  
1.0541422628  1.0000000000  
1.0673069544  1.0000000000  
1.0791699954  1.0000000000  
1.0897999089  1.0000000000  
1.0992647944  1.0000000000  
1.1076317001  1.0000000000  
1.1149661326  1.0000000000  
1.1213316870  1.0000000000  
1.1267893012  1.0000000000  
1.1313863866  1.0000000000  
1.1351256453  1.0000000000  
1.1379337060  1.0000000000  
1.1396457960  1.0000000000  
1.1400093172  1.0000000000  
1.1387026796  1.0000000000  
1.1353635409  1.0000000000  
1.1296206692  1.0000000000  
1.1211247471  1.0000000000  
1.1095748692  1.0000000000  
1.0947388611  1.0000000000  
1.0764666928  1.0000000000  
1.0546971178  1.0000000000  
1.0294582399  1.0000000000  
1.0008630453  1.0000000000  
0.9691010785  1.0000000000  
0.9344274405  1.0000000000  
0.8971502031  1.0000000000  
0.8576171807  1.0000000000  
0.8162028338  1.0000000000  
0.7732958975  1.0000000000  
0.7292881620  1.0000000000  
0.6845646780  1.0000000000  
0.6394955351  1.0000000000  
0.5944292543  1.0000000000  
0.5496877553  1.0000000000  
0.5055627997  1.0000000000  
0.4623137723  1.0000000000  
0.4201666354  1.0000000000  
0.3793138819  1.0000000000  
0.3399153118  1.0000000000  
0.3020994608  1.0000000000  
0.2659655236  1.0000000000  
0.2315856298  1.0000000000  
0.1990073449  1.0000000000  
0.1682562900  1.0000000000  
0.1393387896  1.0000000000  
0.1122444752  1.0000000000  
0.0869487865  1.0000000000  
0.0634153285  1.0000000000  
0.0415980533  1.0000000000  
0.0214432479  1.0000000000  
0.0028913174  1.0000000000  
-0.0141216392  1.0000000000  
-0.0296624572  1.0000000000  
-0.0437997301  1.0000000000  
-0.0566028176  1.0000000000  
-0.0681410252  1.0000000000  
-0.0784829372  1.0000000000  
-0.0876958889  1.0000000000  
-0.0958455613  1.0000000000  
-0.1029956804  1.0000000000  
-0.1092078077  1.0000000000  
-0.1145412055  1.0000000000  
-0.1190527641  1.0000000000  
-0.1227969791  1.0000000000  
-0.1258259672  1.0000000000  
-0.1281895109  1.0000000000  
-0.1299351244  1.0000000000  
-0.1311081331  1.0000000000  
-0.1317517617  1.0000000000  
-0.1319072248  1.0000000000  
-0.1316138183  1.0000000000  
-0.1309090065  1.0000000000  
-0.1298285057  1.0000000000  
-0.1284063598  1.0000000000  
-0.1266750099  1.0000000000  
-0.1246653559  1.0000000000  
-0.1224068110  1.0000000000  
-0.1199273497  1.0000000000  
-0.1172535486  1.0000000000  
-0.1144106225  1.0000000000  
-0.1114224554  1.0000000000  
-0.1083116279  1.0000000000  
-0.1050994422  1.0000000000  
-0.1018059440  1.0000000000  
-0.0984499449  1.0000000000  
-0.0950490427  1.0000000000  
-0.0916196434  1.0000000000  
-0.0881769835  1.0000000000  
-0.0847351535  1.0000000000  
-0.0813071232  1.0000000000  
-0.0779047690  1.0000000000  
-0.0745389038  1.0000000000  
-0.0712193077  1.0000000000  
-0.0679547628  1.0000000000  
-0.0647530884  1.0000000000  
-0.0616211796  1.0000000000  
-0.0585650464  1.0000000000  
-0.0555898560  1.0000000000  
-0.0526999747  1.0000000000  
-0.0498990121  1.0000000000  
-0.0471898660  1.0000000000  
-0.0445747672  1.0000000000  
-0.0420553248  1.0000000000  
-0.0396325718  1.0000000000  
-0.0373070098  1.0000000000  
-0.0350786531  1.0000000000  
-0.0329470724  1.0000000000  
-0.0309114370  1.0000000000  
-0.0289705560  1.0000000000  
-0.0271229174  1.0000000000  
-0.0253667266  1.0000000000  
-0.0236999422  1.0000000000  
-0.0221203106  1.0000000000  
-0.0206249184  1.0000000000  
-0.0191995307  1.0000000000  
-0.0177875412  1.0000000000  
-0.0162586774  1.0000000000  
-0.0143801075  1.0000000000  
-0.0118621135  1.0000000000  
-0.0083332743  1.0000000000  
-0.0033837218  1.0000000000  
0.0034030796  1.0000000000  
0.0124196203  1.0000000000  
0.0240079426  1.0000000000  
0.0384394155  1.0000000000  
0.0559014122  1.0000000000  
0.0764907567  1.0000000000  
0.1002132358  1.0000000000  
0.1269881386  1.0000000000  
0.1566566455  1.0000000000  
0.1889928854  1.0000000000  
0.2237165722  1.0000000000  
0.2605062752  1.0000000000  
0.2990125533  1.0000000000  
0.3388703591  1.0000000000  
0.3797102874  1.0000000000  
0.4211683950  1.0000000000  
0.4628944463  1.0000000000  
0.5045585429  1.0000000000  
0.5458561787  1.0000000000  
0.5865118181  1.0000000000  
0.6262811380  1.0000000000  
0.6649520978  1.0000000000  
0.7023450113  1.0000000000  
0.7383117981  1.0000000000  
0.7727345851  1.0000000000  
0.8055238137  1.0000000000  
0.8366159991  1.0000000000  
0.8659712645  1.0000000000  
0.8935707598  1.0000000000  
0.9194140526  1.0000000000  
0.9435165673  1.0000000000  
0.9659071254  1.0000000000  
0.9866256326  1.0000000000  
1.0057209413  1.0000000000  
1.0232489077  1.0000000000  
1.0392706539  1.0000000000  
1.0538510370  1.0000000000  
1.0670573220  1.0000000000  
1.0789580497  1.0000000000  
1.0896220884  1.0000000000  
1.0991178546  1.0000000000  
1.1075126874  1.0000000000  
1.1148723605  1.0000000000  
1.1212607134  1.0000000000  
1.1267389080  1.0000000000  
1.1313545604  1.0000000000  
1.1351105599  1.0000000000  
1.1379337060  1.0000000000  
1.1396457960  1.0000000000  
1.1400093172  1.0000000000  
1.1387026796  1.0000000000  
1.1353635409  1.0000000000  
1.1296206692  1.0000000000  
1.1211247471  1.0000000000  
1.1095748692  1.0000000000  
1.0947388611  1.0000000000  
1.0764666928  1.0000000000  
1.0546971178  1.0000000000  
1.0294582399  1.0000000000  
1.0008630453  1.0000000000  
0.9691010785  1.0000000000  
0.9344274405  1.0000000000  
0.8971502031  1.0000000000  
0.8576171807  1.0000000000  
0.8162028338  1.0000000000  
0.7732958975  1.0000000000  
0.7292881620  1.0000000000  
0.6845646780  1.0000000000  
0.6394955351  1.0000000000  
0.5944292543  1.0000000000  
0.5496877553  1.0000000000  
0.5055627997  1.0000000000  
0.4623137723  1.0000000000  
0.4201666354  1.0000000000  
0.3793138819  1.0000000000  
0.3399153118  1.0000000000  
0.3020994608  1.0000000000  
0.2659655236  1.0000000000  
0.2315856298  1.0000000000  
0.1990073449  1.0000000000  
0.1682562900  1.0000000000  
0.1393387896  1.0000000000  
0.1122444752  1.0000000000  
0.0869487865  1.0000000000  
0.0634153285  1.0000000000  
0.0415980533  1.0000000000  
0.0214432479  1.0000000000  
0.0028913174  1.0000000000  
-0.0141216392  1.0000000000  
-0.0296624572  1.0000000000  
-0.0437997301  1.0000000000  
-0.0566028176  1.0000000000  
-0.0681410252  1.0000000000  
-0.0784829372  1.0000000000  
-0.0876958889  1.0000000000  
-0.0958455613  1.0000000000  
-0.1029956804  1.0000000000  
-0.1092078077  1.0000000000  
-0.1145412055  1.0000000000  
-0.1190527641  1.0000000000  
-0.1227969791  1.0000000000  
-0.1258259672  1.0000000000  
-0.1281895109  1.0000000000  
-0.1299351244  1.0000000000  
-0.1311081331  1.0000000000  
-0.1317517617  1.0000000000  
-0.1319072248  1.0000000000  
-0.1316138183  1.0000000000  
-0.1309090065  1.0000000000  
-0.1298285057  1.0000000000  
-0.1284063598  1.0000000000  
-0.1266750099  1.0000000000  
-0.1246653559  1.0000000000  
-0.1224068110  1.0000000000  
-0.1199273497  1.0000000000  
-0.1172535486  1.0000000000  
-0.1144106225  1.0000000000  
-0.1114224554  1.0000000000  
-0.1083116279  1.0000000000  
-0.1050994422  1.0000000000  
-0.1018059440  1.0000000000  
-0.0984499449  1.0000000000  
-0.0950490427  1.0000000000  
-0.0916196434  1.0000000000  
-0.0881769835  1.0000000000  
-0.0847351535  1.0000000000  
-0.0813071232  1.0000000000  
-0.0779047690  1.0000000000  
-0.0745389038  1.0000000000  
-0.0712193077  1.0000000000  
-0.0679547628  1.0000000000  
-0.0647530884  1.0000000000  
-0.0616211796  1.0000000000  
-0.0585650464  1.0000000000  
-0.0555898560  1.0000000000  
-0.0526999747  1.0000000000  
-0.0498990121  1.0000000000  
-0.0471898660  1.0000000000  
-0.0445747672  1.0000000000  
-0.0420553248  1.0000000000  
-0.0396325718  1.0000000000  
-0.0373070098  1.0000000000  
-0.0350786531  1.0000000000  
-0.0329470724  1.0000000000  
-0.0309114370  1.0000000000  
-0.0289705560  1.0000000000  
-0.0271229174  1.0000000000  
-0.0253667266  1.0000000000  
-0.0236999422  1.0000000000  
-0.0221203106  1.0000000000  
-0.0206253983  1.0000000000  
-0.0192126225  1.0000000000  
-0.0178792794  1.0000000000  
-0.0166220907  1.0000000000  
-0.0154129502  1.0000000000  
-0.0142099824  1.0000000000  
-0.0128826407  1.0000000000  
-0.0112114779  1.0000000000  
-0.0088916977  1.0000000000  
-0.0055519334  1.0000000000  
-0.0007824137  1.0000000000  
0.0058332632  1.0000000000  
0.0146874212  1.0000000000  
0.0261219079  1.0000000000  
0.0404078738  1.0000000000  
0.0577324531  1.0000000000  
0.0781922143  1.0000000000  
0.1017926758  1.0000000000  
0.1284528479  1.0000000000  
0.1580136247  1.0000000000  
0.1902488443  1.0000000000  
0.2248779271  1.0000000000  
0.2615791483  1.0000000000  
0.3000027745  1.0000000000  
0.3397834684  1.0000000000  
0.3805515395  1.0000000000  
0.4219427647  1.0000000000  
0.4636066353  1.0000000000  
0.5052129870  1.0000000000  
0.5464570561  1.0000000000  
0.5870630579  1.0000000000  
0.6267864296  1.0000000000  
0.6654149000  1.0000000000  
0.7027685624  1.0000000000  
0.7386991255  1.0000000000  
0.7730885151  1.0000000000  
0.8058469816  1.0000000000  
0.8369108588  1.0000000000  
0.8662400980  1.0000000000  
0.8938156866  1.0000000000  
0.9196370394  1.0000000000  
0.9437194363  1.0000000000  
0.9660915633  1.0000000000  
0.9867931990  1.0000000000  
1.0058730765  1.0000000000  
1.0233869406  1.0000000000  
1.0393958091  1.0000000000  
1.0539644423  1.0000000000  
1.0671600146  1.0000000000  
1.0790509827  1.0000000000  
1.0897061368  1.0000000000  
1.0991938208  1.0000000000  
1.1075813068  1.0000000000  
1.1149343063  1.0000000000  
1.1213166015  1.0000000000  
1.1267893012  1.0000000000  
1.1313863866  1.0000000000  
1.1351256453  1.0000000000  
1.1379337060  1.0000000000  
1.1396457960  1.0000000000  
1.1400093172  1.0000000000  
1.1387026796  1.0000000000  
1.1353635409  1.0000000000  
1.1296206692  1.0000000000  
1.1211247471  1.0000000000  
1.1095748692  1.0000000000  
1.0947388611  1.0000000000  
1.0764666928  1.0000000000  
1.0546971178  1.0000000000  
1.0294582399  1.0000000000  
1.0008630453  1.0000000000  
0.9691010785  1.0000000000  
0.9344274405  1.0000000000  
0.8971502031  1.0000000000  
0.8576171807  1.0000000000  
0.8162028338  1.0000000000  
0.7732958975  1.0000000000  
0.7292881620  1.0000000000  
0.6845646780  1.0000000000  
0.6394955351  1.0000000000  
0.5944292543  1.0000000000  
0.5496877553  1.0000000000  
0.5055627997  1.0000000000  
0.4623137723  1.0000000000  
0.4201666354  1.0000000000  
0.3793138819  1.0000000000  
0.3399153118  1.0000000000  
0.3020994608  1.0000000000  
0.2659655236  1.0000000000  
0.2315856298  1.0000000000  
0.1990073449  1.0000000000  
0.1682562900  1.0000000000  
0.1393387896  1.0000000000  
0.1122444752  1.0000000000  
0.0869487865  1.0000000000  
0.0634153285  1.0000000000  
0.0415980533  1.0000000000  
0.0214432479  1.0000000000  
0.0028913174  1.0000000000  
-0.0141216392  1.0000000000  
-0.0296624572  1.0000000000  
-0.0437997301  1.0000000000  
-0.0566028176  1.0000000000  
-0.0681410252  1.0000000000  
-0.0784829372  1.0000000000  
-0.0876958889  1.0000000000  
-0.0958455613  1.0000000000  
-0.1029956804  1.0000000000  
-0.1092078077  1.0000000000  
-0.1145412055  1.0000000000  
-0.1190527641  1.0000000000  
-0.1227969791  1.0000000000  
-0.1258259672  1.0000000000  
-0.1281895109  1.0000000000  
-0.1299351244  1.0000000000  
-0.1311081331  1.0000000000  
-0.1317517617  1.0000000000  
-0.1319072248  1.0000000000  
-0.1316138183  1.0000000000  
-0.1309090065  1.0000000000  
-0.1298285057  1.0000000000  
-0.1284063598  1.0000000000  
-0.1266750099  1.0000000000  
-0.1246653559  1.0000000000  
-0.1224068110  1.0000000000  
-0.1199273497  1.0000000000  
-0.1172535486  1.0000000000  
-0.1144106225  1.0000000000  
-0.1114224554  1.0000000000  
-0.1083116279  1.0000000000  
-0.1050994422  1.0000000000  
-0.1018059440  1.0000000000  
-0.0984499449  1.0000000000  
-0.0950490427  1.0000000000  
-0.0916196434  1.0000000000  
-0.0881769835  1.0000000000  
-0.0847351535  1.0000000000  
-0.0813071232  1.0000000000  
-0.0779047690  1.0000000000  
