GLM RESULTS

Model fit per channel for Oxy(beta, t, p values)
S1-D1:     19.008     0.948  0.3437453      -7.023    -0.365  0.7152421    
S1-D2:     24.135     1.020  0.3082825      -8.551    -0.337  0.7365398    
S1-D3:     23.596     1.068  0.2861611      -8.710    -0.459  0.6466844    
S2-D2:     16.900     1.522  0.1285659      -5.185    -0.200  0.8415599    
S2-D4:      2.593     0.288  0.7732144      -0.691     0.196  0.8445212    
S2-D9:     14.424     1.004  0.3160232      -4.675     0.035  0.9722307    
S3-D1:     27.562     1.246  0.2132662      -8.774    -0.224  0.8225923    
S3-D3:     19.343     1.047  0.2955190      -6.638    -0.155  0.8767369    
S3-D5:     25.006     1.330  0.1839561      -8.022    -0.440  0.6601016    
S4-D2:     14.934     1.208  0.2275921      -4.868     0.137  0.8909204    
S4-D3:     15.853     0.807  0.4199090      -5.348    -0.020  0.9840911    
S4-D4:      9.909     0.886  0.3757906      -3.049     0.066  0.9471257    
S4-D6:     19.552     1.383  0.1672432      -5.282    -0.132  0.8949222    
S5-D3:     23.364     1.524  0.1281736      -6.887    -0.172  0.8636458    
S5-D5:     30.760     1.951  0.0515782      -8.958    -0.309  0.7577213    
S5-D6:     24.978     1.541  0.1239121      -6.629    -0.193  0.8473092    
S5-D7:     30.819     1.800  0.0723508      -8.505    -0.332  0.7401743    
S6-D5:     34.953     1.650  0.0994695     -10.012    -0.629  0.5295630    
S6-D7:     36.063     1.943  0.0525345      -9.805    -0.854  0.3937408    
S7-D6:     19.631     1.141  0.2545127      -4.767    -0.169  0.8658071    
S7-D7:     17.372     1.140  0.2547647      -4.530    -0.118  0.9060129    
S7-D8:      8.284     0.666  0.5057432      -3.055     0.291  0.7714830    
S7-D14:     10.245     0.541  0.5885012      -2.693    -0.121  0.9034695    
S8-D7:     30.907     1.719  0.0861385      -7.531    -0.272  0.7859734    
S8-D8:     24.127     1.123  0.2618145      -7.854     0.100  0.9203652    
S9-D4:     10.806     0.773  0.4397413      -3.536     0.159  0.8737119    
S9-D6:     27.325     1.512  0.1311180      -7.618    -0.268  0.7888799    
S9-D12:     22.033     1.261  0.2078086      -5.550    -0.643  0.5203624    
S9-D14:     30.683     1.887  0.0596627      -7.634    -1.141  0.2545449    
S10-D9:     20.588     1.043  0.2972328      -7.482     0.046  0.9635995    
S10-D10:     35.495     1.208  0.2277196     -13.355    -0.459  0.6460600    
S10-D11:     18.217     0.786  0.4321530      -7.215    -0.486  0.6272296    
S11-D4:      3.693     0.303  0.7621146      -1.103     0.078  0.9380674    
S11-D9:     10.904     0.814  0.4160561      -3.520     0.076  0.9396865    
S11-D11:      8.803     0.411  0.6813575      -3.716     0.029  0.9771042    
S11-D12:     11.077     0.746  0.4557236      -3.068     0.007  0.9943832    
S12-D10:     34.381     1.056  0.2916499     -13.499    -0.498  0.6184405    
S12-D11:     22.851     1.206  0.2282117      -8.530    -0.542  0.5879964    
S12-D13:     17.973     0.874  0.3823213      -7.390    -0.426  0.6701900    
S13-D11:     20.338     1.350  0.1777176      -6.201    -0.286  0.7752021    
S13-D12:     24.439     1.643  0.1008443      -6.428    -0.658  0.5110664    
S13-D13:     20.806     1.711  0.0876097      -6.223    -0.571  0.5681476    
S13-D15:     28.036     1.632  0.1031715      -7.724    -0.621  0.5348180    
S14-D12:     17.426     0.904  0.3662268      -4.683    -0.348  0.7280332    
S14-D14:     17.212     1.253  0.2108151      -4.245    -0.582  0.5607945    
S14-D15:     18.213     1.135  0.2567506      -4.853    -0.538  0.5906687    
S14-D16:     14.911     0.854  0.3937430      -3.659    -0.313  0.7547214    
S15-D13:     26.604     1.621  0.1056524      -7.405    -0.782  0.4346625    
S15-D15:     23.653     1.581  0.1144365      -6.587    -0.675  0.5000745    
S16-D15:     21.502     1.110  0.2674175      -4.835    -0.251  0.8019498    
S16-D16:     12.950     0.784  0.4333957      -2.994    -0.281  0.7784924    

Model fit per channel for DeOxy(beta, t, p values)
S1-D1:     -6.650    -1.475  0.1408983       2.232     0.744  0.4570154    
S1-D2:     -4.296    -1.065  0.2875031       1.659     0.183  0.8551511    
S1-D3:     -4.917    -1.317  0.1883815       1.774     0.626  0.5315032    
S2-D2:     -3.715    -1.118  0.2639689       1.106     0.397  0.6918704    
S2-D4:     -0.449    -0.234  0.8154172       0.270    -0.042  0.9667734    
S2-D9:     -3.958    -1.094  0.2744698       1.462     0.162  0.8714001    
S3-D1:      0.154     0.028  0.9773718       1.899    -0.263  0.7926598    
S3-D3:     -0.918    -0.214  0.8307109       0.896    -0.184  0.8540133    
S3-D5:     -2.062    -0.600  0.5489544       0.934     0.138  0.8898966    
S4-D2:     -3.071    -1.416  0.1572260       0.942     0.539  0.5898344    
S4-D3:      0.275     0.087  0.9307011       0.411    -0.508  0.6115518    
S4-D4:      0.446     0.232  0.8167281      -0.134    -0.083  0.9336672    
S4-D6:     -0.809    -0.242  0.8091236       0.459    -0.215  0.8295121    
S5-D3:     -0.003    -0.001  0.9991742       0.581    -0.234  0.8153578    
S5-D5:     -0.705    -0.377  0.7060742       0.786    -0.352  0.7250862    
S5-D6:      1.393     0.448  0.6540050      -0.029    -0.398  0.6906097    
S5-D7:      1.561     0.465  0.6421033      -0.396    -0.331  0.7405174    
S6-D5:      1.640     0.484  0.6288914      -0.062    -0.092  0.9264981    
S6-D7:     -0.267    -0.104  0.9173668       0.862     0.042  0.9669039    
S7-D6:     -0.192    -0.045  0.9640106      -0.124    -0.049  0.9608579    
S7-D7:     -1.682    -0.414  0.6788665       0.226     0.197  0.8435407    
S7-D8:     -0.899    -0.424  0.6714448       0.301     0.218  0.8271602    
S7-D14:     -0.399    -0.169  0.8658055       0.372    -0.317  0.7510374    
S8-D7:      1.899     0.544  0.5868052      -0.054    -0.427  0.6694993    
S8-D8:      1.312     0.344  0.7309707      -0.083    -0.232  0.8162637    
S9-D4:     -0.998    -0.391  0.6957096       0.385    -0.007  0.9941358    
S9-D6:     -1.118    -0.311  0.7562126       0.696    -0.135  0.8930469    
S9-D12:     -3.256    -0.815  0.4153757       1.338    -0.067  0.9464298    
S9-D14:     -3.853    -1.244  0.2140520       1.501     0.238  0.8119478    
S10-D9:     -1.776    -0.491  0.6233908       0.922    -0.391  0.6960444    
S10-D10:     -5.416    -1.107  0.2686244       2.313     0.229  0.8190406    
S10-D11:     -1.442    -0.312  0.7549784       1.884     0.059  0.9528893    
S11-D4:     -0.845    -0.500  0.6169649       0.353     0.052  0.9585533    
S11-D9:     -1.003    -0.467  0.6403426       0.407     0.084  0.9331504    
S11-D11:      0.978     0.224  0.8229088      -0.526    -0.436  0.6627038    
S11-D12:      0.905     0.469  0.6395811      -0.143    -0.610  0.5419735    
S12-D10:     -0.299    -0.052  0.9586382       1.391    -0.062  0.9506738    
S12-D11:      0.689     0.180  0.8575711       1.686    -0.342  0.7324410    
S12-D13:      2.023     0.463  0.6436138       1.187    -0.273  0.7850584    
S13-D11:     -0.428    -0.147  0.8830681       0.549    -0.399  0.6898947    
S13-D12:     -1.618    -0.451  0.6523689       0.738     0.107  0.9148598    
S13-D13:      0.137     0.037  0.9706501       0.483    -0.171  0.8645059    
S13-D15:     -1.425    -0.354  0.7234286       0.242     0.288  0.7732149    
S14-D12:      2.233     0.619  0.5362882      -0.551    -0.345  0.7301467    
S14-D14:     -1.623    -0.883  0.3778335       0.302     0.651  0.5155368    
S14-D15:     -0.274    -0.094  0.9249965       0.078    -0.042  0.9663142    
S14-D16:     -0.246    -0.087  0.9308162       0.290    -0.064  0.9489672    
S15-D13:     -0.495    -0.333  0.7392390       0.751    -0.408  0.6837132    
S15-D15:      0.350     0.145  0.8845171       0.257    -0.271  0.7864547    
S16-D15:      0.488     0.127  0.8991805       0.290    -0.311  0.7555615    
S16-D16:     -0.867    -0.341  0.7332041       0.641    -0.202  0.8401509    

Model fit per channel for Total(beta, t, p values)
S1-D1:     12.302     0.555  0.5794246      -4.791    -0.245  0.8068058    
S1-D2:     20.609     0.908  0.3642574      -6.892    -0.347  0.7287060    
S1-D3:     20.730     0.940  0.3478340      -6.936    -0.447  0.6550264    
S2-D2:     14.297     1.377  0.1690943      -4.079    -0.258  0.7966972    
S2-D4:      2.189     0.227  0.8206162      -0.421     0.149  0.8818651    
S2-D9:     11.477     0.853  0.3938915      -3.213    -0.012  0.9904699    
S3-D1:     25.300     1.125  0.2610463      -6.874    -0.332  0.7396996    
S3-D3:     18.435     0.754  0.4509953      -5.742    -0.166  0.8678723    
S3-D5:     23.275     1.532  0.1259719      -7.088    -0.542  0.5877233    
S4-D2:     11.749     0.932  0.3519917      -3.925     0.102  0.9185757    
S4-D3:     15.668     0.789  0.4305480      -4.937    -0.091  0.9275495    
S4-D4:     10.029     0.743  0.4579578      -3.183    -0.267  0.7895200    
S4-D6:     18.823     1.341  0.1805534      -4.824    -0.125  0.9002310    
S5-D3:     22.153     1.513  0.1309360      -6.307    -0.218  0.8278778    
S5-D5:     29.450     1.753  0.0800963      -8.172    -0.369  0.7123721    
S5-D6:     26.275     1.609  0.1082417      -6.657    -0.274  0.7841895    
S5-D7:     32.693     1.639  0.1018791      -8.901    -0.378  0.7056030    
S6-D5:     37.357     2.203  0.0279725     -10.073    -0.959  0.3377694    
S6-D7:     34.269     1.995  0.0465154      -8.943    -0.937  0.3490040    
S7-D6:     21.544     1.232  0.2183968      -4.891    -0.222  0.8241904    
S7-D7:     17.952     1.100  0.2719905      -4.304     0.003  0.9972696    
S7-D8:      7.958     0.602  0.5472156      -2.754     0.296  0.7673429    
S7-D14:      7.280     0.335  0.7376926      -2.321    -0.094  0.9249145    
S8-D7:     33.416     1.755  0.0798426      -7.585    -0.377  0.7065044    
S8-D8:     26.022     1.094  0.2743600      -7.937     0.023  0.9813745    
S9-D4:     10.074     0.772  0.4405847      -3.151     0.157  0.8754342    
S9-D6:     25.972     1.404  0.1608117      -6.922    -0.201  0.8406604    
S9-D12:     16.973     1.043  0.2974152      -4.213    -0.488  0.6257782    
S9-D14:     24.000     1.468  0.1425525      -6.132    -0.827  0.4087434    
S10-D9:     18.870     0.864  0.3878592      -6.561    -0.040  0.9681043    
S10-D10:     28.948     1.019  0.3085057     -11.042    -0.562  0.5744999    
S10-D11:     14.275     0.733  0.4641123      -5.331    -0.581  0.5614832    
S11-D4:     -0.952    -0.072  0.9428612      -0.750     0.060  0.9519613    
S11-D9:      9.326     0.639  0.5233634      -3.113     0.067  0.9468788    
S11-D11:     12.874     0.599  0.5492182      -4.242    -0.133  0.8943783    
S11-D12:     12.033     0.779  0.4365353      -3.210    -0.063  0.9499051    
S12-D10:     33.975     1.025  0.3059661     -12.108    -0.537  0.5914503    
S12-D11:     20.502     1.056  0.2916506      -6.844    -0.594  0.5524484    
S12-D13:     18.542     1.001  0.3172165      -6.203    -0.544  0.5865940    
S13-D11:     19.153     0.984  0.3253656      -5.652    -0.355  0.7225599    
S13-D12:     21.838     1.299  0.1946485      -5.690    -0.523  0.6014122    
S13-D13:     21.386     1.731  0.0839890      -5.740    -0.725  0.4687474    
S13-D15:     28.383     1.672  0.0951582      -7.482    -0.721  0.4713290    
S14-D12:     19.473     0.924  0.3558825      -5.234    -0.344  0.7309797    
S14-D14:     15.979     1.144  0.2532831      -3.943    -0.527  0.5981962    
S14-D15:     18.369     1.134  0.2573802      -4.774    -0.545  0.5857306    
S14-D16:     14.636     0.846  0.3977892      -3.370    -0.303  0.7622903    
S15-D13:     25.516     1.703  0.0890397      -6.655    -0.887  0.3756132    
S15-D15:     23.637     1.595  0.1112400      -6.329    -0.734  0.4633657    
S16-D15:     21.367     0.987  0.3242607      -4.545    -0.246  0.8060732    
S16-D16:     12.426     0.756  0.4499906      -2.353    -0.193  0.8470490    


GLM CONTRAST RESULTS
Contrast 1: 4 > Baseline
Contrast 2: Baseline > 4 

Contrast results per channel for Oxy(t, p values)
S1-D1:      0.948  0.3437453      -0.948  0.3437453    
S1-D2:      1.020  0.3082825      -1.020  0.3082825    
S1-D3:      1.068  0.2861611      -1.068  0.2861611    
S2-D2:      1.522  0.1285659      -1.522  0.1285659    
S2-D4:      0.288  0.7732144      -0.288  0.7732144    
S2-D9:      1.004  0.3160232      -1.004  0.3160232    
S3-D1:      1.246  0.2132662      -1.246  0.2132662    
S3-D3:      1.047  0.2955190      -1.047  0.2955190    
S3-D5:      1.330  0.1839561      -1.330  0.1839561    
S4-D2:      1.208  0.2275921      -1.208  0.2275921    
S4-D3:      0.807  0.4199090      -0.807  0.4199090    
S4-D4:      0.886  0.3757906      -0.886  0.3757906    
S4-D6:      1.383  0.1672432      -1.383  0.1672432    
S5-D3:      1.524  0.1281736      -1.524  0.1281736    
S5-D5:      1.951  0.0515782      -1.951  0.0515782    
S5-D6:      1.541  0.1239121      -1.541  0.1239121    
S5-D7:      1.800  0.0723508      -1.800  0.0723508    
S6-D5:      1.650  0.0994695      -1.650  0.0994695    
S6-D7:      1.943  0.0525345      -1.943  0.0525345    
S7-D6:      1.141  0.2545127      -1.141  0.2545127    
S7-D7:      1.140  0.2547647      -1.140  0.2547647    
S7-D8:      0.666  0.5057432      -0.666  0.5057432    
S7-D14:      0.541  0.5885012      -0.541  0.5885012    
S8-D7:      1.719  0.0861385      -1.719  0.0861385    
S8-D8:      1.123  0.2618145      -1.123  0.2618145    
S9-D4:      0.773  0.4397413      -0.773  0.4397413    
S9-D6:      1.512  0.1311180      -1.512  0.1311180    
S9-D12:      1.261  0.2078086      -1.261  0.2078086    
S9-D14:      1.887  0.0596627      -1.887  0.0596627    
S10-D9:      1.043  0.2972328      -1.043  0.2972328    
S10-D10:      1.208  0.2277196      -1.208  0.2277196    
S10-D11:      0.786  0.4321530      -0.786  0.4321530    
S11-D4:      0.303  0.7621146      -0.303  0.7621146    
S11-D9:      0.814  0.4160561      -0.814  0.4160561    
S11-D11:      0.411  0.6813575      -0.411  0.6813575    
S11-D12:      0.746  0.4557236      -0.746  0.4557236    
S12-D10:      1.056  0.2916499      -1.056  0.2916499    
S12-D11:      1.206  0.2282117      -1.206  0.2282117    
S12-D13:      0.874  0.3823213      -0.874  0.3823213    
S13-D11:      1.350  0.1777176      -1.350  0.1777176    
S13-D12:      1.643  0.1008443      -1.643  0.1008443    
S13-D13:      1.711  0.0876097      -1.711  0.0876097    
S13-D15:      1.632  0.1031715      -1.632  0.1031715    
S14-D12:      0.904  0.3662268      -0.904  0.3662268    
S14-D14:      1.253  0.2108151      -1.253  0.2108151    
S14-D15:      1.135  0.2567506      -1.135  0.2567506    
S14-D16:      0.854  0.3937430      -0.854  0.3937430    
S15-D13:      1.621  0.1056524      -1.621  0.1056524    
S15-D15:      1.581  0.1144365      -1.581  0.1144365    
S16-D15:      1.110  0.2674175      -1.110  0.2674175    
S16-D16:      0.784  0.4333957      -0.784  0.4333957    
Contrast results per channel for DeOxy(t, p values)
S1-D1:     -1.475  0.1408983       1.475  0.1408983    
S1-D2:     -1.065  0.2875031       1.065  0.2875031    
S1-D3:     -1.317  0.1883815       1.317  0.1883815    
S2-D2:     -1.118  0.2639689       1.118  0.2639689    
S2-D4:     -0.234  0.8154172       0.234  0.8154172    
S2-D9:     -1.094  0.2744698       1.094  0.2744698    
S3-D1:      0.028  0.9773718      -0.028  0.9773718    
S3-D3:     -0.214  0.8307109       0.214  0.8307109    
S3-D5:     -0.600  0.5489544       0.600  0.5489544    
S4-D2:     -1.416  0.1572260       1.416  0.1572260    
S4-D3:      0.087  0.9307011      -0.087  0.9307011    
S4-D4:      0.232  0.8167281      -0.232  0.8167281    
S4-D6:     -0.242  0.8091236       0.242  0.8091236    
S5-D3:     -0.001  0.9991742       0.001  0.9991742    
S5-D5:     -0.377  0.7060742       0.377  0.7060742    
S5-D6:      0.448  0.6540050      -0.448  0.6540050    
S5-D7:      0.465  0.6421033      -0.465  0.6421033    
S6-D5:      0.484  0.6288914      -0.484  0.6288914    
S6-D7:     -0.104  0.9173668       0.104  0.9173668    
S7-D6:     -0.045  0.9640106       0.045  0.9640106    
S7-D7:     -0.414  0.6788665       0.414  0.6788665    
S7-D8:     -0.424  0.6714448       0.424  0.6714448    
S7-D14:     -0.169  0.8658055       0.169  0.8658055    
S8-D7:      0.544  0.5868052      -0.544  0.5868052    
S8-D8:      0.344  0.7309707      -0.344  0.7309707    
S9-D4:     -0.391  0.6957096       0.391  0.6957096    
S9-D6:     -0.311  0.7562126       0.311  0.7562126    
S9-D12:     -0.815  0.4153757       0.815  0.4153757    
S9-D14:     -1.244  0.2140520       1.244  0.2140520    
S10-D9:     -0.491  0.6233908       0.491  0.6233908    
S10-D10:     -1.107  0.2686244       1.107  0.2686244    
S10-D11:     -0.312  0.7549784       0.312  0.7549784    
S11-D4:     -0.500  0.6169649       0.500  0.6169649    
S11-D9:     -0.467  0.6403426       0.467  0.6403426    
S11-D11:      0.224  0.8229088      -0.224  0.8229088    
S11-D12:      0.469  0.6395811      -0.469  0.6395811    
S12-D10:     -0.052  0.9586382       0.052  0.9586382    
S12-D11:      0.180  0.8575711      -0.180  0.8575711    
S12-D13:      0.463  0.6436138      -0.463  0.6436138    
S13-D11:     -0.147  0.8830681       0.147  0.8830681    
S13-D12:     -0.451  0.6523689       0.451  0.6523689    
S13-D13:      0.037  0.9706501      -0.037  0.9706501    
S13-D15:     -0.354  0.7234286       0.354  0.7234286    
S14-D12:      0.619  0.5362882      -0.619  0.5362882    
S14-D14:     -0.883  0.3778335       0.883  0.3778335    
S14-D15:     -0.094  0.9249965       0.094  0.9249965    
S14-D16:     -0.087  0.9308162       0.087  0.9308162    
S15-D13:     -0.333  0.7392390       0.333  0.7392390    
S15-D15:      0.145  0.8845171      -0.145  0.8845171    
S16-D15:      0.127  0.8991805      -0.127  0.8991805    
S16-D16:     -0.341  0.7332041       0.341  0.7332041    
Contrast results per channel for Total(t, p values)
S1-D1:      0.555  0.5794246      -0.555  0.5794246    
S1-D2:      0.908  0.3642574      -0.908  0.3642574    
S1-D3:      0.940  0.3478340      -0.940  0.3478340    
S2-D2:      1.377  0.1690943      -1.377  0.1690943    
S2-D4:      0.227  0.8206162      -0.227  0.8206162    
S2-D9:      0.853  0.3938915      -0.853  0.3938915    
S3-D1:      1.125  0.2610463      -1.125  0.2610463    
S3-D3:      0.754  0.4509953      -0.754  0.4509953    
S3-D5:      1.532  0.1259719      -1.532  0.1259719    
S4-D2:      0.932  0.3519917      -0.932  0.3519917    
S4-D3:      0.789  0.4305480      -0.789  0.4305480    
S4-D4:      0.743  0.4579578      -0.743  0.4579578    
S4-D6:      1.341  0.1805534      -1.341  0.1805534    
S5-D3:      1.513  0.1309360      -1.513  0.1309360    
S5-D5:      1.753  0.0800963      -1.753  0.0800963    
S5-D6:      1.609  0.1082417      -1.609  0.1082417    
S5-D7:      1.639  0.1018791      -1.639  0.1018791    
S6-D5:      2.203  0.0279725      -2.203  0.0279725    
S6-D7:      1.995  0.0465154      -1.995  0.0465154    
S7-D6:      1.232  0.2183968      -1.232  0.2183968    
S7-D7:      1.100  0.2719905      -1.100  0.2719905    
S7-D8:      0.602  0.5472156      -0.602  0.5472156    
S7-D14:      0.335  0.7376926      -0.335  0.7376926    
S8-D7:      1.755  0.0798426      -1.755  0.0798426    
S8-D8:      1.094  0.2743600      -1.094  0.2743600    
S9-D4:      0.772  0.4405847      -0.772  0.4405847    
S9-D6:      1.404  0.1608117      -1.404  0.1608117    
S9-D12:      1.043  0.2974152      -1.043  0.2974152    
S9-D14:      1.468  0.1425525      -1.468  0.1425525    
S10-D9:      0.864  0.3878592      -0.864  0.3878592    
S10-D10:      1.019  0.3085057      -1.019  0.3085057    
S10-D11:      0.733  0.4641123      -0.733  0.4641123    
S11-D4:     -0.072  0.9428612       0.072  0.9428612    
S11-D9:      0.639  0.5233634      -0.639  0.5233634    
S11-D11:      0.599  0.5492182      -0.599  0.5492182    
S11-D12:      0.779  0.4365353      -0.779  0.4365353    
S12-D10:      1.025  0.3059661      -1.025  0.3059661    
S12-D11:      1.056  0.2916506      -1.056  0.2916506    
S12-D13:      1.001  0.3172165      -1.001  0.3172165    
S13-D11:      0.984  0.3253656      -0.984  0.3253656    
S13-D12:      1.299  0.1946485      -1.299  0.1946485    
S13-D13:      1.731  0.0839890      -1.731  0.0839890    
S13-D15:      1.672  0.0951582      -1.672  0.0951582    
S14-D12:      0.924  0.3558825      -0.924  0.3558825    
S14-D14:      1.144  0.2532831      -1.144  0.2532831    
S14-D15:      1.134  0.2573802      -1.134  0.2573802    
S14-D16:      0.846  0.3977892      -0.846  0.3977892    
S15-D13:      1.703  0.0890397      -1.703  0.0890397    
S15-D15:      1.595  0.1112400      -1.595  0.1112400    
S16-D15:      0.987  0.3242607      -0.987  0.3242607    
S16-D16:      0.756  0.4499906      -0.756  0.4499906    
Explained VarianceOxy(R squared)
S1-D1:      0.000  0.0400468    0.0000000    
S1-D2:      0.000  0.0430913    0.0000000    
S1-D3:      0.000  0.0451088    0.0000000    
S2-D2:      0.000  0.0642422    0.0000000    
S2-D4:      0.000  0.0121934    0.0000000    
S2-D9:      0.000  0.0424080    0.0000000    
S3-D1:      0.000  0.0526295    0.0000000    
S3-D3:      0.000  0.0442430    0.0000000    
S3-D5:      0.000  0.0561776    0.0000000    
S4-D2:      0.000  0.0510227    0.0000000    
S4-D3:      0.000  0.0341200    0.0000000    
S4-D4:      0.000  0.0374638    0.0000000    
S4-D6:      0.000  0.0583913    0.0000000    
S5-D3:      0.000  0.0643081    0.0000000    
S5-D5:      0.000  0.0822313    0.0000000    
S5-D6:      0.000  0.0650343    0.0000000    
S5-D7:      0.000  0.0759252    0.0000000    
S6-D5:      0.000  0.0696255    0.0000000    
S6-D7:      0.000  0.0818983    0.0000000    
S7-D6:      0.000  0.0481874    0.0000000    
S7-D7:      0.000  0.0481619    0.0000000    
S7-D8:      0.000  0.0281538    0.0000000    
S7-D14:      0.000  0.0228895    0.0000000    
S8-D7:      0.000  0.0725213    0.0000000    
S8-D8:      0.000  0.0474548    0.0000000    
S9-D4:      0.000  0.0326847    0.0000000    
S9-D6:      0.000  0.0638173    0.0000000    
S9-D12:      0.000  0.0532620    0.0000000    
S9-D14:      0.000  0.0795634    0.0000000    
S10-D9:      0.000  0.0440865    0.0000000    
S10-D10:      0.000  0.0510087    0.0000000    
S10-D11:      0.000  0.0332293    0.0000000    
S11-D4:      0.000  0.0128083    0.0000000    
S11-D9:      0.000  0.0344034    0.0000000    
S11-D11:      0.000  0.0173735    0.0000000    
S11-D12:      0.000  0.0315548    0.0000000    
S12-D10:      0.000  0.0445987    0.0000000    
S12-D11:      0.000  0.0509548    0.0000000    
S12-D13:      0.000  0.0369544    0.0000000    
S13-D11:      0.000  0.0569857    0.0000000    
S13-D12:      0.000  0.0693448    0.0000000    
S13-D13:      0.000  0.0721848    0.0000000    
S13-D15:      0.000  0.0688766    0.0000000    
S14-D12:      0.000  0.0382198    0.0000000    
S14-D14:      0.000  0.0529121    0.0000000    
S14-D15:      0.000  0.0479614    0.0000000    
S14-D16:      0.000  0.0360761    0.0000000    
S15-D13:      0.000  0.0683865    0.0000000    
S15-D15:      0.000  0.0667215    0.0000000    
S16-D15:      0.000  0.0469021    0.0000000    
S16-D16:      0.000  0.0331398    0.0000000    
Explained VarianceDeOxy(R squared)
S1-D1:      0.000  0.0622456    0.0000000    
S1-D2:      0.000  0.0449835    0.0000000    
S1-D3:      0.000  0.0556165    0.0000000    
S2-D2:      0.000  0.0472413    0.0000000    
S2-D4:      0.000  0.0098778    0.0000000    
S2-D9:      0.000  0.0462176    0.0000000    
S3-D1:      0.000  0.0012002    0.0000000    
S3-D3:      0.000  0.0090462    0.0000000    
S3-D5:      0.000  0.0253561    0.0000000    
S4-D2:      0.000  0.0597986    0.0000000    
S4-D3:      0.000  0.0036798    0.0000000    
S4-D4:      0.000  0.0098064    0.0000000    
S4-D6:      0.000  0.0102211    0.0000000    
S5-D3:      0.000  0.0000438    0.0000000    
S5-D5:      0.000  0.0159572    0.0000000    
S5-D6:      0.000  0.0189638    0.0000000    
S5-D7:      0.000  0.0196641    0.0000000    
S6-D5:      0.000  0.0204479    0.0000000    
S6-D7:      0.000  0.0043901    0.0000000    
S7-D6:      0.000  0.0019093    0.0000000    
S7-D7:      0.000  0.0175173    0.0000000    
S7-D8:      0.000  0.0179469    0.0000000    
S7-D14:      0.000  0.0071506    0.0000000    
S8-D7:      0.000  0.0229936    0.0000000    
S8-D8:      0.000  0.0145484    0.0000000    
S9-D4:      0.000  0.0165488    0.0000000    
S9-D6:      0.000  0.0131363    0.0000000    
S9-D12:      0.000  0.0344536    0.0000000    
S9-D14:      0.000  0.0525394    0.0000000    
S10-D9:      0.000  0.0207763    0.0000000    
S10-D10:      0.000  0.0467841    0.0000000    
S10-D11:      0.000  0.0132050    0.0000000    
S11-D4:      0.000  0.0211615    0.0000000    
S11-D9:      0.000  0.0197682    0.0000000    
S11-D11:      0.000  0.0094700    0.0000000    
S11-D12:      0.000  0.0198132    0.0000000    
S12-D10:      0.000  0.0021945    0.0000000    
S12-D11:      0.000  0.0075939    0.0000000    
S12-D13:      0.000  0.0195750    0.0000000    
S13-D11:      0.000  0.0062236    0.0000000    
S13-D12:      0.000  0.0190598    0.0000000    
S13-D13:      0.000  0.0015569    0.0000000    
S13-D15:      0.000  0.0149734    0.0000000    
S14-D12:      0.000  0.0261643    0.0000000    
S14-D14:      0.000  0.0373039    0.0000000    
S14-D15:      0.000  0.0039835    0.0000000    
S14-D16:      0.000  0.0036736    0.0000000    
S15-D13:      0.000  0.0140841    0.0000000    
S15-D15:      0.000  0.0061459    0.0000000    
S16-D15:      0.000  0.0053611    0.0000000    
S16-D16:      0.000  0.0144228    0.0000000    
Explained VarianceTotal(R squared)
S1-D1:      0.000  0.0234485    0.0000000    
S1-D2:      0.000  0.0383770    0.0000000    
S1-D3:      0.000  0.0397091    0.0000000    
S2-D2:      0.000  0.0581382    0.0000000    
S2-D4:      0.000  0.0095947    0.0000000    
S2-D9:      0.000  0.0360647    0.0000000    
S3-D1:      0.000  0.0475312    0.0000000    
S3-D3:      0.000  0.0318867    0.0000000    
S3-D5:      0.000  0.0646809    0.0000000    
S4-D2:      0.000  0.0393682    0.0000000    
S4-D3:      0.000  0.0333452    0.0000000    
S4-D4:      0.000  0.0313986    0.0000000    
S4-D6:      0.000  0.0566158    0.0000000    
S5-D3:      0.000  0.0638474    0.0000000    
S5-D5:      0.000  0.0739542    0.0000000    
S5-D6:      0.000  0.0678847    0.0000000    
S5-D7:      0.000  0.0691356    0.0000000    
S6-D5:      0.000  0.0927925    0.0000000    
S6-D7:      0.000  0.0840855    0.0000000    
S7-D6:      0.000  0.0520454    0.0000000    
S7-D7:      0.000  0.0464569    0.0000000    
S7-D8:      0.000  0.0254665    0.0000000    
S7-D14:      0.000  0.0141708    0.0000000    
S8-D7:      0.000  0.0740162    0.0000000    
S8-D8:      0.000  0.0462282    0.0000000    
S9-D4:      0.000  0.0326245    0.0000000    
S9-D6:      0.000  0.0592873    0.0000000    
S9-D12:      0.000  0.0440699    0.0000000    
S9-D14:      0.000  0.0619881    0.0000000    
S10-D9:      0.000  0.0365266    0.0000000    
S10-D10:      0.000  0.0430714    0.0000000    
S10-D11:      0.000  0.0309706    0.0000000    
S11-D4:      0.000  0.0030328    0.0000000    
S11-D9:      0.000  0.0269988    0.0000000    
S11-D11:      0.000  0.0253394    0.0000000    
S11-D12:      0.000  0.0329141    0.0000000    
S12-D10:      0.000  0.0432979    0.0000000    
S12-D11:      0.000  0.0445987    0.0000000    
S12-D13:      0.000  0.0423037    0.0000000    
S13-D11:      0.000  0.0415979    0.0000000    
S13-D12:      0.000  0.0548384    0.0000000    
S13-D13:      0.000  0.0730215    0.0000000    
S13-D15:      0.000  0.0705261    0.0000000    
S14-D12:      0.000  0.0390514    0.0000000    
S14-D14:      0.000  0.0483122    0.0000000    
S14-D15:      0.000  0.0478980    0.0000000    
S14-D16:      0.000  0.0357686    0.0000000    
S15-D13:      0.000  0.0718620    0.0000000    
S15-D15:      0.000  0.0673154    0.0000000    
S16-D15:      0.000  0.0416929    0.0000000    
S16-D16:      0.000  0.0319574    0.0000000    
