GLM RESULTS

Model fit per channel for Oxy(beta, t, p values)
S1-D1:      0.812     1.446  0.1488511       1.270     3.301  0.0010242    
S1-D2:      0.278     0.699  0.4846119       1.083     6.415  0.0000000    
S1-D3:      0.351     0.877  0.3808885       1.142     6.200  0.0000000    
S2-D2:      0.366     1.094  0.2744276       1.014     7.076  0.0000000    
S2-D4:      0.526     1.280  0.2010910       1.221     5.384  0.0000001    
S2-D9:      0.425     1.302  0.1936179       1.027     6.836  0.0000000    
S3-D1:      0.698     2.020  0.0438696       1.058     3.553  0.0004138    
S3-D3:      0.308     0.831  0.4060645       1.039     6.564  0.0000000    
S3-D5:      0.437     1.216  0.2245479       1.138     6.426  0.0000000    
S4-D2:      0.469     1.351  0.1773193       1.029     6.251  0.0000000    
S4-D3:      0.389     1.664  0.0967662       1.097     5.736  0.0000000    
S4-D4:      0.534     1.309  0.1909752       1.042     4.420  0.0000119    
S4-D6:      0.574     2.141  0.0326746       1.160     8.382  0.0000000    
S5-D3:      0.580     2.238  0.0255842       1.113     8.120  0.0000000    
S5-D5:      0.402     1.469  0.1424883       1.045     8.371  0.0000000    
S5-D6:      0.413     1.884  0.0601264       1.225    10.822  0.0000000    
S5-D7:      0.295     1.075  0.2827638       1.204     9.502  0.0000000    
S6-D5:      0.451     1.893  0.0588944       1.091     4.995  0.0000008    
S6-D7:      0.380     1.556  0.1203324       1.160     9.896  0.0000000    
S7-D6:      0.243     1.088  0.2768963       1.326    12.838  0.0000000    
S7-D7:      0.056     0.156  0.8764021       1.285     8.093  0.0000000    
S7-D8:      0.473     1.999  0.0461439       1.247     9.709  0.0000000    
S7-D14:      0.360     1.186  0.2363213       1.261     7.747  0.0000000    
S8-D7:      0.129     0.351  0.7258261       1.242     7.788  0.0000000    
S8-D8:      0.386     1.198  0.2312700       1.184     7.353  0.0000000    
S9-D4:      0.838     1.628  0.1040564       1.154     3.499  0.0005048    
S9-D6:      0.282     0.963  0.3358511       1.267     9.144  0.0000000    
S9-D12:      0.428     1.798  0.0726967       1.194     9.681  0.0000000    
S9-D14:      0.376     1.696  0.0904044       1.240    11.840  0.0000000    
S10-D9:      0.286     0.694  0.4882300       1.213     6.493  0.0000000    
S10-D10:      0.643     1.658  0.0979586       1.227     4.891  0.0000013    
S10-D11:      0.077     0.118  0.9060811       1.237     4.455  0.0000101    
S11-D4:      0.190     0.383  0.7021948       1.183     4.353  0.0000160    
S11-D9:      0.206     0.416  0.6775325       1.176     5.032  0.0000007    
S11-D11:     -0.064    -0.099  0.9210691       1.170     4.275  0.0000224    
S11-D12:      0.359     1.063  0.2884164       1.212     5.104  0.0000005    
S12-D10:      0.489     1.360  0.1743551       1.131     6.126  0.0000000    
S12-D11:      0.143     0.242  0.8091634       1.159     4.749  0.0000026    
S12-D13:      0.522     2.055  0.0403761       1.081     6.800  0.0000000    
S13-D11:      0.265     0.616  0.5382115       1.121     6.217  0.0000000    
S13-D12:      0.148     0.376  0.7071928       1.188     7.120  0.0000000    
S13-D13:      0.387     1.609  0.1082490       1.163    10.507  0.0000000    
S13-D15:      0.137     0.335  0.7381092       1.183     6.871  0.0000000    
S14-D12:      0.188     0.790  0.4295759       1.200    11.037  0.0000000    
S14-D14:      0.340     1.566  0.1179633       1.241     8.013  0.0000000    
S14-D15:      0.433     2.667  0.0078731       1.171    15.133  0.0000000    
S14-D16:      0.370     2.609  0.0093169       1.228    18.066  0.0000000    
S15-D13:      0.358     1.327  0.1852120       1.165     9.460  0.0000000    
S15-D15:      0.289     0.923  0.3566072       1.164     8.516  0.0000000    
S16-D15:     -0.001    -0.002  0.9983171       1.187     5.735  0.0000000    
S16-D16:      0.193     0.726  0.4680328       1.270    10.475  0.0000000    

Model fit per channel for DeOxy(beta, t, p values)
S1-D1:      0.030     0.021  0.9834745       1.353     0.234  0.8149053    
S1-D2:     -0.817    -0.640  0.5224740       1.364     2.324  0.0204779    
S1-D3:     -0.605    -1.297  0.1951146       1.542     6.378  0.0000000    
S2-D2:     -0.718    -0.747  0.4552515       1.280     2.808  0.0051660    
S2-D4:     -0.196    -0.504  0.6142655       1.283     6.589  0.0000000    
S2-D9:     -1.318    -1.444  0.1492494       1.379     4.173  0.0000349    
S3-D1:     -0.038    -0.070  0.9440852       1.081     3.126  0.0018629    
S3-D3:     -0.585    -0.429  0.6683887       1.250     2.474  0.0136651    
S3-D5:     -0.302    -0.301  0.7637525       1.379     2.793  0.0054070    
S4-D2:     -0.455    -0.940  0.3478750       1.503     4.935  0.0000011    
S4-D3:     -0.189    -0.172  0.8633802       1.373     1.912  0.0563457    
S4-D4:     -0.740    -0.518  0.6043629       1.232     2.669  0.0078344    
S4-D6:     -0.554    -0.470  0.6384848       1.446     2.419  0.0158733    
S5-D3:     -0.478    -0.478  0.6331693       1.360     2.878  0.0041541    
S5-D5:      0.053     0.051  0.9597379       1.549     2.046  0.0411776    
S5-D6:     -0.892    -0.675  0.4996993       1.361     2.907  0.0037982    
S5-D7:     -0.041    -0.039  0.9686886       1.234     2.566  0.0105511    
S6-D5:      0.053     0.051  0.9596905       1.196     2.024  0.0434880    
S6-D7:     -0.564    -0.513  0.6082233       1.556     2.472  0.0137245    
S7-D6:     -0.597    -0.410  0.6821480       1.460     2.545  0.0112001    
S7-D7:     -0.898    -0.609  0.5428061       1.338     2.662  0.0079979    
S7-D8:     -0.844    -1.183  0.2371619       1.398     4.989  0.0000008    
S7-D14:     -1.137    -1.194  0.2329542       1.391     4.121  0.0000435    
S8-D7:     -0.645    -0.667  0.5047696       1.352     3.988  0.0000754    
S8-D8:     -0.395    -0.725  0.4686203       1.361     6.213  0.0000000    
S9-D4:     -1.057    -0.720  0.4718317       1.383     2.590  0.0098560    
S9-D6:     -0.824    -0.668  0.5041512       1.422     2.632  0.0087195    
S9-D12:     -0.577    -0.640  0.5222819       1.475     2.763  0.0059198    
S9-D14:     -0.515    -0.636  0.5252135       1.583     2.737  0.0063910    
S10-D9:     -1.346    -0.720  0.4718903       1.320     2.267  0.0237818    
S10-D10:     -0.413    -0.846  0.3978028       1.553     4.520  0.0000075    
S10-D11:     -0.379    -0.370  0.7111801       1.527     2.168  0.0305930    
S11-D4:     -1.201    -0.758  0.4485740       1.329     2.489  0.0130935    
S11-D9:     -0.644    -0.624  0.5329045       1.272     3.183  0.0015412    
S11-D11:     -0.079    -0.080  0.9359253       1.119     2.207  0.0277007    
S11-D12:     -0.775    -0.449  0.6536275       1.387     2.210  0.0274989    
S12-D10:     -0.292    -0.299  0.7649831       1.434     2.746  0.0062356    
S12-D11:     -0.145    -0.181  0.8560891       1.507     2.522  0.0119516    
S12-D13:      0.157     0.219  0.8269929       1.436     1.891  0.0591990    
S13-D11:     -0.738    -0.759  0.4482845       1.514     3.659  0.0002770    
S13-D12:     -1.296    -0.973  0.3307939       1.611     3.199  0.0014557    
S13-D13:     -0.292    -0.293  0.7692716       1.451     2.708  0.0069866    
S13-D15:     -0.499    -0.487  0.6261358       1.490     3.075  0.0022105    
S14-D12:     -0.956    -0.755  0.4507240       1.312     3.318  0.0009647    
S14-D14:     -0.687    -0.675  0.5000367       1.485     3.299  0.0010325    
S14-D15:     -1.130    -0.735  0.4626409       1.419     2.822  0.0049464    
S14-D16:     -0.896    -0.927  0.3541093       1.304     3.780  0.0001735    
S15-D13:     -0.551    -0.411  0.6808982       1.426     2.132  0.0334798    
S15-D15:     -0.556    -0.501  0.6166968       1.336     2.694  0.0072801    
S16-D15:     -0.576    -0.691  0.4898014       1.309     3.776  0.0001766    
S16-D16:     -0.516    -1.070  0.2852853       1.311     5.054  0.0000006    

Model fit per channel for Total(beta, t, p values)
S1-D1:      0.786     1.331  0.1836761       1.250     3.148  0.0017308    
S1-D2:      0.150     0.347  0.7283480       1.131     6.289  0.0000000    
S1-D3:      0.283     0.760  0.4477773       1.194     6.804  0.0000000    
S2-D2:      0.237     0.594  0.5526587       1.086     6.439  0.0000000    
S2-D4:      0.514     1.201  0.2304523       1.200     5.019  0.0000007    
S2-D9:      0.385     1.265  0.2062773       1.131     7.703  0.0000000    
S3-D1:      0.693     1.864  0.0628670       1.074     3.956  0.0000861    
S3-D3:      0.238     0.533  0.5942167       1.070     5.875  0.0000000    
S3-D5:      0.276     0.730  0.4654581       1.158     6.971  0.0000000    
S4-D2:      0.443     1.258  0.2089862       1.113     6.130  0.0000000    
S4-D3:      0.253     0.678  0.4980513       1.126     6.269  0.0000000    
S4-D4:      0.348     0.730  0.4658172       1.073     4.748  0.0000026    
S4-D6:      0.388     1.231  0.2186564       1.163     8.154  0.0000000    
S5-D3:      0.452     2.110  0.0353056       1.158     7.959  0.0000000    
S5-D5:      0.340     1.018  0.3090599       1.092     7.342  0.0000000    
S5-D6:      0.378     1.697  0.0902175       1.260     8.311  0.0000000    
S5-D7:      0.278     1.045  0.2965695       1.231    10.030  0.0000000    
S6-D5:      0.430     1.500  0.1342540       1.079     8.180  0.0000000    
S6-D7:      0.325     1.324  0.1861445       1.175    10.248  0.0000000    
S7-D6:      0.085     0.274  0.7841179       1.385     9.571  0.0000000    
S7-D7:     -0.073    -0.155  0.8771472       1.325     6.711  0.0000000    
S7-D8:      0.363     1.844  0.0657683       1.271    12.262  0.0000000    
S7-D14:      0.268     0.922  0.3568511       1.254     8.161  0.0000000    
S8-D7:      0.082     0.217  0.8281580       1.281     7.853  0.0000000    
S8-D8:      0.344     1.282  0.2002771       1.210     9.599  0.0000000    
S9-D4:      0.760     1.946  0.0521146       1.126     4.907  0.0000012    
S9-D6:      0.164     0.576  0.5647129       1.287     9.793  0.0000000    
S9-D12:      0.315     1.476  0.1406081       1.205    11.329  0.0000000    
S9-D14:      0.249     0.990  0.3227023       1.267     9.296  0.0000000    
S10-D9:      0.035     0.061  0.9516249       1.267     5.158  0.0000003    
S10-D10:      0.440     1.198  0.2314851       1.235     4.962  0.0000009    
S10-D11:     -0.030    -0.050  0.9601432       1.276     5.128  0.0000004    
S11-D4:      0.143     0.334  0.7387713       1.225     5.216  0.0000003    
S11-D9:      0.189     0.407  0.6838387       1.210     5.827  0.0000000    
S11-D11:     -0.171    -0.243  0.8082865       1.189     4.374  0.0000145    
S11-D12:      0.304     0.841  0.4009116       1.176     6.428  0.0000000    
S12-D10:      0.424     1.183  0.2372385       1.143     6.200  0.0000000    
S12-D11:      0.038     0.066  0.9470507       1.182     5.165  0.0000003    
S12-D13:      0.377     1.097  0.2733274       1.097     6.852  0.0000000    
S13-D11:      0.060     0.106  0.9154034       1.142     5.116  0.0000004    
S13-D12:      0.063     0.154  0.8775060       1.211     7.073  0.0000000    
S13-D13:      0.264     1.007  0.3142514       1.197    10.161  0.0000000    
S13-D15:      0.075     0.179  0.8576824       1.221     7.000  0.0000000    
S14-D12:      0.094     0.311  0.7561827       1.230     8.933  0.0000000    
S14-D14:      0.251     1.024  0.3062866       1.246     8.053  0.0000000    
S14-D15:      0.385     2.247  0.0249984       1.210    11.648  0.0000000    
S14-D16:      0.304     1.864  0.0628339       1.241    13.572  0.0000000    
S15-D13:      0.313     1.262  0.2073161       1.171    10.486  0.0000000    
S15-D15:      0.181     0.468  0.6396583       1.204     7.362  0.0000000    
S16-D15:     -0.058    -0.107  0.9150584       1.207     5.676  0.0000000    
S16-D16:      0.147     0.553  0.5804754       1.276    10.572  0.0000000    


GLM CONTRAST RESULTS
Contrast 1: Supination > Baseline

Contrast results per channel for Oxy(t, p values)
S1-D1:      1.446  0.1488511    
S1-D2:      0.699  0.4846119    
S1-D3:      0.877  0.3808885    
S2-D2:      1.094  0.2744276    
S2-D4:      1.280  0.2010910    
S2-D9:      1.302  0.1936179    
S3-D1:      2.020  0.0438696    
S3-D3:      0.831  0.4060645    
S3-D5:      1.216  0.2245479    
S4-D2:      1.351  0.1773193    
S4-D3:      1.664  0.0967662    
S4-D4:      1.309  0.1909752    
S4-D6:      2.141  0.0326746    
S5-D3:      2.238  0.0255842    
S5-D5:      1.469  0.1424883    
S5-D6:      1.884  0.0601264    
S5-D7:      1.075  0.2827638    
S6-D5:      1.893  0.0588944    
S6-D7:      1.556  0.1203324    
S7-D6:      1.088  0.2768963    
S7-D7:      0.156  0.8764021    
S7-D8:      1.999  0.0461439    
S7-D14:      1.186  0.2363213    
S8-D7:      0.351  0.7258261    
S8-D8:      1.198  0.2312700    
S9-D4:      1.628  0.1040564    
S9-D6:      0.963  0.3358511    
S9-D12:      1.798  0.0726967    
S9-D14:      1.696  0.0904044    
S10-D9:      0.694  0.4882300    
S10-D10:      1.658  0.0979586    
S10-D11:      0.118  0.9060811    
S11-D4:      0.383  0.7021948    
S11-D9:      0.416  0.6775325    
S11-D11:     -0.099  0.9210691    
S11-D12:      1.063  0.2884164    
S12-D10:      1.360  0.1743551    
S12-D11:      0.242  0.8091634    
S12-D13:      2.055  0.0403761    
S13-D11:      0.616  0.5382115    
S13-D12:      0.376  0.7071928    
S13-D13:      1.609  0.1082490    
S13-D15:      0.335  0.7381092    
S14-D12:      0.790  0.4295759    
S14-D14:      1.566  0.1179633    
S14-D15:      2.667  0.0078731    
S14-D16:      2.609  0.0093169    
S15-D13:      1.327  0.1852120    
S15-D15:      0.923  0.3566072    
S16-D15:     -0.002  0.9983171    
S16-D16:      0.726  0.4680328    
Contrast results per channel for DeOxy(t, p values)
S1-D1:      0.021  0.9834745    
S1-D2:     -0.640  0.5224740    
S1-D3:     -1.297  0.1951146    
S2-D2:     -0.747  0.4552515    
S2-D4:     -0.504  0.6142655    
S2-D9:     -1.444  0.1492494    
S3-D1:     -0.070  0.9440852    
S3-D3:     -0.429  0.6683887    
S3-D5:     -0.301  0.7637525    
S4-D2:     -0.940  0.3478750    
S4-D3:     -0.172  0.8633802    
S4-D4:     -0.518  0.6043629    
S4-D6:     -0.470  0.6384848    
S5-D3:     -0.478  0.6331693    
S5-D5:      0.051  0.9597379    
S5-D6:     -0.675  0.4996993    
S5-D7:     -0.039  0.9686886    
S6-D5:      0.051  0.9596905    
S6-D7:     -0.513  0.6082233    
S7-D6:     -0.410  0.6821480    
S7-D7:     -0.609  0.5428061    
S7-D8:     -1.183  0.2371619    
S7-D14:     -1.194  0.2329542    
S8-D7:     -0.667  0.5047696    
S8-D8:     -0.725  0.4686203    
S9-D4:     -0.720  0.4718317    
S9-D6:     -0.668  0.5041512    
S9-D12:     -0.640  0.5222819    
S9-D14:     -0.636  0.5252135    
S10-D9:     -0.720  0.4718903    
S10-D10:     -0.846  0.3978028    
S10-D11:     -0.370  0.7111801    
S11-D4:     -0.758  0.4485740    
S11-D9:     -0.624  0.5329045    
S11-D11:     -0.080  0.9359253    
S11-D12:     -0.449  0.6536275    
S12-D10:     -0.299  0.7649831    
S12-D11:     -0.181  0.8560891    
S12-D13:      0.219  0.8269929    
S13-D11:     -0.759  0.4482845    
S13-D12:     -0.973  0.3307939    
S13-D13:     -0.293  0.7692716    
S13-D15:     -0.487  0.6261358    
S14-D12:     -0.755  0.4507240    
S14-D14:     -0.675  0.5000367    
S14-D15:     -0.735  0.4626409    
S14-D16:     -0.927  0.3541093    
S15-D13:     -0.411  0.6808982    
S15-D15:     -0.501  0.6166968    
S16-D15:     -0.691  0.4898014    
S16-D16:     -1.070  0.2852853    
Contrast results per channel for Total(t, p values)
S1-D1:      1.331  0.1836761    
S1-D2:      0.347  0.7283480    
S1-D3:      0.760  0.4477773    
S2-D2:      0.594  0.5526587    
S2-D4:      1.201  0.2304523    
S2-D9:      1.265  0.2062773    
S3-D1:      1.864  0.0628670    
S3-D3:      0.533  0.5942167    
S3-D5:      0.730  0.4654581    
S4-D2:      1.258  0.2089862    
S4-D3:      0.678  0.4980513    
S4-D4:      0.730  0.4658172    
S4-D6:      1.231  0.2186564    
S5-D3:      2.110  0.0353056    
S5-D5:      1.018  0.3090599    
S5-D6:      1.697  0.0902175    
S5-D7:      1.045  0.2965695    
S6-D5:      1.500  0.1342540    
S6-D7:      1.324  0.1861445    
S7-D6:      0.274  0.7841179    
S7-D7:     -0.155  0.8771472    
S7-D8:      1.844  0.0657683    
S7-D14:      0.922  0.3568511    
S8-D7:      0.217  0.8281580    
S8-D8:      1.282  0.2002771    
S9-D4:      1.946  0.0521146    
S9-D6:      0.576  0.5647129    
S9-D12:      1.476  0.1406081    
S9-D14:      0.990  0.3227023    
S10-D9:      0.061  0.9516249    
S10-D10:      1.198  0.2314851    
S10-D11:     -0.050  0.9601432    
S11-D4:      0.334  0.7387713    
S11-D9:      0.407  0.6838387    
S11-D11:     -0.243  0.8082865    
S11-D12:      0.841  0.4009116    
S12-D10:      1.183  0.2372385    
S12-D11:      0.066  0.9470507    
S12-D13:      1.097  0.2733274    
S13-D11:      0.106  0.9154034    
S13-D12:      0.154  0.8775060    
S13-D13:      1.007  0.3142514    
S13-D15:      0.179  0.8576824    
S14-D12:      0.311  0.7561827    
S14-D14:      1.024  0.3062866    
S14-D15:      2.247  0.0249984    
S14-D16:      1.864  0.0628339    
S15-D13:      1.262  0.2073161    
S15-D15:      0.468  0.6396583    
S16-D15:     -0.107  0.9150584    
S16-D16:      0.553  0.5804754    
Explained VarianceOxy(R squared)
S1-D1:      0.000  0.0610282    0.0000000    
S1-D2:      0.000  0.0295673    0.0000000    
S1-D3:      0.000  0.0370657    0.0000000    
S2-D2:      0.000  0.0462217    0.0000000    
S2-D4:      0.000  0.0540573    0.0000000    
S2-D9:      0.000  0.0549651    0.0000000    
S3-D1:      0.000  0.0851229    0.0000000    
S3-D3:      0.000  0.0351456    0.0000000    
S3-D5:      0.000  0.0513579    0.0000000    
S4-D2:      0.000  0.0570380    0.0000000    
S4-D3:      0.000  0.0701864    0.0000000    
S4-D4:      0.000  0.0552922    0.0000000    
S4-D6:      0.000  0.0902018    0.0000000    
S5-D3:      0.000  0.0942551    0.0000000    
S5-D5:      0.000  0.0619981    0.0000000    
S5-D6:      0.000  0.0794197    0.0000000    
S5-D7:      0.000  0.0454278    0.0000000    
S6-D5:      0.000  0.0798036    0.0000000    
S6-D7:      0.000  0.0656594    0.0000000    
S7-D6:      0.000  0.0459849    0.0000000    
S7-D7:      0.000  0.0065812    0.0000000    
S7-D8:      0.000  0.0842281    0.0000000    
S7-D14:      0.000  0.0500786    0.0000000    
S8-D7:      0.000  0.0148381    0.0000000    
S8-D8:      0.000  0.0506218    0.0000000    
S9-D4:      0.000  0.0687007    0.0000000    
S9-D6:      0.000  0.0407063    0.0000000    
S9-D12:      0.000  0.0758336    0.0000000    
S9-D14:      0.000  0.0715578    0.0000000    
S10-D9:      0.000  0.0293229    0.0000000    
S10-D10:      0.000  0.0699375    0.0000000    
S10-D11:      0.000  0.0049924    0.0000000    
S11-D4:      0.000  0.0161783    0.0000000    
S11-D9:      0.000  0.0175944    0.0000000    
S11-D11:      0.000  0.0041928    0.0000000    
S11-D12:      0.000  0.0448984    0.0000000    
S12-D10:      0.000  0.0574300    0.0000000    
S12-D11:      0.000  0.0102189    0.0000000    
S12-D13:      0.000  0.0865766    0.0000000    
S13-D11:      0.000  0.0260409    0.0000000    
S13-D12:      0.000  0.0158935    0.0000000    
S13-D13:      0.000  0.0678833    0.0000000    
S13-D15:      0.000  0.0141475    0.0000000    
S14-D12:      0.000  0.0334156    0.0000000    
S14-D14:      0.000  0.0660812    0.0000000    
S14-D15:      0.000  0.1120944    0.0000000    
S14-D16:      0.000  0.1096938    0.0000000    
S15-D13:      0.000  0.0560174    0.0000000    
S15-D15:      0.000  0.0389927    0.0000000    
S16-D15:      0.000  0.0000892    0.0000000    
S16-D16:      0.000  0.0306996    0.0000000    
Explained VarianceDeOxy(R squared)
S1-D1:      0.000  0.0008765    0.0000000    
S1-D2:      0.000  0.0270567    0.0000000    
S1-D3:      0.000  0.0547812    0.0000000    
S2-D2:      0.000  0.0315878    0.0000000    
S2-D4:      0.000  0.0213238    0.0000000    
S2-D9:      0.000  0.0609686    0.0000000    
S3-D1:      0.000  0.0029678    0.0000000    
S3-D3:      0.000  0.0181243    0.0000000    
S3-D5:      0.000  0.0127174    0.0000000    
S4-D2:      0.000  0.0397057    0.0000000    
S4-D3:      0.000  0.0072811    0.0000000    
S4-D4:      0.000  0.0219220    0.0000000    
S4-D6:      0.000  0.0198781    0.0000000    
S5-D3:      0.000  0.0201934    0.0000000    
S5-D5:      0.000  0.0021361    0.0000000    
S5-D6:      0.000  0.0285548    0.0000000    
S5-D7:      0.000  0.0016610    0.0000000    
S6-D5:      0.000  0.0021387    0.0000000    
S6-D7:      0.000  0.0216883    0.0000000    
S7-D6:      0.000  0.0173279    0.0000000    
S7-D7:      0.000  0.0257472    0.0000000    
S7-D8:      0.000  0.0499890    0.0000000    
S7-D14:      0.000  0.0504398    0.0000000    
S8-D7:      0.000  0.0282183    0.0000000    
S8-D8:      0.000  0.0306591    0.0000000    
S9-D4:      0.000  0.0304382    0.0000000    
S9-D6:      0.000  0.0282592    0.0000000    
S9-D12:      0.000  0.0270692    0.0000000    
S9-D14:      0.000  0.0268787    0.0000000    
S10-D9:      0.000  0.0304342    0.0000000    
S10-D10:      0.000  0.0357676    0.0000000    
S10-D11:      0.000  0.0156669    0.0000000    
S11-D4:      0.000  0.0320574    0.0000000    
S11-D9:      0.000  0.0263818    0.0000000    
S11-D11:      0.000  0.0034017    0.0000000    
S11-D12:      0.000  0.0189860    0.0000000    
S12-D10:      0.000  0.0126491    0.0000000    
S12-D11:      0.000  0.0076738    0.0000000    
S12-D13:      0.000  0.0092480    0.0000000    
S13-D11:      0.000  0.0320778    0.0000000    
S13-D12:      0.000  0.0411340    0.0000000    
S13-D13:      0.000  0.0124115    0.0000000    
S13-D15:      0.000  0.0206122    0.0000000    
S14-D12:      0.000  0.0319058    0.0000000    
S14-D14:      0.000  0.0285324    0.0000000    
S14-D15:      0.000  0.0310726    0.0000000    
S14-D16:      0.000  0.0391955    0.0000000    
S15-D13:      0.000  0.0174000    0.0000000    
S15-D15:      0.000  0.0211776    0.0000000    
S16-D15:      0.000  0.0292171    0.0000000    
S16-D16:      0.000  0.0451908    0.0000000    
Explained VarianceTotal(R squared)
S1-D1:      0.000  0.0562134    0.0000000    
S1-D2:      0.000  0.0146960    0.0000000    
S1-D3:      0.000  0.0321137    0.0000000    
S2-D2:      0.000  0.0251215    0.0000000    
S2-D4:      0.000  0.0507106    0.0000000    
S2-D9:      0.000  0.0534416    0.0000000    
S3-D1:      0.000  0.0785886    0.0000000    
S3-D3:      0.000  0.0225395    0.0000000    
S3-D5:      0.000  0.0308775    0.0000000    
S4-D2:      0.000  0.0531245    0.0000000    
S4-D3:      0.000  0.0286646    0.0000000    
S4-D4:      0.000  0.0308526    0.0000000    
S4-D6:      0.000  0.0520161    0.0000000    
S5-D3:      0.000  0.0888885    0.0000000    
S5-D5:      0.000  0.0430221    0.0000000    
S5-D6:      0.000  0.0715992    0.0000000    
S5-D7:      0.000  0.0441470    0.0000000    
S6-D5:      0.000  0.0633038    0.0000000    
S6-D7:      0.000  0.0558989    0.0000000    
S7-D6:      0.000  0.0115919    0.0000000    
S7-D7:      0.000  0.0065412    0.0000000    
S7-D8:      0.000  0.0777406    0.0000000    
S7-D14:      0.000  0.0389729    0.0000000    
S8-D7:      0.000  0.0091848    0.0000000    
S8-D8:      0.000  0.0541549    0.0000000    
S9-D4:      0.000  0.0820439    0.0000000    
S9-D6:      0.000  0.0243634    0.0000000    
S9-D12:      0.000  0.0622910    0.0000000    
S9-D14:      0.000  0.0418273    0.0000000    
S10-D9:      0.000  0.0025671    0.0000000    
S10-D10:      0.000  0.0505985    0.0000000    
S10-D11:      0.000  0.0021146    0.0000000    
S11-D4:      0.000  0.0141103    0.0000000    
S11-D9:      0.000  0.0172304    0.0000000    
S11-D11:      0.000  0.0102668    0.0000000    
S11-D12:      0.000  0.0355326    0.0000000    
S12-D10:      0.000  0.0499809    0.0000000    
S12-D11:      0.000  0.0028101    0.0000000    
S12-D13:      0.000  0.0463277    0.0000000    
S13-D11:      0.000  0.0044949    0.0000000    
S13-D12:      0.000  0.0065219    0.0000000    
S13-D13:      0.000  0.0425634    0.0000000    
S13-D15:      0.000  0.0075879    0.0000000    
S14-D12:      0.000  0.0131380    0.0000000    
S14-D14:      0.000  0.0432693    0.0000000    
S14-D15:      0.000  0.0946318    0.0000000    
S14-D16:      0.000  0.0785984    0.0000000    
S15-D13:      0.000  0.0533197    0.0000000    
S15-D15:      0.000  0.0198087    0.0000000    
S16-D15:      0.000  0.0045132    0.0000000    
S16-D16:      0.000  0.0233836    0.0000000    
