GLM RESULTS

Model fit per channel for Oxy(beta, t, p values)
S1-D1:     -0.138    -0.935  0.3499654      -0.132    -0.038  0.9695573    
S1-D2:     -0.051    -0.440  0.6602144      -0.133    -0.247  0.8050059    
S1-D3:     -0.145    -1.184  0.2369582      -0.131    -0.023  0.9813746    
S2-D2:      0.087     0.989  0.3229420      -0.152    -0.473  0.6362554    
S2-D4:     -0.042    -0.376  0.7067634      -0.126     0.237  0.8129407    
S2-D9:      0.110     1.289  0.1978267      -0.148    -0.514  0.6071320    
S3-D1:     -0.115    -1.025  0.3060345      -0.186    -0.141  0.8882999    
S3-D3:     -0.041    -0.305  0.7601007      -0.136    -0.135  0.8927281    
S3-D5:     -0.084    -0.651  0.5153446      -0.146    -0.270  0.7873691    
S4-D2:      0.069     0.708  0.4794069      -0.163    -0.314  0.7537683    
S4-D3:     -0.083    -0.823  0.4111005      -0.111    -0.006  0.9950791    
S4-D4:     -0.065    -0.472  0.6367731      -0.186     0.243  0.8084594    
S4-D6:     -0.081    -0.614  0.5392720      -0.129     0.224  0.8226636    
S5-D3:      0.025     0.364  0.7157535      -0.123    -0.278  0.7810722    
S5-D5:      0.080     0.659  0.5103546      -0.133    -0.478  0.6331215    
S5-D6:      0.057     0.501  0.6168147      -0.102    -0.292  0.7704034    
S5-D7:      0.027     0.349  0.7268966      -0.113    -0.283  0.7771298    
S6-D5:     -0.025    -0.178  0.8591468      -0.115    -0.249  0.8034075    
S6-D7:      0.159     1.178  0.2393944      -0.113    -1.028  0.3042329    
S7-D6:      0.020     0.220  0.8261938      -0.077    -0.114  0.9089332    
S7-D7:      0.022     0.225  0.8223886      -0.087    -0.069  0.9452866    
S7-D8:     -0.030    -0.338  0.7353167      -0.082     0.300  0.7643593    
S7-D14:     -0.032    -0.337  0.7365115      -0.069    -0.061  0.9517713    
S8-D7:     -0.008    -0.092  0.9266930      -0.107    -0.258  0.7966595    
S8-D8:      0.012     0.159  0.8734264      -0.124    -0.055  0.9558706    
S9-D4:     -0.072    -0.535  0.5929278      -0.148     0.244  0.8069966    
S9-D6:      0.097     0.812  0.4174165      -0.101    -0.223  0.8238311    
S9-D12:      0.066     0.791  0.4290067      -0.088    -0.279  0.7805297    
S9-D14:      0.042     0.409  0.6829163      -0.092    -0.201  0.8409262    
S10-D9:      0.040     0.288  0.7732625      -0.135    -0.122  0.9030273    
S10-D10:      0.114     0.754  0.4509776      -0.135    -0.634  0.5262328    
S10-D11:      0.128     0.757  0.4493023      -0.117    -0.606  0.5450749    
S11-D4:     -0.005    -0.030  0.9758132      -0.134     0.026  0.9793139    
S11-D9:     -0.044    -0.305  0.7601916      -0.135     0.131  0.8959185    
S11-D11:      0.037     0.241  0.8099795      -0.093    -0.225  0.8217116    
S11-D12:     -0.008    -0.049  0.9608122      -0.110     0.013  0.9893569    
S12-D10:      0.080     0.543  0.5871401      -0.125    -0.672  0.5019141    
S12-D11:      0.090     0.610  0.5418128      -0.120    -0.669  0.5037881    
S12-D13:      0.184     1.235  0.2171994      -0.133    -0.946  0.3445394    
S13-D11:      0.208     1.441  0.1500375      -0.135    -0.794  0.4275538    
S13-D12:      0.104     1.325  0.1857984      -0.113    -0.596  0.5511151    
S13-D13:      0.219     2.047  0.0410998      -0.116    -1.218  0.2236760    
S13-D15:      0.076     0.779  0.4360535      -0.112    -0.369  0.7121277    
S14-D12:     -0.035    -0.387  0.6988260      -0.079     0.173  0.8627558    
S14-D14:     -0.005    -0.042  0.9662205      -0.078    -0.002  0.9982040    
S14-D15:      0.015     0.141  0.8877955      -0.113    -0.105  0.9161722    
S14-D16:      0.021     0.258  0.7967376      -0.091    -0.207  0.8360316    
S15-D13:      0.122     0.856  0.3922376      -0.124    -0.607  0.5442164    
S15-D15:      0.157     1.471  0.1419588      -0.124    -0.881  0.3789487    
S16-D15:     -0.051    -0.443  0.6580197      -0.121     0.056  0.9553939    
S16-D16:      0.260     3.722  0.0002178      -0.100    -2.299  0.0218768    

Model fit per channel for DeOxy(beta, t, p values)
S1-D1:     -0.158    -1.140  0.2546521       0.176     0.284  0.7764816    
S1-D2:     -0.052    -0.404  0.6861612       0.096    -0.239  0.8115456    
S1-D3:     -0.187    -1.220  0.2228928       0.123     0.226  0.8211381    
S2-D2:     -0.031    -0.482  0.6298318       0.128    -0.620  0.5356687    
S2-D4:     -0.090    -0.549  0.5835414       0.005    -0.166  0.8679073    
S2-D9:     -0.196    -1.553  0.1209919       0.140     0.000  0.9996824    
S3-D1:     -0.048    -0.645  0.5189077       0.040     0.032  0.9742475    
S3-D3:     -0.225    -1.918  0.0556516      -0.031     0.110  0.9128172    
S3-D5:      0.000     0.003  0.9979151      -0.005    -0.073  0.9420869    
S4-D2:     -0.076    -0.634  0.5261291       0.101    -0.285  0.7760160    
S4-D3:      0.097     0.832  0.4057125       0.055    -0.843  0.3996593    
S4-D4:      0.053     0.260  0.7950287      -0.060    -0.528  0.5973894    
S4-D6:     -0.039    -0.393  0.6946398       0.055    -0.196  0.8448643    
S5-D3:      0.040     0.531  0.5954536       0.090    -0.514  0.6072643    
S5-D5:      0.128     1.905  0.0572388       0.067    -0.786  0.4323607    
S5-D6:     -0.124    -0.714  0.4758045      -0.000    -0.109  0.9131891    
S5-D7:      0.088     0.685  0.4934411      -0.061    -0.365  0.7156175    
S6-D5:     -0.043    -0.398  0.6909765      -0.043    -0.045  0.9637492    
S6-D7:      0.076     0.580  0.5624230       0.149    -0.137  0.8909140    
S7-D6:      0.010     0.052  0.9585730      -0.020    -0.107  0.9144504    
S7-D7:     -0.052    -0.298  0.7661635      -0.031     0.026  0.9795839    
S7-D8:     -0.119    -0.771  0.4408396       0.052     0.292  0.7706893    
S7-D14:     -0.057    -1.029  0.3041387       0.049    -0.309  0.7573728    
S8-D7:     -0.027    -0.154  0.8772923      -0.064    -0.002  0.9984886    
S8-D8:      0.014     0.087  0.9306043      -0.029    -0.077  0.9388575    
S9-D4:     -0.094    -0.813  0.4163512       0.068    -0.227  0.8206356    
S9-D6:     -0.025    -0.199  0.8422078       0.048    -0.306  0.7598188    
S9-D12:      0.018     0.306  0.7595556       0.141    -0.645  0.5194765    
S9-D14:      0.029     0.405  0.6856056       0.191    -0.687  0.4922924    
S10-D9:     -0.002    -0.023  0.9816152       0.047    -0.121  0.9039720    
S10-D10:     -0.227    -1.254  0.2105095       0.153     0.627  0.5310001    
S10-D11:      0.070     0.930  0.3526881       0.173    -0.513  0.6079435    
S11-D4:      0.040     0.217  0.8283778       0.091    -0.347  0.7287343    
S11-D9:      0.161     0.813  0.4166638      -0.005    -0.562  0.5744392    
S11-D11:      0.110     1.020  0.3082055      -0.075    -0.506  0.6130651    
S11-D12:      0.010     0.061  0.9513240      -0.028    -0.361  0.7181866    
S12-D10:     -0.049    -0.300  0.7645293       0.025     0.074  0.9408401    
S12-D11:      0.064     0.879  0.3799711       0.159    -0.415  0.6785515    
S12-D13:      0.041     0.499  0.6176652       0.067    -0.258  0.7962675    
S13-D11:      0.036     0.258  0.7961253       0.054    -0.197  0.8441827    
S13-D12:      0.045     0.439  0.6607804       0.125    -0.358  0.7206722    
S13-D13:      0.081     0.682  0.4956619       0.016    -0.360  0.7192015    
S13-D15:     -0.000    -0.000  0.9996258       0.036    -0.321  0.7485781    
S14-D12:     -0.002    -0.018  0.9856934      -0.063    -0.192  0.8478094    
S14-D14:     -0.077    -0.923  0.3565238       0.046    -0.062  0.9506231    
S14-D15:     -0.050    -0.433  0.6648591       0.005    -0.174  0.8620453    
S14-D16:     -0.017    -0.153  0.8786450       0.011    -0.181  0.8565056    
S15-D13:     -0.039    -0.496  0.6203060       0.104    -0.164  0.8697951    
S15-D15:      0.004     0.062  0.9504253       0.021    -0.541  0.5886173    
S16-D15:      0.019     0.174  0.8619009       0.000    -0.347  0.7284094    
S16-D16:     -0.064    -0.574  0.5660228       0.104    -0.172  0.8636032    

Model fit per channel for Total(beta, t, p values)
S1-D1:     -0.177    -1.262  0.2076105      -0.111     0.047  0.9629172    
S1-D2:     -0.078    -0.812  0.4173142      -0.116    -0.182  0.8552711    
S1-D3:     -0.024    -0.186  0.8524839      -0.104    -0.308  0.7580581    
S2-D2:      0.023     0.263  0.7923424      -0.136    -0.287  0.7741044    
S2-D4:     -0.109    -0.752  0.4522342      -0.127     0.399  0.6898434    
S2-D9:      0.026     0.269  0.7877557      -0.137    -0.238  0.8122589    
S3-D1:     -0.073    -0.697  0.4857967      -0.182    -0.137  0.8913707    
S3-D3:      0.093     0.653  0.5137242      -0.141    -0.475  0.6351747    
S3-D5:     -0.085    -0.734  0.4630765      -0.128    -0.273  0.7847873    
S4-D2:     -0.018    -0.188  0.8509832      -0.154    -0.102  0.9188850    
S4-D3:     -0.083    -0.840  0.4010081      -0.102    -0.108  0.9142120    
S4-D4:      0.025     0.181  0.8564049      -0.184     0.055  0.9562933    
S4-D6:     -0.081    -0.633  0.5270694      -0.119     0.158  0.8748433    
S5-D3:      0.018     0.334  0.7381829      -0.114    -0.311  0.7559522    
S5-D5:      0.003     0.020  0.9838560      -0.134    -0.218  0.8277810    
S5-D6:      0.039     0.327  0.7434693      -0.098    -0.266  0.7905081    
S5-D7:      0.102     1.145  0.2529039      -0.112    -0.674  0.5006497    
S6-D5:     -0.030    -0.237  0.8129891      -0.120    -0.192  0.8480730    
S6-D7:      0.114     0.861  0.3896088      -0.107    -0.821  0.4118603    
S7-D6:      0.068     0.670  0.5031267      -0.069    -0.343  0.7316152    
S7-D7:      0.032     0.251  0.8018440      -0.084    -0.126  0.8997120    
S7-D8:      0.029     0.398  0.6905272      -0.071    -0.021  0.9832603    
S7-D14:     -0.040    -0.439  0.6606491      -0.062    -0.092  0.9266509    
S8-D7:      0.019     0.229  0.8190746      -0.101    -0.422  0.6734771    
S8-D8:      0.016     0.198  0.8430576      -0.114    -0.190  0.8496926    
S9-D4:     -0.052    -0.351  0.7259029      -0.147     0.136  0.8915826    
S9-D6:      0.084     0.710  0.4780400      -0.088    -0.282  0.7782782    
S9-D12:      0.049     0.567  0.5710825      -0.075    -0.265  0.7908892    
S9-D14:      0.077     0.778  0.4368649      -0.071    -0.395  0.6931670    
S10-D9:      0.062     0.418  0.6763859      -0.108    -0.326  0.7445922    
S10-D10:      0.061     0.423  0.6726687      -0.116    -0.483  0.6290484    
S10-D11:      0.054     0.322  0.7479114      -0.082    -0.420  0.6746136    
S11-D4:     -0.078    -0.571  0.5679102      -0.120     0.183  0.8550592    
S11-D9:     -0.056    -0.397  0.6911831      -0.131     0.128  0.8983889    
S11-D11:      0.009     0.060  0.9518267      -0.087    -0.218  0.8278804    
S11-D12:      0.006     0.036  0.9716676      -0.127    -0.050  0.9602781    
S12-D10:      0.001     0.009  0.9925664      -0.115    -0.397  0.6914514    
S12-D11:      0.077     0.541  0.5890062      -0.099    -0.688  0.4919905    
S12-D13:      0.154     1.064  0.2878143      -0.125    -0.884  0.3772920    
S13-D11:      0.183     1.265  0.2063144      -0.120    -0.820  0.4124513    
S13-D12:      0.075     1.015  0.3106351      -0.100    -0.503  0.6150787    
S13-D13:      0.166     1.591  0.1120991      -0.102    -0.988  0.3237310    
S13-D15:      0.049     0.507  0.6126082      -0.102    -0.274  0.7840628    
S14-D12:     -0.032    -0.324  0.7459962      -0.080     0.115  0.9082446    
S14-D14:     -0.009    -0.084  0.9333179      -0.075    -0.016  0.9874908    
S14-D15:      0.030     0.281  0.7787472      -0.102    -0.232  0.8165599    
S14-D16:      0.000     0.004  0.9966351      -0.084    -0.168  0.8667828    
S15-D13:      0.245     1.984  0.0477147      -0.118    -1.386  0.1664266    
S15-D15:      0.112     1.016  0.3102796      -0.120    -0.642  0.5211338    
S16-D15:      0.099     0.848  0.3966377      -0.114    -0.614  0.5395147    
S16-D16:      0.221     3.093  0.0020794      -0.091    -1.943  0.0524687    


GLM CONTRAST RESULTS
Contrast 1: Supination > Baseline
Contrast 2: Baseline > Supination 

Contrast results per channel for Oxy(t, p values)
S1-D1:     -0.935  0.3499654       0.935  0.3499654    
S1-D2:     -0.440  0.6602144       0.440  0.6602144    
S1-D3:     -1.184  0.2369582       1.184  0.2369582    
S2-D2:      0.989  0.3229420      -0.989  0.3229420    
S2-D4:     -0.376  0.7067634       0.376  0.7067634    
S2-D9:      1.289  0.1978267      -1.289  0.1978267    
S3-D1:     -1.025  0.3060345       1.025  0.3060345    
S3-D3:     -0.305  0.7601007       0.305  0.7601007    
S3-D5:     -0.651  0.5153446       0.651  0.5153446    
S4-D2:      0.708  0.4794069      -0.708  0.4794069    
S4-D3:     -0.823  0.4111005       0.823  0.4111005    
S4-D4:     -0.472  0.6367731       0.472  0.6367731    
S4-D6:     -0.614  0.5392720       0.614  0.5392720    
S5-D3:      0.364  0.7157535      -0.364  0.7157535    
S5-D5:      0.659  0.5103546      -0.659  0.5103546    
S5-D6:      0.501  0.6168147      -0.501  0.6168147    
S5-D7:      0.349  0.7268966      -0.349  0.7268966    
S6-D5:     -0.178  0.8591468       0.178  0.8591468    
S6-D7:      1.178  0.2393944      -1.178  0.2393944    
S7-D6:      0.220  0.8261938      -0.220  0.8261938    
S7-D7:      0.225  0.8223886      -0.225  0.8223886    
S7-D8:     -0.338  0.7353167       0.338  0.7353167    
S7-D14:     -0.337  0.7365115       0.337  0.7365115    
S8-D7:     -0.092  0.9266930       0.092  0.9266930    
S8-D8:      0.159  0.8734264      -0.159  0.8734264    
S9-D4:     -0.535  0.5929278       0.535  0.5929278    
S9-D6:      0.812  0.4174165      -0.812  0.4174165    
S9-D12:      0.791  0.4290067      -0.791  0.4290067    
S9-D14:      0.409  0.6829163      -0.409  0.6829163    
S10-D9:      0.288  0.7732625      -0.288  0.7732625    
S10-D10:      0.754  0.4509776      -0.754  0.4509776    
S10-D11:      0.757  0.4493023      -0.757  0.4493023    
S11-D4:     -0.030  0.9758132       0.030  0.9758132    
S11-D9:     -0.305  0.7601916       0.305  0.7601916    
S11-D11:      0.241  0.8099795      -0.241  0.8099795    
S11-D12:     -0.049  0.9608122       0.049  0.9608122    
S12-D10:      0.543  0.5871401      -0.543  0.5871401    
S12-D11:      0.610  0.5418128      -0.610  0.5418128    
S12-D13:      1.235  0.2171994      -1.235  0.2171994    
S13-D11:      1.441  0.1500375      -1.441  0.1500375    
S13-D12:      1.325  0.1857984      -1.325  0.1857984    
S13-D13:      2.047  0.0410998      -2.047  0.0410998    
S13-D15:      0.779  0.4360535      -0.779  0.4360535    
S14-D12:     -0.387  0.6988260       0.387  0.6988260    
S14-D14:     -0.042  0.9662205       0.042  0.9662205    
S14-D15:      0.141  0.8877955      -0.141  0.8877955    
S14-D16:      0.258  0.7967376      -0.258  0.7967376    
S15-D13:      0.856  0.3922376      -0.856  0.3922376    
S15-D15:      1.471  0.1419588      -1.471  0.1419588    
S16-D15:     -0.443  0.6580197       0.443  0.6580197    
S16-D16:      3.722  0.0002178      -3.722  0.0002178    
Contrast results per channel for DeOxy(t, p values)
S1-D1:     -1.140  0.2546521       1.140  0.2546521    
S1-D2:     -0.404  0.6861612       0.404  0.6861612    
S1-D3:     -1.220  0.2228928       1.220  0.2228928    
S2-D2:     -0.482  0.6298318       0.482  0.6298318    
S2-D4:     -0.549  0.5835414       0.549  0.5835414    
S2-D9:     -1.553  0.1209919       1.553  0.1209919    
S3-D1:     -0.645  0.5189077       0.645  0.5189077    
S3-D3:     -1.918  0.0556516       1.918  0.0556516    
S3-D5:      0.003  0.9979151      -0.003  0.9979151    
S4-D2:     -0.634  0.5261291       0.634  0.5261291    
S4-D3:      0.832  0.4057125      -0.832  0.4057125    
S4-D4:      0.260  0.7950287      -0.260  0.7950287    
S4-D6:     -0.393  0.6946398       0.393  0.6946398    
S5-D3:      0.531  0.5954536      -0.531  0.5954536    
S5-D5:      1.905  0.0572388      -1.905  0.0572388    
S5-D6:     -0.714  0.4758045       0.714  0.4758045    
S5-D7:      0.685  0.4934411      -0.685  0.4934411    
S6-D5:     -0.398  0.6909765       0.398  0.6909765    
S6-D7:      0.580  0.5624230      -0.580  0.5624230    
S7-D6:      0.052  0.9585730      -0.052  0.9585730    
S7-D7:     -0.298  0.7661635       0.298  0.7661635    
S7-D8:     -0.771  0.4408396       0.771  0.4408396    
S7-D14:     -1.029  0.3041387       1.029  0.3041387    
S8-D7:     -0.154  0.8772923       0.154  0.8772923    
S8-D8:      0.087  0.9306043      -0.087  0.9306043    
S9-D4:     -0.813  0.4163512       0.813  0.4163512    
S9-D6:     -0.199  0.8422078       0.199  0.8422078    
S9-D12:      0.306  0.7595556      -0.306  0.7595556    
S9-D14:      0.405  0.6856056      -0.405  0.6856056    
S10-D9:     -0.023  0.9816152       0.023  0.9816152    
S10-D10:     -1.254  0.2105095       1.254  0.2105095    
S10-D11:      0.930  0.3526881      -0.930  0.3526881    
S11-D4:      0.217  0.8283778      -0.217  0.8283778    
S11-D9:      0.813  0.4166638      -0.813  0.4166638    
S11-D11:      1.020  0.3082055      -1.020  0.3082055    
S11-D12:      0.061  0.9513240      -0.061  0.9513240    
S12-D10:     -0.300  0.7645293       0.300  0.7645293    
S12-D11:      0.879  0.3799711      -0.879  0.3799711    
S12-D13:      0.499  0.6176652      -0.499  0.6176652    
S13-D11:      0.258  0.7961253      -0.258  0.7961253    
S13-D12:      0.439  0.6607804      -0.439  0.6607804    
S13-D13:      0.682  0.4956619      -0.682  0.4956619    
S13-D15:     -0.000  0.9996258       0.000  0.9996258    
S14-D12:     -0.018  0.9856934       0.018  0.9856934    
S14-D14:     -0.923  0.3565238       0.923  0.3565238    
S14-D15:     -0.433  0.6648591       0.433  0.6648591    
S14-D16:     -0.153  0.8786450       0.153  0.8786450    
S15-D13:     -0.496  0.6203060       0.496  0.6203060    
S15-D15:      0.062  0.9504253      -0.062  0.9504253    
S16-D15:      0.174  0.8619009      -0.174  0.8619009    
S16-D16:     -0.574  0.5660228       0.574  0.5660228    
Contrast results per channel for Total(t, p values)
S1-D1:     -1.262  0.2076105       1.262  0.2076105    
S1-D2:     -0.812  0.4173142       0.812  0.4173142    
S1-D3:     -0.186  0.8524839       0.186  0.8524839    
S2-D2:      0.263  0.7923424      -0.263  0.7923424    
S2-D4:     -0.752  0.4522342       0.752  0.4522342    
S2-D9:      0.269  0.7877557      -0.269  0.7877557    
S3-D1:     -0.697  0.4857967       0.697  0.4857967    
S3-D3:      0.653  0.5137242      -0.653  0.5137242    
S3-D5:     -0.734  0.4630765       0.734  0.4630765    
S4-D2:     -0.188  0.8509832       0.188  0.8509832    
S4-D3:     -0.840  0.4010081       0.840  0.4010081    
S4-D4:      0.181  0.8564049      -0.181  0.8564049    
S4-D6:     -0.633  0.5270694       0.633  0.5270694    
S5-D3:      0.334  0.7381829      -0.334  0.7381829    
S5-D5:      0.020  0.9838560      -0.020  0.9838560    
S5-D6:      0.327  0.7434693      -0.327  0.7434693    
S5-D7:      1.145  0.2529039      -1.145  0.2529039    
S6-D5:     -0.237  0.8129891       0.237  0.8129891    
S6-D7:      0.861  0.3896088      -0.861  0.3896088    
S7-D6:      0.670  0.5031267      -0.670  0.5031267    
S7-D7:      0.251  0.8018440      -0.251  0.8018440    
S7-D8:      0.398  0.6905272      -0.398  0.6905272    
S7-D14:     -0.439  0.6606491       0.439  0.6606491    
S8-D7:      0.229  0.8190746      -0.229  0.8190746    
S8-D8:      0.198  0.8430576      -0.198  0.8430576    
S9-D4:     -0.351  0.7259029       0.351  0.7259029    
S9-D6:      0.710  0.4780400      -0.710  0.4780400    
S9-D12:      0.567  0.5710825      -0.567  0.5710825    
S9-D14:      0.778  0.4368649      -0.778  0.4368649    
S10-D9:      0.418  0.6763859      -0.418  0.6763859    
S10-D10:      0.423  0.6726687      -0.423  0.6726687    
S10-D11:      0.322  0.7479114      -0.322  0.7479114    
S11-D4:     -0.571  0.5679102       0.571  0.5679102    
S11-D9:     -0.397  0.6911831       0.397  0.6911831    
S11-D11:      0.060  0.9518267      -0.060  0.9518267    
S11-D12:      0.036  0.9716676      -0.036  0.9716676    
S12-D10:      0.009  0.9925664      -0.009  0.9925664    
S12-D11:      0.541  0.5890062      -0.541  0.5890062    
S12-D13:      1.064  0.2878143      -1.064  0.2878143    
S13-D11:      1.265  0.2063144      -1.265  0.2063144    
S13-D12:      1.015  0.3106351      -1.015  0.3106351    
S13-D13:      1.591  0.1120991      -1.591  0.1120991    
S13-D15:      0.507  0.6126082      -0.507  0.6126082    
S14-D12:     -0.324  0.7459962       0.324  0.7459962    
S14-D14:     -0.084  0.9333179       0.084  0.9333179    
S14-D15:      0.281  0.7787472      -0.281  0.7787472    
S14-D16:      0.004  0.9966351      -0.004  0.9966351    
S15-D13:      1.984  0.0477147      -1.984  0.0477147    
S15-D15:      1.016  0.3102796      -1.016  0.3102796    
S16-D15:      0.848  0.3966377      -0.848  0.3966377    
S16-D16:      3.093  0.0020794      -3.093  0.0020794    
Explained VarianceOxy(R squared)
S1-D1:      0.000  0.0395340    0.0000000    
S1-D2:      0.000  0.0186005    0.0000000    
S1-D3:      0.000  0.0500107    0.0000000    
S2-D2:      0.000  0.0418066    0.0000000    
S2-D4:      0.000  0.0159179    0.0000000    
S2-D9:      0.000  0.0544507    0.0000000    
S3-D1:      0.000  0.0432918    0.0000000    
S3-D3:      0.000  0.0129201    0.0000000    
S3-D5:      0.000  0.0275219    0.0000000    
S4-D2:      0.000  0.0299205    0.0000000    
S4-D3:      0.000  0.0347702    0.0000000    
S4-D4:      0.000  0.0199795    0.0000000    
S4-D6:      0.000  0.0259730    0.0000000    
S5-D3:      0.000  0.0154075    0.0000000    
S5-D5:      0.000  0.0278496    0.0000000    
S5-D6:      0.000  0.0211705    0.0000000    
S5-D7:      0.000  0.0147778    0.0000000    
S6-D5:      0.000  0.0075090    0.0000000    
S6-D7:      0.000  0.0497522    0.0000000    
S7-D6:      0.000  0.0092914    0.0000000    
S7-D7:      0.000  0.0094983    0.0000000    
S7-D8:      0.000  0.0143041    0.0000000    
S7-D14:      0.000  0.0142371    0.0000000    
S8-D7:      0.000  0.0038932    0.0000000    
S8-D8:      0.000  0.0067409    0.0000000    
S9-D4:      0.000  0.0226183    0.0000000    
S9-D6:      0.000  0.0343031    0.0000000    
S9-D12:      0.000  0.0334568    0.0000000    
S9-D14:      0.000  0.0172836    0.0000000    
S10-D9:      0.000  0.0121908    0.0000000    
S10-D10:      0.000  0.0318879    0.0000000    
S10-D11:      0.000  0.0320060    0.0000000    
S11-D4:      0.000  0.0012829    0.0000000    
S11-D9:      0.000  0.0129151    0.0000000    
S11-D11:      0.000  0.0101743    0.0000000    
S11-D12:      0.000  0.0020791    0.0000000    
S12-D10:      0.000  0.0229731    0.0000000    
S12-D11:      0.000  0.0258106    0.0000000    
S12-D13:      0.000  0.0521808    0.0000000    
S13-D11:      0.000  0.0608509    0.0000000    
S13-D12:      0.000  0.0559428    0.0000000    
S13-D13:      0.000  0.0862669    0.0000000    
S13-D15:      0.000  0.0329487    0.0000000    
S14-D12:      0.000  0.0163706    0.0000000    
S14-D14:      0.000  0.0017920    0.0000000    
S14-D15:      0.000  0.0059703    0.0000000    
S14-D16:      0.000  0.0108987    0.0000000    
S15-D13:      0.000  0.0361909    0.0000000    
S15-D15:      0.000  0.0620803    0.0000000    
S16-D15:      0.000  0.0187288    0.0000000    
S16-D16:      0.001  0.1555002    0.0000000    
Explained VarianceDeOxy(R squared)
S1-D1:      0.000  0.0481733    0.0000000    
S1-D2:      0.000  0.0170967    0.0000000    
S1-D3:      0.000  0.0515416    0.0000000    
S2-D2:      0.000  0.0203919    0.0000000    
S2-D4:      0.000  0.0231945    0.0000000    
S2-D9:      0.000  0.0655432    0.0000000    
S3-D1:      0.000  0.0272890    0.0000000    
S3-D3:      0.000  0.0808468    0.0000000    
S3-D5:      0.000  0.0001106    0.0000000    
S4-D2:      0.000  0.0268194    0.0000000    
S4-D3:      0.000  0.0351720    0.0000000    
S4-D4:      0.000  0.0109924    0.0000000    
S4-D6:      0.000  0.0166101    0.0000000    
S5-D3:      0.000  0.0224640    0.0000000    
S5-D5:      0.000  0.0803301    0.0000000    
S5-D6:      0.000  0.0301661    0.0000000    
S5-D7:      0.000  0.0289728    0.0000000    
S6-D5:      0.000  0.0168201    0.0000000    
S6-D7:      0.000  0.0245068    0.0000000    
S7-D6:      0.000  0.0021980    0.0000000    
S7-D7:      0.000  0.0125837    0.0000000    
S7-D8:      0.000  0.0326063    0.0000000    
S7-D14:      0.000  0.0434617    0.0000000    
S8-D7:      0.000  0.0065334    0.0000000    
S8-D8:      0.000  0.0036849    0.0000000    
S9-D4:      0.000  0.0343816    0.0000000    
S9-D6:      0.000  0.0084234    0.0000000    
S9-D12:      0.000  0.0129504    0.0000000    
S9-D14:      0.000  0.0171287    0.0000000    
S10-D9:      0.000  0.0009751    0.0000000    
S10-D10:      0.000  0.0529475    0.0000000    
S10-D11:      0.000  0.0393113    0.0000000    
S11-D4:      0.000  0.0091728    0.0000000    
S11-D9:      0.000  0.0343586    0.0000000    
S11-D11:      0.000  0.0430981    0.0000000    
S11-D12:      0.000  0.0025830    0.0000000    
S12-D10:      0.000  0.0126743    0.0000000    
S12-D11:      0.000  0.0371371    0.0000000    
S12-D13:      0.000  0.0211194    0.0000000    
S13-D11:      0.000  0.0109322    0.0000000    
S13-D12:      0.000  0.0185675    0.0000000    
S13-D13:      0.000  0.0288241    0.0000000    
S13-D15:      0.000  0.0000198    0.0000000    
S14-D12:      0.000  0.0007588    0.0000000    
S14-D14:      0.000  0.0389994    0.0000000    
S14-D15:      0.000  0.0183297    0.0000000    
S14-D16:      0.000  0.0064608    0.0000000    
S15-D13:      0.000  0.0209610    0.0000000    
S15-D15:      0.000  0.0026308    0.0000000    
S16-D15:      0.000  0.0073607    0.0000000    
S16-D16:      0.000  0.0242815    0.0000000    
Explained VarianceTotal(R squared)
S1-D1:      0.000  0.0532852    0.0000000    
S1-D2:      0.000  0.0343107    0.0000000    
S1-D3:      0.000  0.0078682    0.0000000    
S2-D2:      0.000  0.0111398    0.0000000    
S2-D4:      0.000  0.0317995    0.0000000    
S2-D9:      0.000  0.0113918    0.0000000    
S3-D1:      0.000  0.0294871    0.0000000    
S3-D3:      0.000  0.0276281    0.0000000    
S3-D5:      0.000  0.0310424    0.0000000    
S4-D2:      0.000  0.0079492    0.0000000    
S4-D3:      0.000  0.0355254    0.0000000    
S4-D4:      0.000  0.0076568    0.0000000    
S4-D6:      0.000  0.0267585    0.0000000    
S5-D3:      0.000  0.0141433    0.0000000    
S5-D5:      0.000  0.0008562    0.0000000    
S5-D6:      0.000  0.0138473    0.0000000    
S5-D7:      0.000  0.0483508    0.0000000    
S6-D5:      0.000  0.0100101    0.0000000    
S6-D7:      0.000  0.0363922    0.0000000    
S7-D6:      0.000  0.0283271    0.0000000    
S7-D7:      0.000  0.0106190    0.0000000    
S7-D8:      0.000  0.0168459    0.0000000    
S7-D14:      0.000  0.0185752    0.0000000    
S8-D7:      0.000  0.0096786    0.0000000    
S8-D8:      0.000  0.0083774    0.0000000    
S9-D4:      0.000  0.0148338    0.0000000    
S9-D6:      0.000  0.0300136    0.0000000    
S9-D12:      0.000  0.0239659    0.0000000    
S9-D14:      0.000  0.0328905    0.0000000    
S10-D9:      0.000  0.0176607    0.0000000    
S10-D10:      0.000  0.0178759    0.0000000    
S10-D11:      0.000  0.0135990    0.0000000    
S11-D4:      0.000  0.0241636    0.0000000    
S11-D9:      0.000  0.0168082    0.0000000    
S11-D11:      0.000  0.0025563    0.0000000    
S11-D12:      0.000  0.0015029    0.0000000    
S12-D10:      0.000  0.0003942    0.0000000    
S12-D11:      0.000  0.0228585    0.0000000    
S12-D13:      0.000  0.0449545    0.0000000    
S13-D11:      0.000  0.0534373    0.0000000    
S13-D12:      0.000  0.0428824    0.0000000    
S13-D13:      0.000  0.0671544    0.0000000    
S13-D15:      0.000  0.0214236    0.0000000    
S14-D12:      0.000  0.0137060    0.0000000    
S14-D14:      0.000  0.0035405    0.0000000    
S14-D15:      0.000  0.0118879    0.0000000    
S14-D16:      0.000  0.0001785    0.0000000    
S15-D13:      0.000  0.0836315    0.0000000    
S15-D15:      0.000  0.0429139    0.0000000    
S16-D15:      0.000  0.0358559    0.0000000    
S16-D16:      0.000  0.1297204    0.0000000    
