0.0000000000  0.0000000000  0.0000000000  0.0000000000  1.0000000000  
0.0000000000  0.0000000000  0.0000000000  0.0000000000  1.0000000000  
0.0000000000  0.0000000000  0.0000000000  0.0000000000  1.0000000000  
0.0000000000  0.0000000000  0.0000000000  0.0000000000  1.0000000000  
0.0000000000  0.0000000000  0.0000000000  0.0000000000  1.0000000000  
0.0000000000  0.0000000000  0.0000000000  0.0000000000  1.0000000000  
0.0000000000  0.0000000000  0.0000000000  0.0000000000  1.0000000000  
0.0000000000  0.0000000000  0.0000000000  0.0000000000  1.0000000000  
0.0000000000  0.0000000000  0.0000000000  0.0000000000  1.0000000000  
0.0000000000  0.0000000000  0.0000000000  0.0000000000  1.0000000000  
0.0000000000  0.0000000000  0.0000000000  0.0000000000  1.0000000000  
0.0000000000  0.0000000000  0.0000000000  0.0000000000  1.0000000000  
0.0000000000  0.0000000000  0.0000000000  0.0000000000  1.0000000000  
0.0000000000  0.0000000000  0.0000000000  0.0000000000  1.0000000000  
0.0000000000  0.0000000000  0.0000000000  0.0000000000  1.0000000000  
0.0000000000  0.0000000000  0.0000000000  0.0000000000  1.0000000000  
0.0000000000  0.0000000000  0.0000000000  0.0000000000  1.0000000000  
0.0000000000  0.0000000000  0.0000000000  0.0000000000  1.0000000000  
0.0000000000  0.0000000000  0.0000000000  0.0000000000  1.0000000000  
0.0000000000  0.0000000000  0.0000000000  0.0000000000  1.0000000000  
0.0000000000  0.0000000000  0.0000000000  0.0000000000  1.0000000000  
0.0000000000  0.0000000000  0.0000000000  0.0000000000  1.0000000000  
0.0000000000  0.0000000000  0.0000000000  0.0000000000  1.0000000000  
0.0000000000  0.0000000000  0.0000000000  0.0000000000  1.0000000000  
0.0000000000  0.0000000000  0.0000000000  0.0000000000  1.0000000000  
0.0000000000  0.0000000000  0.0000000000  0.0000000000  1.0000000000  
0.0000000000  0.0000000000  0.0000000000  0.0000000000  1.0000000000  
0.0000000000  0.0000000000  0.0000000000  0.0000000000  1.0000000000  
0.0000000000  0.0000000000  0.0000000000  0.0000000000  1.0000000000  
0.0000000000  0.0000000000  0.0000000000  0.0000000000  1.0000000000  
0.0000000000  0.0000000000  0.0000000000  0.0000000000  1.0000000000  
0.0000000000  0.0000000000  0.0000000000  0.0000000000  1.0000000000  
0.0000000000  0.0000000000  0.0000000000  0.0000000000  1.0000000000  
0.0000000000  0.0000000000  0.0000000000  0.0000000000  1.0000000000  
0.0000000000  0.0000000000  0.0000000000  0.0000000000  1.0000000000  
0.0000000000  0.0000000000  0.0000000000  0.0000000000  1.0000000000  
0.0000000000  0.0000000000  0.0000000000  0.0000000000  1.0000000000  
0.0000000000  0.0000000000  0.0000000000  0.0000000000  1.0000000000  
0.0000000000  0.0000000000  0.0000000000  0.0000000000  1.0000000000  
0.0000000000  0.0000000000  0.0000000000  0.0000000000  1.0000000000  
0.0000000000  0.0000000000  0.0000000000  0.0000000000  1.0000000000  
0.0000000000  0.0000000000  0.0000000000  0.0000000000  1.0000000000  
0.0000000000  0.0000000000  0.0000000000  0.0000000000  1.0000000000  
0.0000000000  0.0000000000  0.0000000000  0.0000000000  1.0000000000  
0.0000000000  0.0000000000  0.0000000000  0.0000000000  1.0000000000  
0.0000000000  0.0000000000  0.0000000000  0.0000000000  1.0000000000  
0.0000000000  0.0000000000  0.0000000000  0.0000000000  1.0000000000  
0.0000000000  0.0000000000  0.0000000000  0.0000000000  1.0000000000  
0.0000000000  0.0000000000  0.0000000000  0.0000000000  1.0000000000  
0.0000000000  0.0000000000  0.0000000000  0.0000000000  1.0000000000  
0.0000000000  0.0000000000  0.0000000000  0.0000000000  1.0000000000  
0.0000000000  0.0000000000  0.0000000000  0.0000000000  1.0000000000  
0.0000000000  0.0000000000  0.0000000000  0.0000000000  1.0000000000  
0.0000000000  0.0000000000  0.0000000000  0.0000000000  1.0000000000  
0.0000000000  0.0000000000  0.0000000000  0.0000000000  1.0000000000  
0.0000000000  0.0000000000  0.0000000000  0.0000000000  1.0000000000  
0.0000000000  0.0000000000  0.0000000000  0.0000000000  1.0000000000  
0.0000000000  0.0000000000  0.0000000000  0.0000000000  1.0000000000  
0.0000000000  0.0000000000  0.0000000000  0.0000000000  1.0000000000  
0.0000000000  0.0000000000  0.0000000000  0.0000000000  1.0000000000  
0.0000000000  0.0000000000  0.0000000000  0.0000000000  1.0000000000  
0.0000000000  0.0000000000  0.0000000000  0.0000000000  1.0000000000  
0.0000000000  0.0000000000  0.0000000000  0.0000000000  1.0000000000  
0.0000000000  0.0000000000  0.0000000000  0.0000000000  1.0000000000  
0.0000000000  0.0000000000  0.0000000000  0.0000000000  1.0000000000  
0.0000000000  0.0000000000  0.0000000000  0.0000000000  1.0000000000  
0.0000000000  0.0000000000  0.0000000000  0.0000000000  1.0000000000  
0.0000000000  0.0000000000  0.0000000000  0.0000000000  1.0000000000  
0.0000000000  0.0000000000  0.0000000000  0.0000000000  1.0000000000  
0.0000000000  0.0000000000  0.0000000000  0.0000000000  1.0000000000  
0.0000000000  0.0000000000  0.0000000000  0.0000000000  1.0000000000  
0.0000000000  0.0000000000  0.0000000000  0.0000000000  1.0000000000  
0.0000000000  0.0000000000  0.0000000000  0.0000000000  1.0000000000  
0.0000000000  0.0000000000  0.0000000000  0.0000000000  1.0000000000  
0.0000000000  0.0000000000  0.0000000000  0.0000000000  1.0000000000  
0.0000000000  0.0000000000  0.0000000000  0.0000000000  1.0000000000  
0.0000000000  0.0000000000  0.0000000000  0.0000000000  1.0000000000  
0.0000000000  0.0000000000  0.0000000000  0.0000000000  1.0000000000  
0.0000000000  0.0000000000  0.0000000000  0.0000000000  1.0000000000  
0.0000000000  0.0000000000  0.0000000000  0.0000000000  1.0000000000  
0.0000000000  0.0000000000  0.0000000000  0.0000000000  1.0000000000  
0.0000000000  0.0000000000  0.0000000000  0.0000000000  1.0000000000  
0.0000000000  0.0000000000  0.0000000000  0.0000000000  1.0000000000  
0.0000000000  0.0000000000  0.0000000000  0.0000000000  1.0000000000  
0.0000000000  0.0000000000  0.0000000000  0.0000000000  1.0000000000  
0.0000000000  0.0000000000  0.0000000000  0.0000000000  1.0000000000  
0.0000000000  0.0000000000  0.0000000000  0.0000000000  1.0000000000  
0.0000000000  0.0000000000  0.0000000000  0.0000000000  1.0000000000  
0.0000000000  0.0000000000  0.0000000000  0.0000000000  1.0000000000  
0.0000000000  0.0000000000  0.0000000000  0.0000000000  1.0000000000  
0.0000000000  0.0000000000  0.0000000000  0.0000000000  1.0000000000  
0.0000000000  0.0000000000  0.0000000000  0.0000000000  1.0000000000  
0.0000000000  0.0000000000  0.0000000000  0.0000000000  1.0000000000  
0.0000000000  0.0000000000  0.0000000000  0.0000000000  1.0000000000  
0.0000000000  0.0000000000  0.0000000000  0.0000000000  1.0000000000  
0.0000000000  0.0000000000  0.0000000000  0.0000000000  1.0000000000  
0.0000000000  0.0000000000  0.0000000000  0.0000000000  1.0000000000  
0.0000000000  0.0000000000  0.0000000000  0.0000000000  1.0000000000  
0.0000000000  0.0000000000  0.0000000000  0.0000000000  1.0000000000  
0.0000000000  0.0000000000  0.0000000000  0.0000000000  1.0000000000  
0.0000000000  0.0000000000  0.0000000000  0.0000000000  1.0000000000  
0.0000000000  0.0000000000  0.0000000000  0.0000000000  1.0000000000  
0.0000000000  0.0000000000  0.0000000000  0.0000000000  1.0000000000  
0.0000000000  0.0000000000  0.0000000000  0.0000000000  1.0000000000  
0.0000000000  0.0000000000  0.0000000000  0.0000000000  1.0000000000  
0.0000000000  0.0000000000  0.0000000000  0.0000000000  1.0000000000  
0.0000000000  0.0000000000  0.0000000000  0.0000000000  1.0000000000  
0.0000000000  0.0000000000  0.0000000000  0.0000000000  1.0000000000  
0.0000000000  0.0000000000  0.0000000000  0.0000000000  1.0000000000  
0.0000000000  0.0000000000  0.0000000000  0.0000000000  1.0000000000  
0.0000000000  0.0000000000  0.0000000000  0.0000000000  1.0000000000  
0.0000000000  0.0000000000  0.0000000000  0.0000000000  1.0000000000  
0.0000004799  0.0000000000  0.0000000000  0.0000000000  1.0000000000  
0.0000130918  0.0000000000  0.0000000000  0.0000000000  1.0000000000  
0.0000917382  0.0000000000  0.0000000000  0.0000000000  1.0000000000  
0.0003638933  0.0000000000  0.0000000000  0.0000000000  1.0000000000  
0.0010459344  0.0000000000  0.0000000000  0.0000000000  1.0000000000  
0.0024396071  0.0000000000  0.0000000000  0.0000000000  1.0000000000  
0.0049132597  0.0000000000  0.0000000000  0.0000000000  1.0000000000  
0.0088736905  0.0000000000  0.0000000000  0.0000000000  1.0000000000  
0.0147343844  0.0000000000  0.0000000000  0.0000000000  1.0000000000  
0.0228848134  0.0000000000  0.0000000000  0.0000000000  1.0000000000  
0.0336640468  0.0000000000  0.0000000000  0.0000000000  1.0000000000  
0.0473405367  0.0000000000  0.0000000000  0.0000000000  1.0000000000  
0.0640988044  0.0000000000  0.0000000000  0.0000000000  1.0000000000  
0.0840328956  0.0000000000  0.0000000000  0.0000000000  1.0000000000  
0.1071458986  0.0000000000  0.0000000000  0.0000000000  1.0000000000  
0.1333544899  0.0000000000  0.0000000000  0.0000000000  1.0000000000  
0.1624973267  0.0000000000  0.0000000000  0.0000000000  1.0000000000  
0.1943461083  0.0000000000  0.0000000000  0.0000000000  1.0000000000  
0.2286182143  0.0000000000  0.0000000000  0.0000000000  1.0000000000  
0.2649899772  0.0000000000  0.0000000000  0.0000000000  1.0000000000  
0.3031098172  0.0000000000  0.0000000000  0.0000000000  1.0000000000  
0.3426106463  0.0000000000  0.0000000000  0.0000000000  1.0000000000  
0.3831211163  0.0000000000  0.0000000000  0.0000000000  1.0000000000  
0.4242754378  0.0000000000  0.0000000000  0.0000000000  1.0000000000  
0.4657216242  0.0000000000  0.0000000000  0.0000000000  1.0000000000  
0.5071281197  0.0000000000  0.0000000000  0.0000000000  1.0000000000  
0.5481888518  0.0000000000  0.0000000000  0.0000000000  1.0000000000  
0.5886268070  0.0000000000  0.0000000000  0.0000000000  1.0000000000  
0.6281962707  0.0000000000  0.0000000000  0.0000000000  1.0000000000  
0.6666838935  0.0000000000  0.0000000000  0.0000000000  1.0000000000  
0.7039087604  0.0000000000  0.0000000000  0.0000000000  1.0000000000  
0.7397216393  0.0000000000  0.0000000000  0.0000000000  1.0000000000  
0.7740035785  0.0000000000  0.0000000000  0.0000000000  1.0000000000  
0.8066640117  0.0000000000  0.0000000000  0.0000000000  1.0000000000  
0.8376385128  0.0000000000  0.0000000000  0.0000000000  1.0000000000  
0.8668863279  0.0000000000  0.0000000000  0.0000000000  1.0000000000  
0.8943877898  0.0000000000  0.0000000000  0.0000000000  1.0000000000  
0.9201417067  0.0000000000  0.0000000000  0.0000000000  1.0000000000  
0.9441627973  0.0000000000  0.0000000000  0.0000000000  1.0000000000  
0.9664792286  0.0000000000  0.0000000000  0.0000000000  1.0000000000  
0.9871302999  0.0000000000  0.0000000000  0.0000000000  1.0000000000  
1.0061643023  0.0000000000  0.0000000000  0.0000000000  1.0000000000  
1.0236365730  0.0000000000  0.0000000000  0.0000000000  1.0000000000  
1.0396077548  0.0000000000  0.0000000000  0.0000000000  1.0000000000  
1.0541422628  0.0000000000  0.0000000000  0.0000000000  1.0000000000  
1.0673069544  0.0000000000  0.0000000000  0.0000000000  1.0000000000  
1.0791699954  0.0000000000  0.0000000000  0.0000000000  1.0000000000  
1.0897999089  0.0000000000  0.0000000000  0.0000000000  1.0000000000  
1.0992647944  0.0000000000  0.0000000000  0.0000000000  1.0000000000  
1.1076317001  0.0000000000  0.0000000000  0.0000000000  1.0000000000  
1.1149661326  0.0000000000  0.0000000000  0.0000000000  1.0000000000  
1.1213316870  0.0000000000  0.0000000000  0.0000000000  1.0000000000  
1.1267893012  0.0000000000  0.0000000000  0.0000000000  1.0000000000  
1.1313863866  0.0000000000  0.0000000000  0.0000000000  1.0000000000  
1.1351256453  0.0000000000  0.0000000000  0.0000000000  1.0000000000  
1.1379337060  0.0000000000  0.0000000000  0.0000000000  1.0000000000  
1.1396457960  0.0000000000  0.0000000000  0.0000000000  1.0000000000  
1.1400093172  0.0000000000  0.0000000000  0.0000000000  1.0000000000  
1.1387026796  0.0000000000  0.0000000000  0.0000000000  1.0000000000  
1.1353635409  0.0000000000  0.0000000000  0.0000000000  1.0000000000  
1.1296206692  0.0000000000  0.0000000000  0.0000000000  1.0000000000  
1.1211247471  0.0000000000  0.0000000000  0.0000000000  1.0000000000  
1.1095748692  0.0000000000  0.0000000000  0.0000000000  1.0000000000  
1.0947388611  0.0000000000  0.0000000000  0.0000000000  1.0000000000  
1.0764666928  0.0000000000  0.0000000000  0.0000000000  1.0000000000  
1.0546971178  0.0000000000  0.0000000000  0.0000000000  1.0000000000  
1.0294582399  0.0000000000  0.0000000000  0.0000000000  1.0000000000  
1.0008630453  0.0000000000  0.0000000000  0.0000000000  1.0000000000  
0.9691010785  0.0000000000  0.0000000000  0.0000000000  1.0000000000  
0.9344274405  0.0000000000  0.0000000000  0.0000000000  1.0000000000  
0.8971502031  0.0000000000  0.0000000000  0.0000000000  1.0000000000  
0.8576171807  0.0000000000  0.0000000000  0.0000000000  1.0000000000  
0.8162028338  0.0000000000  0.0000000000  0.0000000000  1.0000000000  
0.7732958975  0.0000000000  0.0000000000  0.0000000000  1.0000000000  
0.7292881620  0.0000000000  0.0000000000  0.0000000000  1.0000000000  
0.6845646780  0.0000000000  0.0000000000  0.0000000000  1.0000000000  
0.6394955351  0.0000000000  0.0000000000  0.0000000000  1.0000000000  
0.5944292543  0.0000000000  0.0000000000  0.0000000000  1.0000000000  
0.5496877553  0.0000000000  0.0000000000  0.0000000000  1.0000000000  
0.5055627997  0.0000000000  0.0000000000  0.0000000000  1.0000000000  
0.4623137723  0.0000000000  0.0000000000  0.0000000000  1.0000000000  
0.4201666354  0.0000000000  0.0000000000  0.0000000000  1.0000000000  
0.3793138819  0.0000000000  0.0000000000  0.0000000000  1.0000000000  
0.3399153118  0.0000000000  0.0000000000  0.0000000000  1.0000000000  
0.3020994608  0.0000000000  0.0000000000  0.0000000000  1.0000000000  
0.2659655236  0.0000000000  0.0000000000  0.0000000000  1.0000000000  
0.2315856298  0.0000000000  0.0000000000  0.0000000000  1.0000000000  
0.1990073449  0.0000000000  0.0000000000  0.0000000000  1.0000000000  
0.1682562900  0.0000000000  0.0000000000  0.0000000000  1.0000000000  
0.1393387896  0.0000000000  0.0000000000  0.0000000000  1.0000000000  
0.1122444752  0.0000000000  0.0000000000  0.0000000000  1.0000000000  
0.0869487865  0.0000000000  0.0000000000  0.0000000000  1.0000000000  
0.0634153285  0.0000000000  0.0000000000  0.0000000000  1.0000000000  
0.0415980533  0.0000000000  0.0000000000  0.0000000000  1.0000000000  
0.0214432479  0.0000000000  0.0000000000  0.0000000000  1.0000000000  
0.0028913174  0.0000000000  0.0000000000  0.0000000000  1.0000000000  
-0.0141216392  0.0000000000  0.0000000000  0.0000000000  1.0000000000  
-0.0296624572  0.0000000000  0.0000000000  0.0000000000  1.0000000000  
-0.0437997301  0.0000000000  0.0000000000  0.0000000000  1.0000000000  
-0.0566028176  0.0000000000  0.0000000000  0.0000000000  1.0000000000  
-0.0681410252  0.0000000000  0.0000000000  0.0000000000  1.0000000000  
-0.0784829372  0.0000004799  0.0000000000  0.0000000000  1.0000000000  
-0.0876958889  0.0000130918  0.0000004799  0.0000000000  1.0000000000  
-0.0958455613  0.0000917382  0.0000130918  0.0000004799  1.0000000000  
-0.1029956804  0.0003638933  0.0000917382  0.0000130918  1.0000000000  
-0.1092078077  0.0010459344  0.0003638933  0.0000917382  1.0000000000  
-0.1145412055  0.0024396071  0.0010459344  0.0003638933  1.0000000000  
-0.1190527641  0.0049132597  0.0024396071  0.0010459344  1.0000000000  
-0.1227969791  0.0088736905  0.0049132597  0.0024396071  1.0000000000  
-0.1258259672  0.0147343844  0.0088736905  0.0049132597  1.0000000000  
-0.1281895109  0.0228848134  0.0147343844  0.0088736905  1.0000000000  
-0.1299351244  0.0336640468  0.0228848134  0.0147343844  1.0000000000  
-0.1311081331  0.0473405367  0.0336640468  0.0228848134  1.0000000000  
-0.1317517617  0.0640988044  0.0473405367  0.0336640468  1.0000000000  
-0.1319072248  0.0840328956  0.0640988044  0.0473405367  1.0000000000  
-0.1316138183  0.1071458986  0.0840328956  0.0640988044  1.0000000000  
-0.1309090065  0.1333544899  0.1071458986  0.0840328956  1.0000000000  
-0.1298285057  0.1624973267  0.1333544899  0.1071458986  1.0000000000  
-0.1284063598  0.1943461083  0.1624973267  0.1333544899  1.0000000000  
-0.1266750099  0.2286182143  0.1943461083  0.1624973267  1.0000000000  
-0.1246653559  0.2649899772  0.2286182143  0.1943461083  1.0000000000  
-0.1224068110  0.3031098172  0.2649899772  0.2286182143  1.0000000000  
-0.1199273497  0.3426106463  0.3031098172  0.2649899772  1.0000000000  
-0.1172535486  0.3831211163  0.3426106463  0.3031098172  1.0000000000  
-0.1144106225  0.4242754378  0.3831211163  0.3426106463  1.0000000000  
-0.1114224554  0.4657216242  0.4242754378  0.3831211163  1.0000000000  
-0.1083116279  0.5071281197  0.4657216242  0.4242754378  1.0000000000  
-0.1050994422  0.5481888518  0.5071281197  0.4657216242  1.0000000000  
-0.1018059440  0.5886268070  0.5481888518  0.5071281197  1.0000000000  
-0.0984499449  0.6281962707  0.5886268070  0.5481888518  1.0000000000  
-0.0950490427  0.6666838935  0.6281962707  0.5886268070  1.0000000000  
-0.0916196434  0.7039087604  0.6666838935  0.6281962707  1.0000000000  
-0.0881769835  0.7397216393  0.7039087604  0.6666838935  1.0000000000  
-0.0847351535  0.7740035785  0.7397216393  0.7039087604  1.0000000000  
-0.0813071232  0.8066640117  0.7740035785  0.7397216393  1.0000000000  
-0.0779047690  0.8376385128  0.8066640117  0.7740035785  1.0000000000  
-0.0745389038  0.8668863279  0.8376385128  0.8066640117  1.0000000000  
-0.0712193077  0.8943877898  0.8668863279  0.8376385128  1.0000000000  
-0.0679547628  0.9201417067  0.8943877898  0.8668863279  1.0000000000  
-0.0647530884  0.9441627973  0.9201417067  0.8943877898  1.0000000000  
-0.0616211796  0.9664792286  0.9441627973  0.9201417067  1.0000000000  
-0.0585650464  0.9871302999  0.9664792286  0.9441627973  1.0000000000  
-0.0555898560  1.0061643023  0.9871302999  0.9664792286  1.0000000000  
-0.0526999747  1.0236365730  1.0061643023  0.9871302999  1.0000000000  
-0.0498990121  1.0396077548  1.0236365730  1.0061643023  1.0000000000  
-0.0471898660  1.0541422628  1.0396077548  1.0236365730  1.0000000000  
-0.0445747672  1.0673069544  1.0541422628  1.0396077548  1.0000000000  
-0.0420553248  1.0791699954  1.0673069544  1.0541422628  1.0000000000  
-0.0396325718  1.0897999089  1.0791699954  1.0673069544  1.0000000000  
-0.0373070098  1.0992647944  1.0897999089  1.0791699954  1.0000000000  
-0.0350786531  1.1076317001  1.0992647944  1.0897999089  1.0000000000  
-0.0329465924  1.1149661326  1.1076317001  1.0992647944  1.0000000000  
-0.0308983453  1.1213316870  1.1149661326  1.1076317001  1.0000000000  
-0.0288788178  1.1267893012  1.1213316870  1.1149661326  1.0000000000  
-0.0267590241  1.1313863866  1.1267897812  1.1213316870  1.0000000000  
-0.0243207922  1.1351256453  1.1313994784  1.1267897812  1.0000000000  
-0.0212603352  1.1379337060  1.1352173835  1.1313994784  1.0000000000  
-0.0172070509  1.1396457960  1.1382975993  1.1352173835  1.0000000000  
-0.0117517078  1.1400093172  1.1406917304  1.1382975993  1.0000000000  
-0.0044782382  1.1387026796  1.1424489243  1.1406917304  1.0000000000  
0.0050055340  1.1353635409  1.1436159393  1.1424489243  1.0000000000  
0.0170414762  1.1296206692  1.1442372314  1.1436159393  1.0000000000  
0.0319144947  1.1211247471  1.1443550535  1.1442372314  1.0000000000  
0.0497970838  1.1095748692  1.1440095605  1.1443550535  1.0000000000  
0.0707863616  1.0947388611  1.1432389160  1.1440095605  1.0000000000  
0.0948884863  1.0764666928  1.1420793978  1.1432389160  1.0000000000  
0.1220231852  1.0546971178  1.1405654972  1.1420793978  1.0000000000  
0.1520321336  1.0294582399  1.1387300134  1.1405654972  1.0000000000  
0.1846900040  1.0008630453  1.1366041385  1.1387300134  1.0000000000  
0.2197170931  0.9691010785  1.1342175352  1.1366041385  1.0000000000  
0.2567925850  0.9344274405  1.1315984052  1.1342175352  1.0000000000  
0.2955676783  0.8971502031  1.1287735488  1.1315984052  1.0000000000  
0.3356779834  0.8576171807  1.1257684174  1.1287735488  1.0000000000  
0.3767547649  0.8162028338  1.1226071579  1.1257684174  1.0000000000  
0.4184347566  0.7732958975  1.1193126510  1.1226071579  1.0000000000  
0.4603684014  0.7292881620  1.1159065438  1.1193126510  1.0000000000  
0.5022264777  0.6845646780  1.1124092783  1.1159065438  1.0000000000  
0.5437051497  0.6394955351  1.1088401158  1.1124092783  1.0000000000  
0.5845295430  0.5944292543  1.1052171593  1.1088401158  1.0000000000  
0.6244559835  0.5496877553  1.1015573741  1.1052171593  1.0000000000  
0.6632730646  0.5055627997  1.0978766070  1.1015573741  1.0000000000  
0.7008017176  0.4623137723  1.0941896067  1.0978766070  1.0000000000  
0.7368944614  0.4201666354  1.0905100430  1.0941896067  1.0000000000  
0.7714340017  0.3793138819  1.0868505289  1.0905100430  1.0000000000  
0.8043313386  0.3399153118  1.0832226423  1.0868505289  1.0000000000  
0.8355235239  0.3020994608  1.0796369511  1.0832226423  1.0000000000  
0.8649711952  0.2659655236  1.0761030393  1.0796369511  1.0000000000  
0.8926559941  0.2315856298  1.0726295353  1.0761030393  1.0000000000  
0.9185779576  0.1990073449  1.0692241426  1.0726295353  1.0000000000  
0.9427529561  0.1682562900  1.0658936728  1.0692241426  1.0000000000  
0.9652102352  0.1393387896  1.0626440797  1.0658936728  1.0000000000  
0.9859901020  0.1122444752  1.0594804962  1.0626440797  1.0000000000  
1.0051417886  0.0869487865  1.0564072725  1.0594804962  1.0000000000  
1.0227215096  0.0634153285  1.0534280151  1.0564072725  1.0000000000  
1.0387907248  0.0415980533  1.0505456285  1.0534280151  1.0000000000  
1.0534146087  0.0214432479  1.0477623556  1.0505456285  1.0000000000  
1.0666607244  0.0028913174  1.0450798209  1.0477623556  1.0000000000  
1.0785978922  -0.0141216392  1.0424990722  1.0450798209  1.0000000000  
1.0892952416  -0.0296624572  1.0400201436  1.0424990722  1.0000000000  
1.0988214334  -0.0437997301  1.0376314054  1.0400201436  1.0000000000  
1.1072440348  -0.0566028176  1.0352785271  1.0376314054  1.0000000000  
1.1146290316  -0.0681410252  1.0328331979  1.0352785271  1.0000000000  
1.1210404612  -0.0784829372  1.0300778347  1.0328331979  1.0000000000  
1.1265396688  -0.0876958889  1.0267091558  1.0300778347  1.0000000000  
1.1311744409  -0.0958455613  1.0223569840  1.0267091558  1.0000000000  
1.1349478249  -0.1029956804  1.0166124352  1.0223569840  1.0000000000  
1.1377867662  -0.1092078077  1.0090597164  1.0166124352  1.0000000000  
1.1395267833  -0.1145412055  0.9993068572  1.0090597164  1.0000000000  
1.1399155451  -0.1190527641  0.9870121312  0.9993068572  1.0000000000  
1.1386317060  -0.1227969791  0.9719042985  0.9870121312  1.0000000000  
1.1353131476  -0.1258259672  0.9537959469  0.9719042985  1.0000000000  
1.1295888429  -0.1281895109  0.9325900615  0.9537959469  1.0000000000  
1.1211096616  -0.1299351244  0.9082805297  0.9325900615  1.0000000000  
1.1095748692  -0.1311081331  0.8809476171  0.9082805297  1.0000000000  
1.0947388611  -0.1317517617  0.8507495937  0.8809476171  1.0000000000  
1.0764666928  -0.1319072248  0.8179116905  0.8507495937  1.0000000000  
1.0546971178  -0.1316138183  0.7827134769  0.8179116905  1.0000000000  
1.0294582399  -0.1309090065  0.7454756023  0.7827134769  1.0000000000  
1.0008630453  -0.1298285057  0.7065466735  0.7454756023  1.0000000000  
0.9691010785  -0.1284063598  0.6662908613  0.7065466735  1.0000000000  
0.9344274405  -0.1266750099  0.6250766624  0.6662908613  1.0000000000  
0.8971502031  -0.1246653559  0.5832670875  0.6250766624  1.0000000000  
0.8576171807  -0.1224068110  0.5412114251  0.5832670875  1.0000000000  
0.8162028338  -0.1199273497  0.4992386180  0.5412114251  1.0000000000  
0.7732958975  -0.1172535486  0.4576522159  0.4992386180  1.0000000000  
0.7292881620  -0.1144106225  0.4167268023  0.4576522159  1.0000000000  
0.6845646780  -0.1114224554  0.3767057578  0.4167268023  1.0000000000  
0.6394955351  -0.1083116279  0.3378001950  0.3767057578  1.0000000000  
0.5944292543  -0.1050994422  0.3001888900  0.3378001950  1.0000000000  
0.5496877553  -0.1018059440  0.2640190343  0.3001888900  1.0000000000  
0.5055627997  -0.0984499449  0.2294076368  0.2640190343  1.0000000000  
0.4623137723  -0.0950490427  0.1964434175  0.2294076368  1.0000000000  
0.4201666354  -0.0916196434  0.1651890515  0.1964434175  1.0000000000  
0.3793138819  -0.0881769835  0.1356836353  0.1651890515  1.0000000000  
0.3399153118  -0.0847351535  0.1079452697  0.1356836353  1.0000000000  
0.3020994608  -0.0813071232  0.0819736687  0.1079452697  1.0000000000  
0.2659655236  -0.0779047690  0.0577527219  0.0819736687  1.0000000000  
0.2315856298  -0.0745389038  0.0352529535  0.0577527219  1.0000000000  
0.1990073449  -0.0712193077  0.0144338356  0.0352529535  1.0000000000  
0.1682562900  -0.0679547628  -0.0047540747  0.0144338356  1.0000000000  
0.1393387896  -0.0647530884  -0.0223671931  -0.0047540747  1.0000000000  
0.1122444752  -0.0616211796  -0.0384671704  -0.0223671931  1.0000000000  
0.0869487865  -0.0585650464  -0.0531193626  -0.0384671704  1.0000000000  
0.0634153285  -0.0555898560  -0.0663915046  -0.0531193626  1.0000000000  
0.0415980533  -0.0526999747  -0.0783525789  -0.0663915046  1.0000000000  
0.0214432479  -0.0498990121  -0.0890718684  -0.0783525789  1.0000000000  
0.0028913174  -0.0471898660  -0.0986181780  -0.0890718684  1.0000000000  
-0.0141216392  -0.0445747672  -0.1070592105  -0.0986181780  1.0000000000  
-0.0296624572  -0.0420553248  -0.1144610788  -0.1070592105  1.0000000000  
-0.0437997301  -0.0396325718  -0.1208879395  -0.1144610788  1.0000000000  
-0.0566028176  -0.0373070098  -0.1264017294  -0.1208879395  1.0000000000  
-0.0681410252  -0.0350786531  -0.1310619910  -0.1264017294  1.0000000000  
-0.0784829372  -0.0329465924  -0.1349257713  -0.1310619910  1.0000000000  
-0.0876958889  -0.0308983453  -0.1380475804  -0.1349257713  1.0000000000  
-0.0958455613  -0.0288788178  -0.1404793983  -0.1380475804  1.0000000000  
-0.1029956804  -0.0267590241  -0.1422707174  -0.1404793983  1.0000000000  
-0.1092078077  -0.0243207922  -0.1434681331  -0.1422707174  1.0000000000  
-0.1145412055  -0.0212603352  -0.1441047406  -0.1434686131  1.0000000000  
-0.1190527641  -0.0172070509  -0.1441691568  -0.1441173524  1.0000000000  
-0.1227969791  -0.0117517078  -0.1435743071  -0.1442478032  1.0000000000  
-0.1258259672  -0.0044782382  -0.1421422019  -0.1438464622  1.0000000000  
-0.1281895109  0.0050055340  -0.1396075781  -0.1428242431  1.0000000000  
-0.1299351244  0.0170414762  -0.1356367657  -0.1410012507  1.0000000000  
-0.1311081331  0.0319144947  -0.1298559364  -0.1381104183  1.0000000000  
-0.1317517617  0.0497970838  -0.1218693677  -0.1338163673  1.0000000000  
-0.1319072248  0.0707863616  -0.1113323354  -0.1277300615  1.0000000000  
-0.1316138183  0.0948884863  -0.0979339719  -0.1194827644  1.0000000000  
-0.1309090065  0.1220231852  -0.0814326257  -0.1087132053  1.0000000000  
-0.1298285057  0.1520321336  -0.0616692266  -0.0951091155  1.0000000000  
-0.1284063598  0.1846900040  -0.0385738759  -0.0784274943  1.0000000000  
-0.1266750099  0.2197170931  -0.0121663659  -0.0585079671  1.0000000000  
-0.1246653559  0.2567925850  0.0174483325  -0.0352793690  1.0000000000  
-0.1224068110  0.2955676783  0.0500884348  -0.0087602588  1.0000000000  
-0.1199273497  0.3356779834  0.0855063789  0.0209455980  1.0000000000  
-0.1172535486  0.3767547649  0.1234014414  0.0536575973  1.0000000000  
-0.1144106225  0.4184347566  0.1634329896  0.0891293354  1.0000000000  
-0.1114224554  0.4603684014  0.2052335967  0.1270612266  1.0000000000  
-0.1083116279  0.5022264777  0.2484214261  0.1671137566  1.0000000000  
-0.1050994422  0.5437051497  0.2926114597  0.2089205970  1.0000000000  
-0.1018059440  0.5845295430  0.3374252954  0.2521009897  1.0000000000  
-0.0984499449  0.6244559835  0.3824993684  0.2962709738  1.0000000000  
-0.0950490427  0.6632730646  0.4274915550  0.3410531819  1.0000000000  
-0.0916196434  0.7008017176  0.4720861989  0.3860850595  1.0000000000  
-0.0881769835  0.7368944614  0.5159976581  0.4310254669  1.0000000000  
-0.0847351535  0.7714340017  0.5589725145  0.4755597029  1.0000000000  
-0.0813071232  0.8043313386  0.6007906071  0.5194030508  1.0000000000  
-0.0779047690  0.8355235239  0.6412650671  0.5623029843  1.0000000000  
-0.0745389038  0.8649711952  0.6802415295  0.6040402002  1.0000000000  
-0.0712193077  0.8926559941  0.7175966925  0.6444286506  1.0000000000  
-0.0679547628  0.9185779576  0.7532363829  0.6833147533  1.0000000000  
-0.0647530884  0.9427529561  0.7870932708  0.7205759498  1.0000000000  
-0.0616211796  0.9652102352  0.8191243587  0.7561187696  1.0000000000  
-0.0585650464  0.9859901020  0.8493083553  0.7898765436  1.0000000000  
-0.0555898560  1.0051417886  0.8776430209  0.8218068934  1.0000000000  
-0.0526999747  1.0227215096  0.9041425601  0.8518891040  1.0000000000  
-0.0498990121  1.0387907248  0.9288351179  0.8801214695  1.0000000000  
-0.0471898660  1.0534146087  0.9517604211  0.9065186865  1.0000000000  
-0.0445747672  1.0666607244  0.9729675975  0.9311093497  1.0000000000  
-0.0420553248  1.0785978922  0.9925131903  0.9539335951  1.0000000000  
-0.0396325718  1.0892952416  1.0104593783  0.9750409196  1.0000000000  
-0.0373070098  1.0988214334  1.0268724055  0.9944881965  1.0000000000  
-0.0350786531  1.1072440348  1.0418212151  1.0123378976  1.0000000000  
-0.0329470724  1.1146290316  1.0553762810  1.0286565235  1.0000000000  
-0.0309114370  1.1210404612  1.0676086246  1.0435132401  1.0000000000  
-0.0289705560  1.1265396688  1.0785890028  1.0569787111  1.0000000000  
-0.0271224375  1.1311744409  1.0883872513  1.0691241173  1.0000000000  
-0.0253536348  1.1349478249  1.0970717677  1.0800203456  1.0000000000  
-0.0236082040  1.1377867662  1.1047091163  1.0897373352  1.0000000000  
-0.0217564173  1.1395267833  1.1113637392  1.0983435619  1.0000000000  
-0.0195794639  1.1399155451  1.1170977578  1.1059056450  1.0000000000  
-0.0167730155  1.1386317060  1.1219708496  1.1124880606  1.0000000000  
-0.0129660197  1.1353131476  1.1260401870  1.1181529444  1.0000000000  
-0.0077488801  1.1295888429  1.1293604256  1.1229599712  1.0000000000  
-0.0006916576  1.1211096616  1.1319837312  1.1269662945  1.0000000000  
0.0085830928  1.1095748692  1.1339598350  1.1302265373  1.0000000000  
0.0204175129  1.0947388611  1.1353361102  1.1327928200  1.0000000000  
0.0350831244  1.0764666928  1.1361576613  1.1347148181  1.0000000000  
0.0527674996  1.0546971178  1.1364674216  1.1360398392  1.0000000000  
0.0735677025  1.0294582399  1.1363062531  1.1368129146  1.0000000000  
0.0974897944  1.0008630453  1.1357130465  1.1370768976  1.0000000000  
0.1244533687  0.9691010785  1.1347248160  1.1368725647  1.0000000000  
0.1542999345  0.9344274405  1.1333767905  1.1362387166  1.0000000000  
0.1868039694  0.8971502031  1.1317024964  1.1352122744  1.0000000000  
0.2216855514  0.8576171807  1.1297338332  1.1338283713  1.0000000000  
0.2586236259  0.8162028338  1.1275011412  1.1321204365  1.0000000000  
0.2972691360  0.7732958975  1.1250332616  1.1301202713  1.0000000000  
0.3372574235  0.7292881620  1.1223575885  1.1278581180  1.0000000000  
0.3782194742  0.6845646780  1.1195001152  1.1253627199  1.0000000000  
0.4197917358  0.6394955351  1.1164854731  1.1226613747  1.0000000000  
0.4616243603  0.5944292543  1.1133369670  1.1197799800  1.0000000000  
0.5033878325  0.5496877553  1.1100766053  1.1167430742  1.0000000000  
0.5447780229  0.5055627997  1.1067251269  1.1135738708  1.0000000000  
0.5855197642  0.4623137723  1.1033020266  1.1102942894  1.0000000000  
0.6253690928  0.4201666354  1.0998255784  1.1069249831  1.0000000000  
0.6641143167  0.3793138819  1.0963128579  1.1034853637  1.0000000000  
0.7015760873  0.3399153118  1.0927797655  1.0999936250  1.0000000000  
0.7376066504  0.3020994608  1.0892410496  1.0964667659  1.0000000000  
0.7720884458  0.2659655236  1.0857103309  1.0929206132  1.0000000000  
0.8049322160  0.2315856298  1.0822001285  1.0893698450  1.0000000000  
0.8360747637  0.1990073449  1.0787218877  1.0858280151  1.0000000000  
0.8654764868  0.1682562900  1.0752860093  1.0823075789  1.0000000000  
0.8931187963  0.1393387896  1.0719018812  1.0788199211  1.0000000000  
0.9190015087  0.1122444752  1.0685779127  1.0753753852  1.0000000000  
0.9431402835  0.0869487865  1.0653215696  1.0719833053  1.0000000000  
0.9655641652  0.0634153285  1.0621394124  1.0686520395  1.0000000000  
0.9863132699  0.0415980533  1.0590371353  1.0653890055  1.0000000000  
1.0054366483  0.0214432479  1.0560196072  1.0622007187  1.0000000000  
1.0229903431  0.0028913174  1.0530909142  1.0590928310  1.0000000000  
1.0390356516  -0.0141216392  1.0502544027  1.0560701715  1.0000000000  
1.0536375955  -0.0296624572  1.0475127232  1.0531367893  1.0000000000  
1.0668635934  -0.0437997301  1.0448678753  1.0502959960  1.0000000000  
1.0787823301  -0.0566028176  1.0423212518  1.0475504100  1.0000000000  
1.0894628079  -0.0681410252  1.0398732038  1.0449020005  1.0000000000  
1.0989735686  -0.0784829372  1.0375123927  1.0423521324  1.0000000000  
1.1073820676  -0.0876958889  1.0351847550  1.0399011310  1.0000000000  
1.1147541869  -0.0958455613  1.0327622243  1.0375376333  1.0000000000  
1.1211538665  -0.1029956804  1.0300274415  1.0352075535  1.0000000000  
1.1266423614  -0.1092078077  1.0266773296  1.0327828047  1.0000000000  
1.1312673739  -0.1145412055  1.0223418985  1.0300460085  1.0000000000  
1.1350318732  -0.1190527641  1.0166124352  1.0266940704  1.0000000000  
1.1378627324  -0.1227969791  1.0090597164  1.0223569840  1.0000000000  
1.1395954027  -0.1258259672  0.9993068572  1.0166124352  1.0000000000  
1.1399774910  -0.1281895109  0.9870121312  1.0090597164  1.0000000000  
1.1386875942  -0.1299351244  0.9719042985  0.9993068572  1.0000000000  
1.1353635409  -0.1311081331  0.9537959469  0.9870121312  1.0000000000  
1.1296206692  -0.1317517617  0.9325900615  0.9719042985  1.0000000000  
1.1211247471  -0.1319072248  0.9082805297  0.9537959469  1.0000000000  
1.1095748692  -0.1316138183  0.8809476171  0.9325900615  1.0000000000  
1.0947388611  -0.1309090065  0.8507495937  0.9082805297  1.0000000000  
1.0764666928  -0.1298285057  0.8179116905  0.8809476171  1.0000000000  
1.0546971178  -0.1284063598  0.7827134769  0.8507495937  1.0000000000  
1.0294582399  -0.1266750099  0.7454756023  0.8179116905  1.0000000000  
1.0008630453  -0.1246653559  0.7065466735  0.7827134769  1.0000000000  
0.9691010785  -0.1224068110  0.6662908613  0.7454756023  1.0000000000  
0.9344274405  -0.1199273497  0.6250766624  0.7065466735  1.0000000000  
0.8971502031  -0.1172535486  0.5832670875  0.6662908613  1.0000000000  
0.8576171807  -0.1144106225  0.5412114251  0.6250766624  1.0000000000  
0.8162028338  -0.1114224554  0.4992386180  0.5832670875  1.0000000000  
0.7732958975  -0.1083116279  0.4576522159  0.5412114251  1.0000000000  
0.7292881620  -0.1050994422  0.4167268023  0.4992386180  1.0000000000  
0.6845646780  -0.1018059440  0.3767057578  0.4576522159  1.0000000000  
0.6394955351  -0.0984499449  0.3378001950  0.4167268023  1.0000000000  
0.5944292543  -0.0950490427  0.3001888900  0.3767057578  1.0000000000  
0.5496877553  -0.0916196434  0.2640190343  0.3378001950  1.0000000000  
0.5055627997  -0.0881769835  0.2294076368  0.3001888900  1.0000000000  
0.4623137723  -0.0847351535  0.1964434175  0.2640190343  1.0000000000  
0.4201666354  -0.0813071232  0.1651890515  0.2294076368  1.0000000000  
0.3793138819  -0.0779047690  0.1356836353  0.1964434175  1.0000000000  
0.3399153118  -0.0745389038  0.1079452697  0.1651890515  1.0000000000  
0.3020994608  -0.0712193077  0.0819736687  0.1356836353  1.0000000000  
0.2659655236  -0.0679547628  0.0577527219  0.1079452697  1.0000000000  
0.2315856298  -0.0647530884  0.0352529535  0.0819736687  1.0000000000  
0.1990073449  -0.0616211796  0.0144338356  0.0577527219  1.0000000000  
0.1682562900  -0.0585650464  -0.0047540747  0.0352529535  1.0000000000  
0.1393387896  -0.0555898560  -0.0223671931  0.0144338356  1.0000000000  
0.1122444752  -0.0526999747  -0.0384671704  -0.0047540747  1.0000000000  
0.0869487865  -0.0498990121  -0.0531193626  -0.0223671931  1.0000000000  
0.0634153285  -0.0471898660  -0.0663915046  -0.0384671704  1.0000000000  
0.0415980533  -0.0445747672  -0.0783525789  -0.0531193626  1.0000000000  
0.0214432479  -0.0420553248  -0.0890718684  -0.0663915046  1.0000000000  
0.0028913174  -0.0396325718  -0.0986181780  -0.0783525789  1.0000000000  
-0.0141216392  -0.0373070098  -0.1070592105  -0.0890718684  1.0000000000  
-0.0296624572  -0.0350786531  -0.1144610788  -0.0986181780  1.0000000000  
-0.0437997301  -0.0329470724  -0.1208879395  -0.1070592105  1.0000000000  
-0.0566028176  -0.0309114370  -0.1264017294  -0.1144610788  1.0000000000  
-0.0681410252  -0.0289705560  -0.1310619910  -0.1208879395  1.0000000000  
-0.0784829372  -0.0271229174  -0.1349257713  -0.1264017294  1.0000000000  
-0.0876958889  -0.0253662467  -0.1380475804  -0.1310619910  1.0000000000  
-0.0958455613  -0.0236868504  -0.1404793983  -0.1349257713  1.0000000000  
-0.1029956804  -0.0220285724  -0.1422707174  -0.1380475804  1.0000000000  
-0.1092078077  -0.0202615050  -0.1434681331  -0.1404793983  1.0000000000  
-0.1145412055  -0.0181666881  -0.1441047406  -0.1422707174  1.0000000000  
-0.1190527641  -0.0154396723  -0.1441691568  -0.1434681331  1.0000000000  
-0.1227969791  -0.0117093110  -0.1435743071  -0.1441047406  1.0000000000  
-0.1258259672  -0.0065523514  -0.1421422019  -0.1441691568  1.0000000000  
-0.1281895109  0.0004326638  -0.1396075781  -0.1435743071  1.0000000000  
-0.1299351244  0.0096382795  -0.1356367657  -0.1421422019  1.0000000000  
-0.1311081331  0.0214066345  -0.1298559364  -0.1396075781  1.0000000000  
-0.1317517617  0.0360092319  -0.1218693677  -0.1356367657  1.0000000000  
-0.1319072248  0.0536336113  -0.1113323354  -0.1298559364  1.0000000000  
-0.1316138183  0.0743767913  -0.0979339719  -0.1218693677  1.0000000000  
-0.1309090065  0.0982447774  -0.0814326257  -0.1113323354  1.0000000000  
-0.1298285057  0.1251570977  -0.0616692266  -0.0979339719  1.0000000000  
-0.1284063598  0.1549551878  -0.0385738759  -0.0814326257  1.0000000000  
-0.1266750099  0.1874134454  -0.0121663659  -0.0616692266  1.0000000000  
-0.1246653559  0.2222518629  0.0174483325  -0.0385738759  1.0000000000  
-0.1224068110  0.2591492960  0.0500884348  -0.0121663659  1.0000000000  
-0.1199273497  0.2977565944  0.0855063789  0.0174483325  1.0000000000  
-0.1172535486  0.3377090042  0.1234014414  0.0500884348  1.0000000000  
-0.1144106225  0.3786374142  0.1634329896  0.0855063789  1.0000000000  
-0.1114224554  0.4201781738  0.2052335967  0.1234014414  1.0000000000  
-0.1083116279  0.4619813370  0.2484214261  0.1634329896  1.0000000000  
-0.1050994422  0.5037172909  0.2926114597  0.2052335967  1.0000000000  
-0.1018059440  0.5450818090  0.3374252954  0.2484214261  1.0000000000  
-0.0984499449  0.5857996291  0.3824993684  0.2926114597  1.0000000000  
-0.0950490427  0.6256266939  0.4274915550  0.3374252954  1.0000000000  
-0.0916196434  0.6643512205  0.4720861989  0.3824993684  1.0000000000  
-0.0881769835  0.7017937715  0.5159976581  0.4274915550  1.0000000000  
-0.0847351535  0.7378065066  0.5589725145  0.4720861989  1.0000000000  
-0.0813071232  0.7722717829  0.6007906071  0.5159976581  1.0000000000  
-0.0779047690  0.8051002625  0.6412650671  0.5589725145  1.0000000000  
-0.0745389038  0.8362286717  0.6802415295  0.6007906071  1.0000000000  
-0.0712193077  0.8656173345  0.7175966925  0.6412650671  1.0000000000  
-0.0679547628  0.8932475918  0.7532363829  0.6802415295  1.0000000000  
-0.0647530884  0.9191191929  0.7870932708  0.7175966925  1.0000000000  
-0.0616211796  0.9432477339  0.8191243587  0.7532363829  1.0000000000  
-0.0585650464  0.9656621986  0.8493083553  0.7870932708  1.0000000000  
-0.0555898560  0.9864026459  0.8776430209  0.8191243587  1.0000000000  
-0.0526999747  1.0055180724  0.9041425601  0.8493083553  1.0000000000  
-0.0498990121  1.0230644698  0.9288351179  0.8776430209  1.0000000000  
-0.0471898660  1.0391030875  0.9517604211  0.9041425601  1.0000000000  
-0.0445747672  1.0536989018  0.9729675975  0.9288351179  1.0000000000  
-0.0420553248  1.0669192891  0.9925131903  0.9517604211  1.0000000000  
-0.0396325718  1.0788328944  1.0104593783  0.9729675975  1.0000000000  
-0.0373070098  1.0895086831  1.0268724055  0.9925131903  1.0000000000  
-0.0350786531  1.0990151619  1.0418212151  1.0104593783  1.0000000000  
-0.0329470724  1.1074197544  1.0553762810  1.0268724055  1.0000000000  
-0.0309114370  1.1147883121  1.0676086246  1.0418212151  1.0000000000  
-0.0289705560  1.1211847472  1.0785890028  1.0553762810  1.0000000000  
-0.0271224375  1.1266702886  1.0883872513  1.0676086246  1.0000000000  
-0.0253536348  1.1312926145  1.0970717677  1.0785890028  1.0000000000  
-0.0236082040  1.1350546717  1.1047091163  1.0883872513  1.0000000000  
-0.0217564173  1.1378833127  1.1113637392  1.0970717677  1.0000000000  
-0.0195794639  1.1396139697  1.1170977578  1.1047091163  1.0000000000  
-0.0167730155  1.1399942318  1.1219708496  1.1113637392  1.0000000000  
-0.0129660197  1.1387026796  1.1260401870  1.1170977578  1.0000000000  
-0.0077488801  1.1353635409  1.1293604256  1.1219708496  1.0000000000  
-0.0006916576  1.1296206692  1.1319837312  1.1260401870  1.0000000000  
0.0085830928  1.1211247471  1.1339598350  1.1293604256  1.0000000000  
0.0204175129  1.1095748692  1.1353361102  1.1319837312  1.0000000000  
0.0350831244  1.0947388611  1.1361576613  1.1339598350  1.0000000000  
0.0527674996  1.0764666928  1.1364674216  1.1353361102  1.0000000000  
0.0735677025  1.0546971178  1.1363062531  1.1361576613  1.0000000000  
0.0974897944  1.0294582399  1.1357130465  1.1364674216  1.0000000000  
0.1244533687  1.0008630453  1.1347248160  1.1363062531  1.0000000000  
0.1542999345  0.9691010785  1.1333767905  1.1357130465  1.0000000000  
0.1868039694  0.9344274405  1.1317024964  1.1347248160  1.0000000000  
0.2216855514  0.8971502031  1.1297338332  1.1333767905  1.0000000000  
0.2586236259  0.8576171807  1.1275011412  1.1317024964  1.0000000000  
0.2972691360  0.8162028338  1.1250332616  1.1297338332  1.0000000000  
0.3372574235  0.7732958975  1.1223575885  1.1275011412  1.0000000000  
0.3782194742  0.7292881620  1.1195001152  1.1250332616  1.0000000000  
0.4197917358  0.6845646780  1.1164854731  1.1223575885  1.0000000000  
0.4616243603  0.6394955351  1.1133369670  1.1195001152  1.0000000000  
0.5033878325  0.5944292543  1.1100766053  1.1164854731  1.0000000000  
0.5447780229  0.5496877553  1.1067251269  1.1133369670  1.0000000000  
0.5855197642  0.5055627997  1.1033020266  1.1100766053  1.0000000000  
0.6253690928  0.4623137723  1.0998255784  1.1067251269  1.0000000000  
0.6641143167  0.4201666354  1.0963128579  1.1033020266  1.0000000000  
0.7015760873  0.3793138819  1.0927797655  1.0998255784  1.0000000000  
0.7376066504  0.3399153118  1.0892410496  1.0963128579  1.0000000000  
0.7720884458  0.3020994608  1.0857103309  1.0927797655  1.0000000000  
0.8049322160  0.2659655236  1.0822001285  1.0892410496  1.0000000000  
0.8360747637  0.2315856298  1.0787218877  1.0857103309  1.0000000000  
0.8654764868  0.1990073449  1.0752860093  1.0822001285  1.0000000000  
0.8931187963  0.1682562900  1.0719018812  1.0787218877  1.0000000000  
0.9190015087  0.1393387896  1.0685779127  1.0752860093  1.0000000000  
0.9431402835  0.1122444752  1.0653215696  1.0719018812  1.0000000000  
0.9655641652  0.0869487865  1.0621394124  1.0685779127  1.0000000000  
0.9863132699  0.0634153285  1.0590371353  1.0653215696  1.0000000000  
1.0054366483  0.0415980533  1.0560196072  1.0621394124  1.0000000000  
1.0229903431  0.0214432479  1.0530909142  1.0590371353  1.0000000000  
1.0390356516  0.0028913174  1.0502544027  1.0560196072  1.0000000000  
1.0536375955  -0.0141216392  1.0475127232  1.0530909142  1.0000000000  
1.0668635934  -0.0296624572  1.0448678753  1.0502544027  1.0000000000  
1.0787823301  -0.0437997301  1.0423212518  1.0475127232  1.0000000000  
1.0894628079  -0.0566028176  1.0398732038  1.0448678753  1.0000000000  
1.0989735686  -0.0681410252  1.0375123927  1.0423212518  1.0000000000  
1.1073820676  -0.0784829372  1.0351847550  1.0398732038  1.0000000000  
1.1147541869  -0.0876958889  1.0327622243  1.0375123927  1.0000000000  
1.1211538665  -0.0958455613  1.0300274415  1.0351847550  1.0000000000  
1.1266423614  -0.1029956804  1.0266773296  1.0327622243  1.0000000000  
1.1312673739  -0.1092078077  1.0223418985  1.0300274415  1.0000000000  
1.1350318732  -0.1145412055  1.0166124352  1.0266773296  1.0000000000  
1.1378627324  -0.1190527641  1.0090597164  1.0223418985  1.0000000000  
1.1395954027  -0.1227969791  0.9993068572  1.0166124352  1.0000000000  
1.1399774910  -0.1258259672  0.9870121312  1.0090597164  1.0000000000  
1.1386875942  -0.1281895109  0.9719042985  0.9993068572  1.0000000000  
1.1353635409  -0.1299351244  0.9537959469  0.9870121312  1.0000000000  
1.1296206692  -0.1311081331  0.9325900615  0.9719042985  1.0000000000  
1.1211247471  -0.1317517617  0.9082805297  0.9537959469  1.0000000000  
1.1095748692  -0.1319072248  0.8809476171  0.9325900615  1.0000000000  
1.0947388611  -0.1316138183  0.8507495937  0.9082805297  1.0000000000  
1.0764666928  -0.1309090065  0.8179116905  0.8809476171  1.0000000000  
1.0546971178  -0.1298285057  0.7827134769  0.8507495937  1.0000000000  
1.0294582399  -0.1284063598  0.7454756023  0.8179116905  1.0000000000  
1.0008630453  -0.1266750099  0.7065466735  0.7827134769  1.0000000000  
0.9691010785  -0.1246653559  0.6662908613  0.7454756023  1.0000000000  
0.9344274405  -0.1224068110  0.6250766624  0.7065466735  1.0000000000  
0.8971502031  -0.1199273497  0.5832670875  0.6662908613  1.0000000000  
0.8576171807  -0.1172535486  0.5412114251  0.6250766624  1.0000000000  
0.8162028338  -0.1144106225  0.4992386180  0.5832670875  1.0000000000  
0.7732958975  -0.1114224554  0.4576522159  0.5412114251  1.0000000000  
0.7292881620  -0.1083116279  0.4167268023  0.4992386180  1.0000000000  
0.6845646780  -0.1050994422  0.3767057578  0.4576522159  1.0000000000  
0.6394955351  -0.1018059440  0.3378001950  0.4167268023  1.0000000000  
0.5944292543  -0.0984499449  0.3001888900  0.3767057578  1.0000000000  
0.5496877553  -0.0950490427  0.2640190343  0.3378001950  1.0000000000  
0.5055627997  -0.0916196434  0.2294076368  0.3001888900  1.0000000000  
0.4623137723  -0.0881769835  0.1964434175  0.2640190343  1.0000000000  
0.4201666354  -0.0847351535  0.1651890515  0.2294076368  1.0000000000  
0.3793138819  -0.0813071232  0.1356836353  0.1964434175  1.0000000000  
0.3399153118  -0.0779047690  0.1079452697  0.1651890515  1.0000000000  
0.3020994608  -0.0745389038  0.0819736687  0.1356836353  1.0000000000  
0.2659655236  -0.0712193077  0.0577527219  0.1079452697  1.0000000000  
0.2315856298  -0.0679547628  0.0352529535  0.0819736687  1.0000000000  
0.1990073449  -0.0647530884  0.0144338356  0.0577527219  1.0000000000  
0.1682562900  -0.0616211796  -0.0047540747  0.0352529535  1.0000000000  
0.1393387896  -0.0585650464  -0.0223671931  0.0144338356  1.0000000000  
0.1122444752  -0.0555898560  -0.0384671704  -0.0047540747  1.0000000000  
0.0869487865  -0.0526999747  -0.0531193626  -0.0223671931  1.0000000000  
0.0634153285  -0.0498990121  -0.0663915046  -0.0384671704  1.0000000000  
0.0415980533  -0.0471898660  -0.0783525789  -0.0531193626  1.0000000000  
0.0214432479  -0.0445747672  -0.0890718684  -0.0663915046  1.0000000000  
0.0028913174  -0.0420553248  -0.0986181780  -0.0783525789  1.0000000000  
-0.0141216392  -0.0396325718  -0.1070592105  -0.0890718684  1.0000000000  
-0.0296624572  -0.0373070098  -0.1144610788  -0.0986181780  1.0000000000  
-0.0437997301  -0.0350786531  -0.1208879395  -0.1070592105  1.0000000000  
-0.0566028176  -0.0329470724  -0.1264017294  -0.1144610788  1.0000000000  
-0.0681410252  -0.0309114370  -0.1310619910  -0.1208879395  1.0000000000  
-0.0784829372  -0.0289705560  -0.1349257713  -0.1264017294  1.0000000000  
-0.0876958889  -0.0271229174  -0.1380475804  -0.1310619910  1.0000000000  
-0.0958455613  -0.0253667266  -0.1404793983  -0.1349257713  1.0000000000  
-0.1029956804  -0.0236999422  -0.1422707174  -0.1380475804  1.0000000000  
-0.1092078077  -0.0221203106  -0.1434686131  -0.1404793983  1.0000000000  
-0.1145412055  -0.0206253983  -0.1441178323  -0.1422707174  1.0000000000  
-0.1190527641  -0.0192126225  -0.1442608950  -0.1434686131  1.0000000000  
-0.1227969791  -0.0178792794  -0.1439382004  -0.1441178323  1.0000000000  
-0.1258259672  -0.0166225707  -0.1431881364  -0.1442608950  1.0000000000  
-0.1281895109  -0.0154260420  -0.1420471851  -0.1439382004  1.0000000000  
-0.1299351244  -0.0143017206  -0.1405500253  -0.1431881364  1.0000000000  
-0.1311081331  -0.0132465339  -0.1387296269  -0.1420471851  1.0000000000  
-0.1317517617  -0.0122574123  -0.1366037521  -0.1405500253  1.0000000000  
-0.1319072248  -0.0113313048  -0.1342171488  -0.1387296269  1.0000000000  
-0.1316138183  -0.0104651931  -0.1315980187  -0.1366037521  1.0000000000  
-0.1309090065  -0.0096561043  -0.1287731623  -0.1342171488  1.0000000000  
-0.1298285057  -0.0089011212  -0.1257680310  -0.1315980187  1.0000000000  
-0.1284063598  -0.0081973922  -0.1226067715  -0.1287731623  1.0000000000  
-0.1266750099  -0.0075421389  -0.1193122646  -0.1257680310  1.0000000000  
-0.1246653559  -0.0069326629  -0.1159061574  -0.1226067715  1.0000000000  
-0.1224068110  -0.0063663513  -0.1124088919  -0.1193122646  1.0000000000  
-0.1199273497  -0.0058406812  -0.1088397294  -0.1159061574  1.0000000000  
-0.1172535486  -0.0053532228  -0.1052167729  -0.1124088919  1.0000000000  
-0.1144106225  -0.0049016421  -0.1015569876  -0.1088397294  1.0000000000  
-0.1114224554  -0.0044837020  -0.0978762206  -0.1052167729  1.0000000000  
-0.1083116279  -0.0040972639  -0.0941892202  -0.1015569876  1.0000000000  
-0.1050994422  -0.0037402872  -0.0905096566  -0.0978762206  1.0000000000  
-0.1018059440  -0.0034108289  -0.0868501424  -0.0941892202  1.0000000000  
-0.0984499449  -0.0031070427  -0.0832222558  -0.0905096566  1.0000000000  
-0.0950490427  -0.0028271779  -0.0796365647  -0.0868501424  1.0000000000  
-0.0916196434  -0.0025695768  -0.0761026529  -0.0832222558  1.0000000000  
-0.0881769835  -0.0023326730  -0.0726291488  -0.0796365647  1.0000000000  
-0.0847351535  -0.0021149889  -0.0692237562  -0.0761026529  1.0000000000  
-0.0813071232  -0.0019151327  -0.0658932864  -0.0726291488  1.0000000000  
-0.0779047690  -0.0017317957  -0.0626436933  -0.0692237562  1.0000000000  
-0.0745389038  -0.0015637491  -0.0594801098  -0.0658932864  1.0000000000  
-0.0712193077  -0.0014098412  -0.0564068860  -0.0626436933  1.0000000000  
-0.0679547628  -0.0012689935  -0.0534276287  -0.0594801098  1.0000000000  
-0.0647530884  -0.0011401980  -0.0505452420  -0.0564068860  1.0000000000  
-0.0616211796  -0.0010225137  -0.0477619692  -0.0534276287  1.0000000000  
-0.0585650464  -0.0009150634  -0.0450794345  -0.0505452420  1.0000000000  
-0.0555898560  -0.0008170300  -0.0424986858  -0.0477619692  1.0000000000  
-0.0526999747  -0.0007276540  -0.0400202371  -0.0450794345  1.0000000000  
-0.0498990121  -0.0006462299  -0.0376441107  -0.0424986858  1.0000000000  
-0.0471898660  -0.0005721032  -0.0353698789  -0.0400202371  1.0000000000  
-0.0445747672  -0.0005046673  -0.0331967048  -0.0376441107  1.0000000000  
-0.0420553248  -0.0004433610  -0.0311233827  -0.0353698789  1.0000000000  
-0.0396325718  -0.0003876653  -0.0291483765  -0.0331967048  1.0000000000  
-0.0373070098  -0.0003371009  -0.0272698572  -0.0311233827  1.0000000000  
-0.0350786531  -0.0002912258  -0.0254857393  -0.0291483765  1.0000000000  
-0.0329470724  -0.0002496324  -0.0237937143  -0.0272698572  1.0000000000  
-0.0309114370  -0.0002119457  -0.0221912842  -0.0254857393  1.0000000000  
-0.0289705560  -0.0001778205  -0.0206757916  -0.0237937143  1.0000000000  
-0.0271229174  -0.0001469398  -0.0192444488  -0.0221912842  1.0000000000  
-0.0253667266  -0.0001190127  -0.0178943648  -0.0206757916  1.0000000000  
-0.0236999422  -0.0000937721  -0.0166225707  -0.0192444488  1.0000000000  
-0.0221203106  -0.0000709736  -0.0154260420  -0.0178943648  1.0000000000  
-0.0206253983  -0.0000503932  -0.0143017206  -0.0166225707  1.0000000000  
-0.0192126225  -0.0000318262  -0.0132465339  -0.0154260420  1.0000000000  
-0.0178792794  -0.0000150855  -0.0122574123  -0.0143017206  1.0000000000  
-0.0166225707  0.0000000000  -0.0113313048  -0.0132465339  1.0000000000  
-0.0154260420  0.0000000000  -0.0104651931  -0.0122574123  1.0000000000  
-0.0143017206  0.0000000000  -0.0096561043  -0.0113313048  1.0000000000  
-0.0132465339  0.0000000000  -0.0089011212  -0.0104651931  1.0000000000  
-0.0122574123  0.0000000000  -0.0081973922  -0.0096561043  1.0000000000  
-0.0113313048  0.0000000000  -0.0075421389  -0.0089011212  1.0000000000  
-0.0104651931  0.0000000000  -0.0069326629  -0.0081973922  1.0000000000  
-0.0096561043  0.0000000000  -0.0063663513  -0.0075421389  1.0000000000  
-0.0089011212  0.0000000000  -0.0058406812  -0.0069326629  1.0000000000  
-0.0081973922  0.0000000000  -0.0053532228  -0.0063663513  1.0000000000  
-0.0075421389  0.0000000000  -0.0049016421  -0.0058406812  1.0000000000  
-0.0069326629  0.0000000000  -0.0044837020  -0.0053532228  1.0000000000  
-0.0063663513  0.0000000000  -0.0040972639  -0.0049016421  1.0000000000  
-0.0058406812  0.0000000000  -0.0037402872  -0.0044837020  1.0000000000  
-0.0053532228  0.0000000000  -0.0034108289  -0.0040972639  1.0000000000  
-0.0049016421  0.0000000000  -0.0031070427  -0.0037402872  1.0000000000  
-0.0044837020  0.0000000000  -0.0028271779  -0.0034108289  1.0000000000  
-0.0040972639  0.0000000000  -0.0025695768  -0.0031070427  1.0000000000  
-0.0037402872  0.0000000000  -0.0023326730  -0.0028271779  1.0000000000  
-0.0034108289  0.0000000000  -0.0021149889  -0.0025695768  1.0000000000  
-0.0031070427  0.0000000000  -0.0019151327  -0.0023326730  1.0000000000  
-0.0028271779  0.0000000000  -0.0017317957  -0.0021149889  1.0000000000  
-0.0025695768  0.0000000000  -0.0015637491  -0.0019151327  1.0000000000  
-0.0023326730  0.0000000000  -0.0014098412  -0.0017317957  1.0000000000  
-0.0021149889  0.0000000000  -0.0012689935  -0.0015637491  1.0000000000  
-0.0019151327  0.0000000000  -0.0011401980  -0.0014098412  1.0000000000  
-0.0017317957  0.0000000000  -0.0010225137  -0.0012689935  1.0000000000  
-0.0015637491  0.0000000000  -0.0009150634  -0.0011401980  1.0000000000  
-0.0014098412  0.0000000000  -0.0008170300  -0.0010225137  1.0000000000  
-0.0012689935  0.0000000000  -0.0007276540  -0.0009150634  1.0000000000  
-0.0011401980  0.0000000000  -0.0006462299  -0.0008170300  1.0000000000  
-0.0010225137  0.0000000000  -0.0005721032  -0.0007276540  1.0000000000  
-0.0009150634  0.0000000000  -0.0005046673  -0.0006462299  1.0000000000  
-0.0008170300  0.0000000000  -0.0004433610  -0.0005721032  1.0000000000  
-0.0007276540  0.0000000000  -0.0003876653  -0.0005046673  1.0000000000  
-0.0006462299  0.0000000000  -0.0003371009  -0.0004433610  1.0000000000  
-0.0005721032  0.0000000000  -0.0002912258  -0.0003876653  1.0000000000  
-0.0005046673  0.0000000000  -0.0002496324  -0.0003371009  1.0000000000  
-0.0004433610  0.0000000000  -0.0002119457  -0.0002912258  1.0000000000  
-0.0003876653  0.0000000000  -0.0001778205  -0.0002496324  1.0000000000  
-0.0003371009  0.0000000000  -0.0001469398  -0.0002119457  1.0000000000  
-0.0002912258  0.0000000000  -0.0001190127  -0.0001778205  1.0000000000  
-0.0002496324  0.0000000000  -0.0000937721  -0.0001469398  1.0000000000  
-0.0002119457  0.0000000000  -0.0000709736  -0.0001190127  1.0000000000  
-0.0001778205  0.0000000000  -0.0000503932  -0.0000937721  1.0000000000  
-0.0001469398  0.0000000000  -0.0000318262  -0.0000709736  1.0000000000  
-0.0001190127  0.0000000000  -0.0000150855  -0.0000503932  1.0000000000  
-0.0000937721  0.0000000000  0.0000000000  -0.0000318262  1.0000000000  
-0.0000709736  0.0000000000  0.0000000000  -0.0000150855  1.0000000000  
-0.0000503932  0.0000000000  0.0000000000  0.0000000000  1.0000000000  
-0.0000318262  0.0000000000  0.0000000000  0.0000000000  1.0000000000  
-0.0000150855  0.0000000000  0.0000000000  0.0000000000  1.0000000000  
0.0000000000  0.0000000000  0.0000000000  0.0000000000  1.0000000000  
0.0000000000  0.0000000000  0.0000000000  0.0000000000  1.0000000000  
0.0000000000  0.0000000000  0.0000000000  0.0000000000  1.0000000000  
0.0000000000  0.0000000000  0.0000000000  0.0000000000  1.0000000000  
0.0000000000  0.0000000000  0.0000000000  0.0000000000  1.0000000000  
0.0000000000  0.0000000000  0.0000000000  0.0000000000  1.0000000000  
0.0000000000  0.0000000000  0.0000000000  0.0000000000  1.0000000000  
0.0000000000  0.0000000000  0.0000000000  0.0000000000  1.0000000000  
0.0000000000  0.0000000000  0.0000000000  0.0000000000  1.0000000000  
0.0000000000  0.0000000000  0.0000000000  0.0000000000  1.0000000000  
0.0000000000  0.0000000000  0.0000000000  0.0000000000  1.0000000000  
0.0000000000  0.0000000000  0.0000000000  0.0000000000  1.0000000000  
0.0000000000  0.0000000000  0.0000000000  0.0000000000  1.0000000000  
0.0000000000  0.0000000000  0.0000000000  0.0000000000  1.0000000000  
0.0000000000  0.0000000000  0.0000000000  0.0000000000  1.0000000000  
0.0000000000  0.0000000000  0.0000000000  0.0000000000  1.0000000000  
0.0000000000  0.0000000000  0.0000000000  0.0000000000  1.0000000000  
0.0000000000  0.0000000000  0.0000000000  0.0000000000  1.0000000000  
0.0000000000  0.0000000000  0.0000000000  0.0000000000  1.0000000000  
0.0000000000  0.0000000000  0.0000000000  0.0000000000  1.0000000000  
0.0000000000  0.0000000000  0.0000000000  0.0000000000  1.0000000000  
0.0000000000  0.0000000000  0.0000000000  0.0000000000  1.0000000000  
0.0000000000  0.0000000000  0.0000000000  0.0000000000  1.0000000000  
0.0000000000  0.0000000000  0.0000000000  0.0000000000  1.0000000000  
0.0000000000  0.0000000000  0.0000000000  0.0000000000  1.0000000000  
0.0000000000  0.0000000000  0.0000000000  0.0000000000  1.0000000000  
0.0000000000  0.0000000000  0.0000000000  0.0000000000  1.0000000000  
0.0000000000  0.0000000000  0.0000000000  0.0000000000  1.0000000000  
0.0000000000  0.0000000000  0.0000000000  0.0000000000  1.0000000000  
0.0000000000  0.0000000000  0.0000000000  0.0000000000  1.0000000000  
0.0000000000  0.0000000000  0.0000000000  0.0000000000  1.0000000000  
0.0000000000  0.0000000000  0.0000000000  0.0000000000  1.0000000000  
0.0000000000  0.0000000000  0.0000000000  0.0000000000  1.0000000000  
0.0000000000  0.0000000000  0.0000000000  0.0000000000  1.0000000000  
0.0000000000  0.0000000000  0.0000000000  0.0000000000  1.0000000000  
0.0000000000  0.0000000000  0.0000000000  0.0000000000  1.0000000000  
0.0000000000  0.0000000000  0.0000000000  0.0000000000  1.0000000000  
0.0000000000  0.0000000000  0.0000000000  0.0000000000  1.0000000000  
0.0000000000  0.0000000000  0.0000000000  0.0000000000  1.0000000000  
0.0000000000  0.0000000000  0.0000000000  0.0000000000  1.0000000000  
0.0000000000  0.0000000000  0.0000000000  0.0000000000  1.0000000000  
0.0000000000  0.0000000000  0.0000000000  0.0000000000  1.0000000000  
0.0000000000  0.0000000000  0.0000000000  0.0000000000  1.0000000000  
0.0000000000  0.0000000000  0.0000000000  0.0000000000  1.0000000000  
0.0000000000  0.0000000000  0.0000000000  0.0000000000  1.0000000000  
0.0000000000  0.0000000000  0.0000000000  0.0000000000  1.0000000000  
0.0000000000  0.0000000000  0.0000000000  0.0000000000  1.0000000000  
0.0000000000  0.0000000000  0.0000000000  0.0000000000  1.0000000000  
0.0000000000  0.0000000000  0.0000000000  0.0000000000  1.0000000000  
0.0000000000  0.0000000000  0.0000000000  0.0000000000  1.0000000000  
0.0000000000  0.0000000000  0.0000000000  0.0000000000  1.0000000000  
0.0000000000  0.0000000000  0.0000000000  0.0000000000  1.0000000000  
0.0000000000  0.0000000000  0.0000000000  0.0000000000  1.0000000000  
0.0000000000  0.0000000000  0.0000000000  0.0000000000  1.0000000000  
0.0000000000  0.0000000000  0.0000000000  0.0000000000  1.0000000000  
0.0000000000  0.0000000000  0.0000000000  0.0000000000  1.0000000000  
0.0000000000  0.0000000000  0.0000000000  0.0000000000  1.0000000000  
0.0000000000  0.0000000000  0.0000000000  0.0000000000  1.0000000000  
0.0000000000  0.0000000000  0.0000000000  0.0000000000  1.0000000000  
0.0000000000  0.0000000000  0.0000000000  0.0000000000  1.0000000000  
0.0000000000  0.0000000000  0.0000000000  0.0000000000  1.0000000000  
0.0000000000  0.0000000000  0.0000000000  0.0000000000  1.0000000000  
0.0000000000  0.0000000000  0.0000000000  0.0000000000  1.0000000000  
0.0000000000  0.0000000000  0.0000000000  0.0000000000  1.0000000000  
0.0000000000  0.0000000000  0.0000000000  0.0000000000  1.0000000000  
0.0000000000  0.0000000000  0.0000000000  0.0000000000  1.0000000000  
0.0000000000  0.0000000000  0.0000000000  0.0000000000  1.0000000000  
0.0000000000  0.0000000000  0.0000000000  0.0000000000  1.0000000000  
0.0000000000  0.0000000000  0.0000000000  0.0000000000  1.0000000000  
0.0000000000  0.0000000000  0.0000000000  0.0000000000  1.0000000000  
0.0000000000  0.0000000000  0.0000000000  0.0000000000  1.0000000000  
0.0000000000  0.0000000000  0.0000000000  0.0000000000  1.0000000000  
0.0000000000  0.0000000000  0.0000000000  0.0000000000  1.0000000000  
0.0000000000  0.0000000000  0.0000000000  0.0000000000  1.0000000000  
0.0000000000  0.0000000000  0.0000000000  0.0000000000  1.0000000000  
0.0000000000  0.0000000000  0.0000000000  0.0000000000  1.0000000000  
0.0000000000  0.0000000000  0.0000000000  0.0000000000  1.0000000000  
0.0000000000  0.0000000000  0.0000000000  0.0000000000  1.0000000000  
0.0000000000  0.0000000000  0.0000000000  0.0000000000  1.0000000000  
0.0000000000  0.0000000000  0.0000000000  0.0000000000  1.0000000000  
0.0000000000  0.0000000000  0.0000000000  0.0000000000  1.0000000000  
0.0000000000  0.0000000000  0.0000000000  0.0000000000  1.0000000000  
0.0000000000  0.0000000000  0.0000000000  0.0000000000  1.0000000000  
0.0000000000  0.0000000000  0.0000000000  0.0000000000  1.0000000000  
0.0000000000  0.0000000000  0.0000000000  0.0000000000  1.0000000000  
0.0000000000  0.0000000000  0.0000000000  0.0000000000  1.0000000000  
0.0000000000  0.0000000000  0.0000000000  0.0000000000  1.0000000000  
0.0000000000  0.0000000000  0.0000000000  0.0000000000  1.0000000000  
0.0000000000  0.0000000000  0.0000000000  0.0000000000  1.0000000000  
0.0000000000  0.0000000000  0.0000000000  0.0000000000  1.0000000000  
0.0000000000  0.0000000000  0.0000000000  0.0000000000  1.0000000000  
0.0000000000  0.0000000000  0.0000000000  0.0000000000  1.0000000000  
0.0000000000  0.0000000000  0.0000000000  0.0000000000  1.0000000000  
0.0000000000  0.0000000000  0.0000000000  0.0000000000  1.0000000000  
0.0000000000  0.0000000000  0.0000000000  0.0000000000  1.0000000000  
0.0000000000  0.0000000000  0.0000000000  0.0000000000  1.0000000000  
0.0000000000  0.0000000000  0.0000000000  0.0000000000  1.0000000000  
0.0000000000  0.0000000000  0.0000000000  0.0000000000  1.0000000000  
0.0000000000  0.0000000000  0.0000000000  0.0000000000  1.0000000000  
0.0000000000  0.0000000000  0.0000000000  0.0000000000  1.0000000000  
0.0000000000  0.0000000000  0.0000000000  0.0000000000  1.0000000000  
0.0000000000  0.0000000000  0.0000000000  0.0000000000  1.0000000000  
0.0000000000  0.0000000000  0.0000000000  0.0000000000  1.0000000000  
0.0000000000  0.0000000000  0.0000000000  0.0000000000  1.0000000000  
0.0000000000  0.0000000000  0.0000000000  0.0000000000  1.0000000000  
0.0000000000  0.0000000000  0.0000000000  0.0000000000  1.0000000000  
0.0000000000  0.0000000000  0.0000000000  0.0000000000  1.0000000000  
0.0000000000  0.0000000000  0.0000000000  0.0000000000  1.0000000000  
0.0000000000  0.0000000000  0.0000000000  0.0000000000  1.0000000000  
0.0000000000  0.0000000000  0.0000000000  0.0000000000  1.0000000000  
0.0000000000  0.0000000000  0.0000000000  0.0000000000  1.0000000000  
0.0000000000  0.0000000000  0.0000000000  0.0000000000  1.0000000000  
0.0000000000  0.0000000000  0.0000000000  0.0000000000  1.0000000000  
0.0000000000  0.0000000000  0.0000000000  0.0000000000  1.0000000000  
0.0000000000  0.0000000000  0.0000000000  0.0000000000  1.0000000000  
0.0000000000  0.0000000000  0.0000000000  0.0000000000  1.0000000000  
0.0000000000  0.0000000000  0.0000000000  0.0000000000  1.0000000000  
0.0000000000  0.0000000000  0.0000000000  0.0000000000  1.0000000000  
0.0000000000  0.0000000000  0.0000000000  0.0000000000  1.0000000000  
0.0000000000  0.0000000000  0.0000000000  0.0000000000  1.0000000000  
0.0000000000  0.0000000000  0.0000000000  0.0000000000  1.0000000000  
