GLM RESULTS

Model fit per channel for Oxy(beta, t, p values)
S1-D1:     -0.361    -0.944  0.3454101      -0.337    -0.854  0.3933128      -0.680    -0.771  0.4411329      -0.067     1.466  0.1427752    
S1-D3:     -0.021    -0.043  0.9660672      -0.428    -0.829  0.4074252      -0.943    -0.836  0.4035558      -0.290     1.023  0.3066271    
S1-D16:     -0.557    -1.541  0.1235525      -0.547    -1.500  0.1337836       2.098     2.710  0.0068112       0.356     1.768  0.0772656    
S2-D1:     -0.224    -0.539  0.5897194      -0.541    -1.272  0.2036724      -0.267    -0.295  0.7677770      -0.080     1.340  0.1803685    
S2-D2:     -0.264    -0.702  0.4825912      -0.354    -0.910  0.3629562       2.220     2.471  0.0135810       0.107     1.106  0.2690961    
S2-D4:     -0.449    -1.177  0.2395310      -0.664    -1.717  0.0862080       0.804     1.008  0.3137309       0.170     1.803  0.0716503    
S2-D17:      0.868     2.047  0.0408819       0.914     2.088  0.0369777       0.670     0.715  0.4746722      -0.261    -2.549  0.0109022    
S3-D1:     -0.523    -1.123  0.2615174      -0.966    -2.010  0.0445813      -0.934    -0.919  0.3580872       0.080     2.057  0.0398689    
S3-D3:      0.465     1.106  0.2688481       0.650     1.503  0.1330486       0.953     1.024  0.3060761       0.043    -1.915  0.0556929    
S3-D4:     -1.407    -3.076  0.0021391      -0.995    -2.100  0.0359296      -1.017    -0.988  0.3232033       0.353     3.031  0.0024858    
S3-D5:     -1.077    -2.955  0.0031827      -0.165    -0.434  0.6643930      -2.218    -2.519  0.0118953       0.165     2.255  0.0243053    
S4-D2:     -0.299    -0.751  0.4527224      -0.622    -1.534  0.1252559       0.867     0.978  0.3284531       0.051     1.580  0.1143319    
S4-D4:     -0.304    -0.717  0.4736936      -0.604    -1.392  0.1642869       1.649     1.713  0.0869517       0.071     1.379  0.1681532    
S4-D6:     -0.472    -1.025  0.3055982      -0.635    -1.327  0.1846218      -2.101    -1.967  0.0493349      -0.133     1.846  0.0650972    
S4-D18:      0.344     0.805  0.4207041       0.540     1.227  0.2200352       1.158     1.237  0.2162378       0.020    -1.562  0.1186022    
S5-D3:     -0.511    -1.156  0.2479090      -0.086    -0.191  0.8485790       1.322     1.317  0.1881387      -0.108     1.098  0.2724809    
S5-D5:     -0.646    -1.517  0.1295367      -0.342    -0.767  0.4431860      -3.061    -2.955  0.0031831       0.002     1.780  0.0752389    
S5-D7:     -0.921    -2.441  0.0147517      -0.121    -0.306  0.7594618      -2.412    -2.665  0.0077930       0.060     2.069  0.0387323    
S6-D4:      0.359     1.109  0.2676107      -0.238    -0.727  0.4674940       1.830     2.614  0.0090459      -0.178    -0.146  0.8836204    
S6-D5:     -0.782    -2.084  0.0373036      -0.028    -0.070  0.9439477      -2.730    -3.019  0.0025851       0.033     1.758  0.0788892    
S6-D6:     -0.520    -1.215  0.2245804      -0.043    -0.096  0.9232891      -3.030    -2.906  0.0037236      -0.128     1.552  0.1207990    
S6-D8:     -0.871    -2.184  0.0291377      -0.306    -0.736  0.4616691      -2.054    -2.206  0.0275669      -0.045     2.126  0.0336702    
S7-D5:     -0.772    -2.094  0.0364702       0.003     0.009  0.9928242      -2.817    -3.130  0.0017854       0.115     1.778  0.0756577    
S7-D7:     -0.646    -1.636  0.1020081       0.458     1.110  0.2670577      -2.198    -2.342  0.0193061      -0.150     1.222  0.2219838    
S7-D8:     -0.712    -1.829  0.0676329      -0.131    -0.322  0.7473622      -2.388    -2.562  0.0105108       0.038     1.766  0.0776945    
S7-D19:      0.240     0.537  0.5913604       1.018     2.194  0.0283964       1.757     1.732  0.0835111      -0.005    -1.896  0.0581904    
S8-D6:     -0.045    -0.121  0.9037232       0.212     0.542  0.5882272      -3.555    -3.866  0.0001157      -0.240     0.786  0.4320924    
S8-D8:     -0.789    -2.041  0.0414026      -0.057    -0.140  0.8885343      -2.425    -2.659  0.0079313      -0.020     1.817  0.0694180    
S9-D9:     -0.776    -2.002  0.0454613       0.078     0.193  0.8467536      -1.776    -1.984  0.0475083      -0.132     1.695  0.0902415    
S9-D10:     -0.471    -1.068  0.2858337      -0.045    -0.098  0.9221176      -2.263    -2.174  0.0298626      -0.115     1.341  0.1803020    
S9-D11:     -0.603    -1.490  0.1364844      -0.212    -0.503  0.6152092      -2.525    -2.618  0.0089346      -0.006     1.688  0.0916484    
S9-D23:      0.205     0.483  0.6290076       0.555     1.260  0.2078105       1.985     2.069  0.0387337       0.173    -1.533  0.1254980    
S10-D10:     -0.578    -1.467  0.1426757      -0.053    -0.131  0.8961494      -0.411    -0.448  0.6541304      -0.177     1.432  0.1524686    
S10-D12:     -0.861    -2.092  0.0365983       0.031     0.071  0.9433006      -1.938    -2.005  0.0451048      -0.031     1.764  0.0779556    
S11-D9:     -0.662    -1.684  0.0923283      -0.634    -1.540  0.1237768      -3.143    -3.300  0.0009907       0.064     2.377  0.0175852    
S11-D11:     -0.547    -1.234  0.2173825      -0.196    -0.424  0.6717675      -2.769    -2.600  0.0094254      -0.148     1.568  0.1170087    
S11-D13:      1.029     2.361  0.0183616       0.498     1.093  0.2744791       2.245     2.134  0.0330107      -0.116    -2.382  0.0173474    
S12-D10:      0.441     1.194  0.2326008       0.521     1.359  0.1744075       0.614     0.698  0.4852478       0.055    -1.945  0.0520131    
S12-D11:     -0.514    -1.237  0.2163211       0.044     0.101  0.9198027      -2.986    -2.971  0.0030167      -0.118     1.333  0.1826509    
S12-D12:     -0.833    -2.119  0.0342420       0.039     0.096  0.9236539      -2.102    -2.187  0.0289453       0.034     1.762  0.0782176    
S12-D14:     -0.023    -0.057  0.9544238      -0.681    -1.651  0.0990316       1.266     1.466  0.1429678      -0.043     1.109  0.2675603    
S13-D11:     -0.637    -1.556  0.1200452       0.070     0.164  0.8700569      -2.477    -2.492  0.0128312      -0.087     1.499  0.1340794    
S13-D13:      1.358     3.452  0.0005729       0.755     1.846  0.0650599       0.835     0.897  0.3700403      -0.324    -3.189  0.0014591    
S13-D14:      0.037     0.103  0.9179816      -0.122    -0.337  0.7360104       1.587     2.117  0.0344594      -0.255     0.325  0.7455972    
S13-D15:     -0.561    -1.303  0.1927355      -1.170    -2.661  0.0078771       0.245     0.268  0.7883664       0.287     2.386  0.0171470    
S14-D12:     -0.635    -1.431  0.1526307      -0.489    -1.053  0.2924725      -2.487    -2.311  0.0210050      -0.001     1.988  0.0470107    
S14-D14:      0.096     0.266  0.7902746       0.543     1.480  0.1390487      -0.697    -0.909  0.3637701      -0.039    -1.240  0.2152736    
S14-D22:      0.320     0.777  0.4374314       0.051     0.121  0.9036186      -1.729    -1.887  0.0594285       0.022    -0.780  0.4355428    
S15-D13:      0.660     1.880  0.0602915       0.405     1.132  0.2580164      -1.686    -2.144  0.0322141      -0.506    -1.871  0.0616156    
S15-D15:      0.334     0.854  0.3934759       0.667     1.651  0.0988873       1.072     1.234  0.2173890       0.018    -1.915  0.0557108    
S15-D21:      0.703     1.840  0.0660084       0.771     1.971  0.0488863       0.080     0.100  0.9203312      -0.110    -2.318  0.0205693    
S16-D14:     -1.185    -3.130  0.0017835      -0.210    -0.534  0.5936129      -1.845    -2.106  0.0353950       0.319     2.418  0.0157171    
S16-D15:      1.595     4.106  0.0000427       0.764     1.905  0.0570119       0.103     0.120  0.9041376      -0.480    -3.445  0.0005876    
S16-D20:      0.045     0.213  0.8313149      -0.007    -0.031  0.9748791      -1.220    -2.465  0.0138168       0.122    -0.370  0.7112577    

Model fit per channel for DeOxy(beta, t, p values)
S1-D1:      1.240     3.001  0.0027365       0.709     1.652  0.0987296       1.248     1.310  0.1902615      -0.234    -2.892  0.0038864    
S1-D3:     -0.399    -0.865  0.3873797      -0.121    -0.254  0.7998725      -1.354    -1.274  0.2030470      -0.234     1.340  0.1803594    
S1-D16:      0.807     2.144  0.0322326       0.569     1.486  0.1374089      -1.906    -2.279  0.0228368      -0.510    -2.197  0.0281972    
S2-D1:      0.543     1.250  0.2113439       0.464     1.034  0.3015446       1.568     1.626  0.1041809       0.083    -1.729  0.0840357    
S2-D2:      0.153     0.405  0.6851737       0.211     0.548  0.5839955      -1.451    -1.615  0.1065277       0.182    -0.827  0.4082494    
S2-D4:      0.570     1.673  0.0944678       0.699     1.965  0.0496648       1.299     1.505  0.1324476      -0.022    -2.353  0.0187668    
S2-D17:     -1.042    -2.561  0.0105525      -0.225    -0.534  0.5934618      -0.456    -0.502  0.6158440       0.097     2.077  0.0379512    
S3-D1:      1.064     2.812  0.0049855       0.577     1.454  0.1461180       2.696     2.901  0.0037835      -0.121    -2.579  0.0100120    
S3-D3:      0.163     0.457  0.6479025      -0.059    -0.160  0.8729249       3.421     4.082  0.0000473       0.179    -1.161  0.2458948    
S3-D4:      1.264     2.897  0.0038283       0.649     1.455  0.1458034      -0.942    -1.036  0.3002843      -0.359    -2.524  0.0117140    
S3-D5:     -0.227    -0.702  0.4825456       0.163     0.480  0.6310512       4.151     5.219  0.0000002       0.272    -1.186  0.2356805    
S4-D2:      0.228     0.810  0.4178592       0.279     0.964  0.3352177      -0.964    -1.378  0.1682982       0.051    -1.357  0.1748835    
S4-D4:      0.398     1.143  0.2531840       0.180     0.507  0.6120658      -1.391    -1.737  0.0825797      -0.094    -1.257  0.2090845    
S4-D6:      0.247     0.758  0.4483150       0.244     0.727  0.4671716       0.145     0.185  0.8529153       0.084    -1.370  0.1707812    
S4-D18:     -0.781    -1.840  0.0659209      -0.900    -2.046  0.0409068      -1.334    -1.388  0.1653909       0.242     2.433  0.0151086    
S5-D3:      0.032     0.096  0.9238164       0.146     0.412  0.6807620       3.782     4.528  0.0000065       0.181    -1.322  0.1863084    
S5-D5:      0.046     0.132  0.8950863      -0.150    -0.415  0.6785638       3.477     4.113  0.0000413       0.185    -1.016  0.3099238    
S5-D7:     -0.057    -0.180  0.8572544       0.103     0.308  0.7584143       4.158     5.187  0.0000002       0.234    -1.258  0.2085406    
S6-D4:     -0.914    -2.212  0.0271072      -0.760    -1.777  0.0757878      -1.456    -1.568  0.1172111       0.414     2.591  0.0096596    
S6-D5:      0.326     0.905  0.3657259       0.478     1.273  0.2031734       3.306     3.918  0.0000937       0.066    -1.972  0.0487711    
S6-D6:      1.000     2.793  0.0052988       0.237     0.635  0.5254027       1.955     2.317  0.0206638      -0.010    -2.492  0.0128086    
S6-D8:      0.409     1.139  0.2548494       0.410     1.093  0.2745005       3.474     4.099  0.0000440       0.009    -1.904  0.0571635    
S7-D5:      0.115     0.337  0.7362575       0.452     1.263  0.2067171       3.656     4.423  0.0000105       0.185    -1.774  0.0763258    
S7-D7:      0.402     1.294  0.1958298       1.268     3.903  0.0000995       3.891     5.137  0.0000003      -0.225    -3.086  0.0020699    
S7-D8:      0.385     1.051  0.2935816       0.392     1.026  0.3051579       2.965     3.448  0.0005824       0.114    -1.921  0.0549938    
S7-D19:      0.068     0.169  0.8655116      -0.453    -1.101  0.2709659       3.055     3.178  0.0015150      -0.241     0.575  0.5653129    
S8-D6:      0.889     2.528  0.0115940       0.079     0.214  0.8303361       2.601     2.967  0.0030608       0.012    -2.237  0.0254456    
S8-D8:      0.470     1.320  0.1871340       1.095     2.961  0.0031234       2.926     3.557  0.0003883      -0.132    -2.817  0.0049200    
S9-D9:     -0.075    -0.273  0.7848219       1.027     3.584  0.0003506       4.545     6.589  0.0000000      -0.160    -2.346  0.0190983    
S9-D10:      0.228     0.708  0.4792864       0.458     1.353  0.1761871       4.229     5.261  0.0000002       0.073    -1.993  0.0464476    
S9-D11:      0.072     0.215  0.8298447       0.455     1.294  0.1960472       3.807     4.616  0.0000043       0.115    -1.767  0.0774207    
S9-D23:      0.240     0.759  0.4477739      -0.428    -1.335  0.1819472       1.118     1.603  0.1090679      -0.078     0.493  0.6218694    
S10-D10:      1.017     2.637  0.0084589       0.422     1.047  0.2954863       2.598     2.801  0.0051694      -0.074    -2.504  0.0123885    
S10-D12:     -0.035    -0.102  0.9186720       0.448     1.256  0.2091623       3.858     4.792  0.0000018       0.138    -1.520  0.1286550    
S11-D9:     -0.127    -0.376  0.7071468       0.073     0.206  0.8368306       3.820     4.660  0.0000035       0.242    -0.898  0.3691160    
S11-D11:      0.191     0.572  0.5673536       0.018     0.051  0.9589542       3.826     4.626  0.0000041       0.143    -1.437  0.1510811    
S11-D13:      0.610     1.746  0.0810580       0.352     0.965  0.3348133       3.363     3.970  0.0000756      -0.020    -2.177  0.0296686    
S12-D10:      1.222     3.359  0.0008048       0.369     0.969  0.3328803       2.015     2.268  0.0234773      -0.188    -2.686  0.0073227    
S12-D11:      0.133     0.408  0.6834358       0.537     1.567  0.1174523       4.025     5.020  0.0000006       0.102    -2.023  0.0433130    
S12-D12:      0.066     0.213  0.8316483       0.559     1.711  0.0872576       4.578     5.935  0.0000000       0.083    -2.012  0.0443918    
S12-D14:      0.385     0.931  0.3521520       0.289     0.687  0.4924263      -2.876    -3.088  0.0020542       0.234    -1.028  0.3041498    
S13-D11:     -0.019    -0.063  0.9496851       0.365     1.140  0.2544772       4.399     5.650  0.0000000       0.101    -1.734  0.0831442    
S13-D13:      1.059     2.896  0.0038425       0.653     1.703  0.0888005       3.362     3.708  0.0002174      -0.166    -2.787  0.0053894    
S13-D14:     -0.248    -0.886  0.3756056      -0.100    -0.357  0.7210580       1.584     2.704  0.0069399       0.072     0.850  0.3952322    
S13-D15:      0.018     0.053  0.9580888       0.698     2.012  0.0444620      -0.963    -1.305  0.1919438      -0.113    -1.337  0.1813925    
S14-D12:      0.739     1.939  0.0527521       0.502     1.259  0.2081225       3.433     3.688  0.0002343      -0.089    -2.325  0.0202188    
S14-D14:      0.451     1.133  0.2575918       0.006     0.016  0.9874682      -1.754    -2.048  0.0407243      -0.058    -0.829  0.4070824    
S14-D22:     -0.564    -1.652  0.0988529      -0.313    -0.894  0.3715605       1.951     2.300  0.0216217      -0.004     1.739  0.0822367    
S15-D13:      0.764     1.839  0.0661458       1.065     2.468  0.0136967       1.878     1.969  0.0491120      -0.234    -2.671  0.0076453    
S15-D15:      0.999     2.163  0.0307096       0.398     0.831  0.4063111       1.618     1.540  0.1236838      -0.061    -2.056  0.0399638    
S15-D21:     -0.690    -1.605  0.1086977      -0.743    -1.672  0.0946612      -0.709    -0.746  0.4558248      -0.018     1.963  0.0498633    
S16-D14:      0.426     1.014  0.3107188       0.732     1.682  0.0928116       1.884     1.993  0.0464591      -0.075    -1.970  0.0490655    
S16-D15:     -1.194    -2.880  0.0040412      -1.042    -2.426  0.0153844      -1.280    -1.370  0.1708691       0.386     3.071  0.0021742    
S16-D20:     -0.262    -0.794  0.4271732      -0.367    -1.094  0.2741200       0.956     1.293  0.1962438       0.037     1.322  0.1862621    

Model fit per channel for Total(beta, t, p values)
S1-D1:      1.052     2.257  0.0241711       0.418     0.877  0.3804250      -2.623    -2.359  0.0184819      -0.300    -2.088  0.0370211    
S1-D3:     -0.106    -0.141  0.8879080      -0.273    -0.352  0.7252526      -1.678    -1.001  0.3168596      -0.525     0.926  0.3543537    
S1-D16:      0.296     1.333  0.1827034       0.009     0.039  0.9689932      -2.107    -4.487  0.0000078      -0.154    -0.775  0.4384455    
S2-D1:      0.699     1.499  0.1340100       0.246     0.520  0.6028059      -1.595    -1.599  0.1099545       0.003    -1.423  0.1550028    
S2-D2:      0.186     0.294  0.7691462       0.090     0.138  0.8901722      -4.322    -2.824  0.0048050       0.289    -0.415  0.6781767    
S2-D4:     -0.535    -0.899  0.3686014      -0.429    -0.703  0.4821452       3.172     2.312  0.0209158       0.148     1.120  0.2629258    
S2-D17:      0.124     0.341  0.7332399       0.675     1.831  0.0672777      -1.792    -2.237  0.0254769      -0.164    -1.334  0.1824878    
S3-D1:      0.730     1.607  0.1082104       0.103     0.223  0.8234007      -2.588    -2.512  0.0121254      -0.041    -1.270  0.2044456    
S3-D3:      0.551     0.811  0.4177866       0.501     0.709  0.4786610       5.311     3.386  0.0007298       0.222    -1.639  0.1014240    
S3-D4:      0.579     1.354  0.1758892       0.258     0.592  0.5539151      -2.908    -3.136  0.0017460      -0.007    -1.183  0.2370178    
S3-D5:      0.129     0.266  0.7906430       0.377     0.750  0.4531251      -1.278    -1.046  0.2957456       0.438    -1.033  0.3017429    
S4-D2:      0.205     0.387  0.6989712      -0.125    -0.228  0.8195660      -6.375    -4.624  0.0000041       0.102    -0.164  0.8696154    
S4-D4:      0.435     0.713  0.4756804      -0.164    -0.263  0.7923932      -4.934    -3.413  0.0006608      -0.023    -0.436  0.6631930    
S4-D6:     -0.578    -0.897  0.3696719      -0.735    -1.115  0.2650990       2.306     1.517  0.1294344      -0.049     1.408  0.1594181    
S4-D18:     -0.032    -0.095  0.9247117       0.041     0.118  0.9058254       1.690     2.182  0.0292621       0.262    -0.899  0.3690663    
S5-D3:      0.526     0.906  0.3649108       1.068     1.764  0.0779743       4.328     3.146  0.0016906       0.073    -2.155  0.0313245    
S5-D5:      0.320     0.603  0.5463676      -0.177    -0.326  0.7446975      -2.154    -1.688  0.0916337       0.188    -0.582  0.5608175    
S5-D7:      0.166     0.337  0.7364064       0.215     0.421  0.6735924      -2.374    -1.894  0.0584695       0.293    -0.770  0.4411419    
S6-D4:     -0.262    -0.872  0.3836132      -0.707    -2.263  0.0237999      -2.458    -3.583  0.0003516       0.236     2.227  0.0261288    
S6-D5:      0.359     0.642  0.5212032       0.750     1.301  0.1934315       0.383     0.290  0.7717028       0.099    -1.621  0.1052885    
S6-D6:     -0.229    -0.411  0.6813136      -0.513    -0.903  0.3668752       2.170     1.752  0.0799439      -0.137     0.965  0.3348304    
S6-D8:      0.328     0.547  0.5846230       0.801     1.286  0.1985002       2.558     1.817  0.0693895      -0.036    -1.610  0.1075728    
S7-D5:      0.421     0.811  0.4174762       0.363     0.679  0.4974498      -2.973    -2.280  0.0227712       0.300    -1.143  0.2533320    
S7-D7:      0.365     0.679  0.4970435       1.715     3.092  0.0020294       0.973     0.762  0.4462469      -0.375    -2.410  0.0160891    
S7-D8:      0.339     0.639  0.5228106       0.478     0.880  0.3788962      -0.839    -0.669  0.5034999       0.152    -1.317  0.1881398    
S7-D19:      0.424     1.262  0.2070366       0.849     2.425  0.0154147       2.427     3.069  0.0021882      -0.247    -2.560  0.0105785    
S8-D6:      0.078     0.163  0.8702904      -0.533    -1.077  0.2816834      -1.260    -1.120  0.2628195      -0.228     0.985  0.3250372    
S8-D8:     -0.018    -0.043  0.9654127       0.226     0.535  0.5925506      -3.658    -3.679  0.0002429      -0.152    -0.359  0.7198164    
S9-D9:     -0.120    -0.231  0.8176733       1.427     2.632  0.0085774       2.409     1.916  0.0555263      -0.292    -1.806  0.0710662    
S9-D10:      0.757     1.199  0.2308378       1.401     2.122  0.0340498       4.691     3.045  0.0023712      -0.041    -2.419  0.0157050    
S9-D11:      0.385     0.640  0.5223356       1.059     1.687  0.0917994       3.369     2.315  0.0207717       0.109    -1.985  0.0473753    
S9-D23:      0.589     1.589  0.1122020       0.247     0.642  0.5208344       1.095     1.287  0.1983850       0.095    -1.767  0.0774141    
S10-D10:      0.962     1.813  0.0700892       0.934     1.696  0.0900662       1.479     1.169  0.2426114      -0.251    -2.385  0.0171996    
S10-D12:      0.012     0.021  0.9828842       1.198     2.110  0.0350589       3.137     2.441  0.0147833       0.107    -1.767  0.0774383    
S11-D9:      0.361     0.672  0.5015720      -0.133    -0.240  0.8102162      -1.255    -0.941  0.3466209       0.307    -0.684  0.4938586    
S11-D11:      0.524     0.844  0.3987057       0.682     1.049  0.2943226       4.955     3.210  0.0013566      -0.005    -1.888  0.0591918    
S11-D13:      1.418     2.372  0.0178519       0.612     0.978  0.3284493       4.635     3.207  0.0013730      -0.137    -2.391  0.0169432    
S12-D10:      1.464     2.591  0.0096702       0.740     1.257  0.2091064       2.266     1.703  0.0887904      -0.133    -2.545  0.0110256    
S12-D11:      0.329     0.586  0.5580299       0.929     1.597  0.1104294       1.170     0.853  0.3936716      -0.015    -1.824  0.0683469    
S12-D12:      0.043     0.078  0.9376515       1.395     2.412  0.0160033       6.432     4.699  0.0000029       0.117    -2.174  0.0298701    
S12-D14:     -0.017    -0.035  0.9723881      -0.511    -1.058  0.2903061       2.754     2.626  0.0087382       0.191     0.697  0.4859286    
S13-D11:      0.251     0.510  0.6100979       0.854     1.675  0.0941012       1.577     1.293  0.1962612       0.014    -1.825  0.0682812    
S13-D13:      2.389     3.959  0.0000790       1.311     2.075  0.0381800       4.182     2.844  0.0045163      -0.490    -3.406  0.0006786    
S13-D14:     -0.302    -0.785  0.4325174      -0.387    -0.970  0.3320292      -1.501    -1.681  0.0929910      -0.183     1.569  0.1169777    
S13-D15:     -0.640    -1.534  0.1252686      -0.391    -0.926  0.3544238       1.980     2.277  0.0229335       0.174     1.530  0.1262625    
S14-D12:      0.669     1.303  0.1927336       0.275     0.524  0.6005126      -1.272    -1.065  0.2868799      -0.090    -1.382  0.1672672    
S14-D14:      0.379     0.969  0.3326471       0.301     0.756  0.4495213      -0.618    -0.731  0.4647477      -0.097    -1.317  0.1878966    
S14-D22:      0.043     0.071  0.9430651      -0.282    -0.452  0.6514561      -4.953    -3.316  0.0009367       0.018     0.032  0.9741725    
S15-D13:      1.785     3.033  0.0024683       1.740     2.857  0.0043466       1.645     1.245  0.2134858      -0.739    -3.401  0.0006907    
S15-D15:      0.803     1.691  0.0910056       0.536     1.089  0.2763745       2.018     1.895  0.0583438      -0.042    -2.039  0.0416341    
S15-D21:      0.792     2.149  0.0317736       0.780     2.047  0.0408866       0.989     1.195  0.2324828      -0.128    -2.867  0.0042036    
S16-D14:     -0.378    -1.328  0.1842994       0.313     1.076  0.2821679      -2.057    -3.154  0.0016447       0.244     0.043  0.9659528    
S16-D15:      0.178     0.691  0.4895676      -0.393    -1.507  0.1320047       0.350     0.638  0.5235009      -0.094     0.663  0.5074946    
S16-D20:     -0.537    -0.866  0.3864331      -0.629    -1.001  0.3170516       3.045     2.161  0.0309005       0.159     1.256  0.2094192    


GLM CONTRAST RESULTS
Contrast 1: 1 > 0 

Contrast results per channel for Oxy(t, p values)
S1-D1:      0.057  0.9548403    
S1-D3:     -0.792  0.4285768    
S1-D16:      0.022  0.9821353    
S2-D1:     -0.710  0.4777790    
S2-D2:     -0.210  0.8339424    
S2-D4:     -0.519  0.6038025    
S2-D17:      0.108  0.9144063    
S3-D1:     -0.979  0.3279302    
S3-D3:      0.423  0.6727084    
S3-D4:      0.927  0.3543005    
S3-D5:      2.665  0.0077866    
S4-D2:     -0.692  0.4888828    
S4-D4:     -0.608  0.5436112    
S4-D6:     -0.354  0.7232678    
S4-D18:      0.469  0.6392697    
S5-D3:      0.784  0.4333040    
S5-D5:      0.752  0.4521676    
S5-D7:      2.245  0.0249019    
S6-D4:     -1.605  0.1087164    
S6-D5:      2.155  0.0313565    
S6-D6:      1.185  0.2363922    
S6-D8:      1.463  0.1438146    
S7-D5:      2.235  0.0255758    
S7-D7:      2.922  0.0035373    
S7-D8:      1.546  0.1224388    
S7-D19:      1.805  0.0712497    
S8-D6:      0.739  0.4602114    
S8-D8:      2.001  0.0456264    
S9-D9:      2.296  0.0218049    
S9-D10:      0.984  0.3253176    
S9-D11:      0.999  0.3179018    
S9-D23:      0.837  0.4026139    
S10-D10:      1.201  0.2300284    
S10-D12:      2.268  0.0234885    
S11-D9:      0.078  0.9375548    
S11-D11:      0.824  0.4101968    
S11-D13:     -1.274  0.2030035    
S12-D10:      0.193  0.8472835    
S12-D11:      1.418  0.1563737    
S12-D12:      2.291  0.0221151    
S12-D14:     -1.427  0.1538472    
S13-D11:      1.778  0.0756154    
S13-D13:     -1.482  0.1384694    
S13-D14:     -0.394  0.6936386    
S13-D15:     -1.356  0.1752839    
S14-D12:      0.343  0.7316249    
S14-D14:      1.100  0.2716732    
S14-D22:     -0.544  0.5867208    
S15-D13:     -0.618  0.5365566    
S15-D15:      0.840  0.4011264    
S15-D21:      0.184  0.8539514    
S16-D14:      2.678  0.0075013    
S16-D15:     -2.168  0.0303588    
S16-D20:     -0.226  0.8214114    
Contrast results per channel for DeOxy(t, p values)
S1-D1:     -1.307  0.1915399    
S1-D3:      0.597  0.5506798    
S1-D16:     -0.526  0.5986850    
S2-D1:     -0.188  0.8511912    
S2-D2:      0.118  0.9059849    
S2-D4:      0.333  0.7389715    
S2-D17:      2.040  0.0415324    
S3-D1:     -1.369  0.1710774    
S3-D3:     -0.661  0.5087319    
S3-D4:     -1.429  0.1532879    
S3-D5:      1.288  0.1978997    
S4-D2:      0.133  0.8941384    
S4-D4:     -0.489  0.6248231    
S4-D6:     -0.007  0.9943387    
S4-D18:     -0.285  0.7760359    
S5-D3:      0.358  0.7206070    
S5-D5:     -0.592  0.5539857    
S5-D7:      0.536  0.5920757    
S6-D4:      0.377  0.7063555    
S6-D5:      0.453  0.6504052    
S6-D6:     -2.160  0.0309056    
S6-D8:      0.001  0.9989724    
S7-D5:      1.035  0.3010661    
S7-D7:      2.972  0.0030084    
S7-D8:      0.019  0.9848357    
S7-D19:     -1.099  0.2719573    
S8-D6:     -2.370  0.0179012    
S8-D8:      1.819  0.0690998    
S9-D9:      4.479  0.0000081    
S9-D10:      0.772  0.4405235    
S9-D11:      1.228  0.2198299    
S9-D23:     -1.726  0.0845628    
S10-D10:     -1.606  0.1084243    
S10-D12:      1.518  0.1292658    
S11-D9:      0.637  0.5241125    
S11-D11:     -0.560  0.5754301    
S11-D13:     -0.782  0.4340623    
S12-D10:     -2.412  0.0160043    
S12-D11:      1.330  0.1837981    
S12-D12:      1.754  0.0797059    
S12-D14:     -0.193  0.8471498    
S13-D11:      1.348  0.1779916    
S13-D13:     -1.218  0.2233518    
S13-D14:      0.471  0.6377618    
S13-D15:      1.686  0.0919554    
S14-D12:     -0.650  0.5160283    
S14-D14:     -1.082  0.2795682    
S14-D22:      0.539  0.5900504    
S15-D13:      0.740  0.4592142    
S15-D15:     -1.362  0.1734126    
S15-D21:     -0.126  0.8995013    
S16-D14:      0.745  0.4563421    
S16-D15:      0.372  0.7100818    
S16-D20:     -0.259  0.7959606    
Contrast results per channel for Total(t, p values)
S1-D1:     -1.018  0.3087954    
S1-D3:     -0.231  0.8176080    
S1-D16:     -1.149  0.2507482    
S2-D1:     -0.856  0.3919529    
S2-D2:     -0.121  0.9033515    
S2-D4:      0.153  0.8785934    
S2-D17:      1.302  0.1930534    
S3-D1:     -1.084  0.2783835    
S3-D3:     -0.077  0.9385204    
S3-D4:     -0.698  0.4852126    
S3-D5:      0.384  0.7011159    
S4-D2:     -0.489  0.6250047    
S4-D4:     -0.783  0.4339731    
S4-D6:     -0.193  0.8466632    
S4-D18:      0.221  0.8247722    
S5-D3:      0.949  0.3426120    
S5-D5:     -0.695  0.4874259    
S5-D7:      0.077  0.9383933    
S6-D4:     -1.520  0.1288256    
S6-D5:      0.582  0.5604547    
S6-D6:     -0.431  0.6666286    
S6-D8:      0.744  0.4568156    
S7-D5:     -0.085  0.9323823    
S7-D7:      2.111  0.0349191    
S7-D8:      0.206  0.8371331    
S7-D19:      1.305  0.1921792    
S8-D6:     -1.118  0.2636252    
S8-D8:      0.458  0.6470885    
S9-D9:      2.639  0.0084021    
S9-D10:      1.023  0.3062960    
S9-D11:      1.074  0.2830465    
S9-D23:     -0.946  0.3442567    
S10-D10:     -0.049  0.9610964    
S10-D12:      2.044  0.0411851    
S11-D9:     -0.690  0.4900967    
S11-D11:      0.258  0.7966330    
S11-D13:     -1.450  0.1471877    
S12-D10:     -1.312  0.1897372    
S12-D11:      0.892  0.3725324    
S12-D12:      2.561  0.0105565    
S12-D14:     -0.872  0.3835948    
S13-D11:      1.037  0.2997198    
S13-D13:     -1.927  0.0542215    
S13-D14:     -0.217  0.8279375    
S13-D15:      0.549  0.5830613    
S14-D12:     -0.619  0.5362762    
S14-D14:     -0.175  0.8611408    
S14-D22:     -0.415  0.6779581    
S15-D13:     -0.077  0.9382916    
S15-D15:     -0.588  0.5568091    
S15-D21:     -0.034  0.9732804    
S16-D14:      2.074  0.0382254    
S16-D15:     -1.963  0.0498139    
S16-D20:     -0.117  0.9066335    
Explained VarianceOxy(R squared)
S1-D1:      0.000  0.0387117    0.0000000    
S1-D3:      0.000  0.0321971    0.0000000    
S1-D16:      0.000  0.0886606    0.0000000    
S2-D1:      0.000  0.0347425    0.0000000    
S2-D2:      0.000  0.0717522    0.0000000    
S2-D4:      0.000  0.0560745    0.0000000    
S2-D17:      0.000  0.0692121    0.0000000    
S3-D1:      0.000  0.0597730    0.0000000    
S3-D3:      0.000  0.0521665    0.0000000    
S3-D4:      0.000  0.0940678    0.0000000    
S3-D5:      0.000  0.1275365    0.0000000    
S4-D2:      0.000  0.0511260    0.0000000    
S4-D4:      0.000  0.0620050    0.0000000    
S4-D6:      0.000  0.0692758    0.0000000    
S4-D18:      0.000  0.0485460    0.0000000    
S5-D3:      0.000  0.0422456    0.0000000    
S5-D5:      0.000  0.1006582    0.0000000    
S5-D7:      0.000  0.1179390    0.0000000    
S6-D4:      0.000  0.0954429    0.0000000    
S6-D5:      0.000  0.1195474    0.0000000    
S6-D6:      0.000  0.0973755    0.0000000    
S6-D8:      0.000  0.0968358    0.0000000    
S7-D5:      0.000  0.1234031    0.0000000    
S7-D7:      0.000  0.1124184    0.0000000    
S7-D8:      0.000  0.1001182    0.0000000    
S7-D19:      0.000  0.0769432    0.0000000    
S8-D6:      0.000  0.1104775    0.0000000    
S8-D8:      0.000  0.1091913    0.0000000    
S9-D9:      0.000  0.0981805    0.0000000    
S9-D10:      0.000  0.0757286    0.0000000    
S9-D11:      0.000  0.0925850    0.0000000    
S9-D23:      0.000  0.0660959    0.0000000    
S10-D10:      0.000  0.0482810    0.0000000    
S10-D12:      0.000  0.0995272    0.0000000    
S11-D9:      0.000  0.1116613    0.0000000    
S11-D11:      0.000  0.0876533    0.0000000    
S11-D13:      0.000  0.0986081    0.0000000    
S12-D10:      0.000  0.0481808    0.0000000    
S12-D11:      0.000  0.1012005    0.0000000    
S12-D12:      0.000  0.1046026    0.0000000    
S12-D14:      0.000  0.0687975    0.0000000    
S13-D11:      0.000  0.0975440    0.0000000    
S13-D13:      0.000  0.1040652    0.0000000    
S13-D14:      0.000  0.0628149    0.0000000    
S13-D15:      0.000  0.0721884    0.0000000    
S14-D12:      0.000  0.0830363    0.0000000    
S14-D14:      0.000  0.0516225    0.0000000    
S14-D22:      0.000  0.0518560    0.0000000    
S15-D13:      0.000  0.0729843    0.0000000    
S15-D15:      0.000  0.0559832    0.0000000    
S15-D21:      0.000  0.0588621    0.0000000    
S16-D14:      0.000  0.1221996    0.0000000    
S16-D15:      0.000  0.1132022    0.0000000    
S16-D20:      0.000  0.0670421    0.0000000    
Explained VarianceDeOxy(R squared)
S1-D1:      0.000  0.0970446    0.0000000    
S1-D3:      0.000  0.0478503    0.0000000    
S1-D16:      0.000  0.0831691    0.0000000    
S2-D1:      0.000  0.0616356    0.0000000    
S2-D2:      0.000  0.0483124    0.0000000    
S2-D4:      0.000  0.0790387    0.0000000    
S2-D17:      0.000  0.0799300    0.0000000    
S3-D1:      0.000  0.1244603    0.0000000    
S3-D3:      0.000  0.1174382    0.0000000    
S3-D4:      0.000  0.0789589    0.0000000    
S3-D5:      0.000  0.1411977    0.0000000    
S4-D2:      0.000  0.0485073    0.0000000    
S4-D4:      0.000  0.0528325    0.0000000    
S4-D6:      0.000  0.0265581    0.0000000    
S4-D18:      0.000  0.0751195    0.0000000    
S5-D3:      0.000  0.1252341    0.0000000    
S5-D5:      0.000  0.1164977    0.0000000    
S5-D7:      0.000  0.1416315    0.0000000    
S6-D4:      0.000  0.0824648    0.0000000    
S6-D5:      0.000  0.1160481    0.0000000    
S6-D6:      0.000  0.1158107    0.0000000    
S6-D8:      0.000  0.1228457    0.0000000    
S7-D5:      0.000  0.1265805    0.0000000    
S7-D7:      0.001  0.1783259    0.0000000    
S7-D8:      0.000  0.1049411    0.0000000    
S7-D19:      0.000  0.1000856    0.0000000    
S8-D6:      0.000  0.1282553    0.0000000    
S8-D8:      0.000  0.1268490    0.0000000    
S9-D9:      0.002  0.2118953    0.0000000    
S9-D10:      0.001  0.1516790    0.0000000    
S9-D11:      0.000  0.1318145    0.0000000    
S9-D23:      0.000  0.0755906    0.0000000    
S10-D10:      0.000  0.1194882    0.0000000    
S10-D12:      0.000  0.1343493    0.0000000    
S11-D9:      0.000  0.1257956    0.0000000    
S11-D11:      0.000  0.1326526    0.0000000    
S11-D13:      0.000  0.1291998    0.0000000    
S12-D10:      0.000  0.1284689    0.0000000    
S12-D11:      0.000  0.1447885    0.0000000    
S12-D12:      0.001  0.1688242    0.0000000    
S12-D14:      0.000  0.0874238    0.0000000    
S13-D11:      0.001  0.1580945    0.0000000    
S13-D13:      0.000  0.1429011    0.0000000    
S13-D14:      0.000  0.0750983    0.0000000    
S13-D15:      0.000  0.0742550    0.0000000    
S14-D12:      0.000  0.1256753    0.0000000    
S14-D14:      0.000  0.0594501    0.0000000    
S14-D22:      0.000  0.0731319    0.0000000    
S15-D13:      0.000  0.0911764    0.0000000    
S15-D15:      0.000  0.0816972    0.0000000    
S15-D21:      0.000  0.0566816    0.0000000    
S16-D14:      0.000  0.0726028    0.0000000    
S16-D15:      0.000  0.0969305    0.0000000    
S16-D20:      0.000  0.0486408    0.0000000    
Explained VarianceTotal(R squared)
S1-D1:      0.000  0.0811642    0.0000000    
S1-D3:      0.000  0.0290934    0.0000000    
S1-D16:      0.000  0.1212016    0.0000000    
S2-D1:      0.000  0.0540433    0.0000000    
S2-D2:      0.000  0.0780481    0.0000000    
S2-D4:      0.000  0.0662774    0.0000000    
S2-D17:      0.000  0.0857497    0.0000000    
S3-D1:      0.000  0.0732156    0.0000000    
S3-D3:      0.000  0.0999191    0.0000000    
S3-D4:      0.000  0.0877914    0.0000000    
S3-D5:      0.000  0.0368704    0.0000000    
S4-D2:      0.000  0.1262890    0.0000000    
S4-D4:      0.000  0.0915311    0.0000000    
S4-D6:      0.000  0.0536168    0.0000000    
S4-D18:      0.000  0.0595776    0.0000000    
S5-D3:      0.000  0.1010665    0.0000000    
S5-D5:      0.000  0.0454690    0.0000000    
S5-D7:      0.000  0.0539137    0.0000000    
S6-D4:      0.000  0.1154805    0.0000000    
S6-D5:      0.000  0.0365582    0.0000000    
S6-D6:      0.000  0.0563239    0.0000000    
S6-D8:      0.000  0.0614356    0.0000000    
S7-D5:      0.000  0.0658432    0.0000000    
S7-D7:      0.000  0.0844981    0.0000000    
S7-D8:      0.000  0.0320692    0.0000000    
S7-D19:      0.000  0.1091049    0.0000000    
S8-D6:      0.000  0.0419990    0.0000000    
S8-D8:      0.000  0.1077711    0.0000000    
S9-D9:      0.000  0.0902309    0.0000000    
S9-D10:      0.000  0.1059551    0.0000000    
S9-D11:      0.000  0.0795175    0.0000000    
S9-D23:      0.000  0.0630828    0.0000000    
S10-D10:      0.000  0.0704380    0.0000000    
S10-D12:      0.000  0.0878084    0.0000000    
S11-D9:      0.000  0.0280576    0.0000000    
S11-D11:      0.000  0.0988053    0.0000000    
S11-D13:      0.000  0.1226182    0.0000000    
S12-D10:      0.000  0.0945776    0.0000000    
S12-D11:      0.000  0.0489801    0.0000000    
S12-D12:      0.000  0.1468453    0.0000000    
S12-D14:      0.000  0.0846913    0.0000000    
S13-D11:      0.000  0.0573704    0.0000000    
S13-D13:      0.000  0.1481773    0.0000000    
S13-D14:      0.000  0.0570485    0.0000000    
S13-D15:      0.000  0.0710910    0.0000000    
S14-D12:      0.000  0.0413979    0.0000000    
S14-D14:      0.000  0.0333136    0.0000000    
S14-D22:      0.000  0.0919284    0.0000000    
S15-D13:      0.000  0.1018345    0.0000000    
S15-D15:      0.000  0.0762780    0.0000000    
S15-D21:      0.000  0.0772530    0.0000000    
S16-D14:      0.000  0.1170087    0.0000000    
S16-D15:      0.000  0.0627234    0.0000000    
S16-D20:      0.000  0.0681446    0.0000000    
