GLM RESULTS

Model fit per channel for Oxy(beta, t, p values)
S1-D1:      0.021     0.421  0.6735457       0.005     0.089  0.9291483       0.017    -0.056  0.9556603    
S1-D3:      0.139     0.497  0.6192900       0.180     0.612  0.5409117       0.091    -0.496  0.6201966    
S1-D16:      0.016     0.049  0.9611042      -0.062    -0.168  0.8667806       0.000     0.017  0.9860424    
S2-D1:      0.256     0.585  0.5589139       0.363     0.776  0.4379601      -0.165    -0.730  0.4653164    
S2-D2:     -0.011    -0.637  0.5244415       0.001     0.047  0.9622078       0.074    -0.012  0.9904094    
S2-D4:     -0.115    -0.305  0.7607383      -0.083    -0.211  0.8328336       0.021     0.085  0.9320290    
S2-D17:      0.227     0.637  0.5242551       0.339     0.859  0.3902375      -0.149    -0.699  0.4843989    
S3-D1:      0.168     0.700  0.4839027       0.045     0.181  0.8563794      -0.090    -0.396  0.6918260    
S3-D3:      0.291     0.872  0.3832648       0.450     1.302  0.1931068      -0.073    -1.095  0.2737459    
S3-D4:      0.210     0.526  0.5988176       0.356     0.822  0.4110705      -0.117    -0.666  0.5052499    
S3-D5:      0.024     0.080  0.9362926       0.147     0.476  0.6339363       0.076    -0.591  0.5545285    
S4-D2:      0.005     0.014  0.9884439       0.080     0.220  0.8257748       0.175    -0.056  0.9554090    
S4-D4:      0.028     0.070  0.9444219      -0.059    -0.138  0.8903101      -0.079    -0.054  0.9567049    
S4-D6:     -0.028    -0.136  0.8917832      -0.074    -0.343  0.7314861       0.072    -0.099  0.9209898    
S4-D18:      0.078     0.268  0.7888334       0.340     1.027  0.3045761      -0.148    -0.599  0.5494414    
S5-D3:     -0.088    -0.326  0.7447970       0.042     0.150  0.8806630       0.080    -0.027  0.9785139    
S5-D5:      0.081     0.295  0.7677847       0.132     0.466  0.6415804       0.090    -0.794  0.4274620    
S5-D7:     -0.006    -0.021  0.9833226       0.069     0.222  0.8245290       0.103    -0.410  0.6821475    
S6-D4:      0.356     0.736  0.4619623       0.168     0.330  0.7411382      -0.243    -0.690  0.4904031    
S6-D5:      0.092     0.331  0.7407815       0.203     0.704  0.4814684      -0.039    -0.777  0.4371738    
S6-D6:      0.154     0.857  0.3916082       0.165     0.890  0.3736635      -0.089    -0.818  0.4135917    
S6-D8:      0.113     0.518  0.6043803       0.116     0.514  0.6074555      -0.097    -0.830  0.4065159    
S7-D5:     -0.064    -0.268  0.7891001      -0.001    -0.005  0.9963584       0.050    -0.495  0.6206652    
S7-D7:     -0.051    -0.193  0.8467980       0.093     0.337  0.7364575       0.020    -0.470  0.6381036    
S7-D8:      0.371     0.994  0.3204667       0.447     1.135  0.2564928      -0.050    -1.131  0.2583779    
S7-D19:     -0.334    -1.040  0.2985183       0.189     0.554  0.5798497       0.004     0.616  0.5382043    
S8-D6:      0.345     1.404  0.1605952       0.457     1.787  0.0741536      -0.082    -1.529  0.1266101    
S8-D8:      0.157     0.637  0.5239808       0.176     0.691  0.4899696       0.034    -0.980  0.3270278    
S9-D9:      0.015     0.097  0.9229467       0.060     0.370  0.7112331      -0.022    -0.600  0.5486450    
S9-D10:     -0.007    -0.038  0.9697663       0.104     0.570  0.5688861       0.036    -0.478  0.6325821    
S9-D11:     -0.159    -0.543  0.5873956      -0.092    -0.306  0.7596887       0.054    -0.125  0.9005043    
S9-D23:     -0.404    -1.121  0.2624619       0.068     0.172  0.8631949       0.135     0.677  0.4983583    
S10-D10:      0.147     0.454  0.6500667       0.322     0.971  0.3318950       0.036    -0.751  0.4527754    
S10-D12:      0.188     0.755  0.4500847       0.254     0.990  0.3221815      -0.015    -1.058  0.2901299    
S11-D9:     -0.046    -0.230  0.8182845      -0.001    -0.006  0.9955591       0.075    -0.404  0.6859990    
S11-D11:      0.024     0.084  0.9329007       0.096     0.320  0.7488098       0.087    -0.595  0.5518023    
S11-D13:     -0.023    -0.094  0.9254659       0.064     0.249  0.8033986       0.108    -0.204  0.8387104    
S12-D10:      0.283     0.998  0.3185631       0.200     0.683  0.4949559      -0.044    -0.914  0.3607015    
S12-D11:      0.034     0.106  0.9154879       0.165     0.508  0.6118278       0.058    -0.635  0.5254084    
S12-D12:      0.051     0.190  0.8495481       0.171     0.620  0.5353582       0.035    -0.642  0.5212936    
S12-D14:     -0.058    -0.120  0.9045875      -0.437    -0.852  0.3943961       0.082     0.364  0.7156061    
S13-D11:      0.023     0.089  0.9293964       0.103     0.386  0.6994228      -0.106    -0.525  0.5995110    
S13-D13:     -0.023    -0.098  0.9221398       0.138     0.550  0.5825137      -0.059    -0.207  0.8361077    
S13-D14:      0.191     0.441  0.6596249       0.156     0.335  0.7373755       0.079    -0.432  0.6657254    
S13-D15:      0.013     0.026  0.9793706      -0.420    -0.817  0.4138997       0.029     0.231  0.8176815    
S14-D12:      0.001     0.023  0.9816859      -0.006    -0.104  0.9171061      -0.097    -0.337  0.7363211    
S14-D14:      0.046     0.120  0.9048518       0.216     0.513  0.6079589      -0.055    -0.301  0.7636726    
S14-D22:     -0.160    -0.529  0.5969817      -0.147    -0.461  0.6446189       0.092     0.533  0.5942569    
S15-D13:      0.184     0.633  0.5268540       0.234     0.764  0.4448347      -0.019    -0.590  0.5551014    
S15-D15:     -0.502    -0.978  0.3281507      -0.386    -0.715  0.4747007       0.247     0.834  0.4044132    
S15-D21:      0.258     0.549  0.5833837       0.264     0.530  0.5959038       0.007    -0.437  0.6622027    
S16-D14:     -0.281    -0.586  0.5577908       0.061     0.120  0.9043874       0.091     0.260  0.7950683    
S16-D15:      0.171     0.651  0.5153539      -0.098    -0.329  0.7423243      -0.145    -0.297  0.7667602    
S16-D20:     -0.243    -0.823  0.4103824      -0.354    -1.136  0.2561965       0.182     0.865  0.3869506    

Model fit per channel for DeOxy(beta, t, p values)
S1-D1:      0.115     0.374  0.7084679      -0.008    -0.024  0.9806471      -0.023    -0.212  0.8325140    
S1-D3:     -0.082    -0.367  0.7135238       0.124     0.537  0.5915595       0.270     0.123  0.9017913    
S1-D16:     -0.034    -0.082  0.9342973       0.121     0.248  0.8040701       0.004    -0.049  0.9607954    
S2-D1:      0.111     0.328  0.7430405       0.025     0.066  0.9475361      -0.053    -0.213  0.8311197    
S2-D2:     -0.201    -0.804  0.4215887      -0.180    -0.688  0.4914584       0.438     0.642  0.5211488    
S2-D4:     -0.084    -0.388  0.6981787       0.216     0.932  0.3515229       0.312    -0.111  0.9115011    
S2-D17:     -0.352    -0.772  0.4400285       0.037     0.077  0.9389912       0.130     0.403  0.6871438    
S3-D1:     -0.080    -0.274  0.7842450       0.054     0.174  0.8621692       0.222     0.077  0.9384222    
S3-D3:     -0.056    -0.780  0.4354220       0.037     0.492  0.6227079      -0.021     0.412  0.6803615    
S3-D4:     -0.048    -0.133  0.8940248      -0.199    -0.516  0.6061102      -0.022     0.314  0.7538438    
S3-D5:      0.215     0.642  0.5210180       0.350     1.000  0.3175826      -0.064    -0.629  0.5291598    
S4-D2:     -0.181    -1.187  0.2355594      -0.038    -0.240  0.8102115       0.246     0.518  0.6047098    
S4-D4:      0.251     0.569  0.5692643       0.122     0.256  0.7981275      -0.180    -0.425  0.6711272    
S4-D6:     -0.194    -0.637  0.5244720      -0.175    -0.541  0.5885607       0.170     0.541  0.5885124    
S4-D18:      0.250     0.710  0.4780912      -0.094    -0.241  0.8092090      -0.049    -0.379  0.7051069    
S5-D3:     -0.037    -0.352  0.7250412       0.059     0.536  0.5918113      -0.100     0.337  0.7365277    
S5-D5:      0.274     0.881  0.3782186       0.214     0.664  0.5067754      -0.002    -0.445  0.6561493    
S5-D7:      0.105     0.422  0.6732061       0.215     0.834  0.4041790      -0.072    -0.193  0.8472604    
S6-D4:     -0.245    -0.529  0.5971425      -0.259    -0.526  0.5989478       0.234     0.425  0.6707101    
S6-D5:      0.308     1.010  0.3126367       0.373     1.176  0.2396177       0.103    -0.769  0.4421283    
S6-D6:      0.008     0.023  0.9813915      -0.101    -0.301  0.7633888       0.182     0.191  0.8481914    
S6-D8:      0.252     0.960  0.3372928       0.165     0.602  0.5474268      -0.227    -0.507  0.6121864    
S7-D5:      0.277     1.023  0.3062559       0.364     1.314  0.1891811       0.078    -0.761  0.4470227    
S7-D7:      0.210     0.719  0.4724344       0.486     1.579  0.1145150      -0.278    -0.854  0.3931244    
S7-D8:      0.505     2.004  0.0453002       0.587     2.249  0.0246778      -0.090    -1.532  0.1256652    
S7-D19:      0.320     1.690  0.0912548      -0.150    -0.748  0.4544878      -0.093    -0.880  0.3792366    
S8-D6:      0.319     1.281  0.2002937       0.167     0.644  0.5198829       0.069    -0.890  0.3736684    
S8-D8:      0.413     1.294  0.1958543       0.471     1.434  0.1518582      -0.078    -1.071  0.2841364    
S9-D9:      0.146     0.568  0.5701053       0.312     1.153  0.2491061      -0.169    -0.546  0.5853655    
S9-D10:      0.130     0.611  0.5412766       0.160     0.724  0.4694276       0.092    -0.417  0.6763955    
S9-D11:      0.369     1.024  0.3058200       0.477     1.277  0.2019650      -0.105    -0.830  0.4064670    
S9-D23:      0.081     0.213  0.8310295      -0.444    -1.081  0.2799586       0.044     0.277  0.7821452    
S10-D10:      0.301     1.134  0.2567909       0.406     1.486  0.1375036      -0.058    -1.019  0.3083905    
S10-D12:      0.466     1.376  0.1689261       0.550     1.560  0.1189658      -0.102    -1.128  0.2594347    
S11-D9:      0.223     0.713  0.4761717       0.248     0.759  0.4481703      -0.002    -0.382  0.7023257    
S11-D11:      0.379     1.100  0.2716452       0.412     1.144  0.2530230       0.039    -0.827  0.4082722    
S11-D13:      0.070     0.295  0.7681884       0.150     0.601  0.5480001      -0.061    -0.237  0.8123826    
S12-D10:      0.253     0.755  0.4500970       0.234     0.667  0.5048649      -0.060    -0.530  0.5963336    
S12-D11:      0.245     0.960  0.3374344       0.323     1.210  0.2266558       0.058    -0.752  0.4521802    
S12-D12:      0.388     1.300  0.1937262       0.457     1.472  0.1412849      -0.105    -1.098  0.2726113    
S12-D14:      0.180     0.458  0.6470040       0.234     0.548  0.5841027      -0.094    -0.522  0.6019759    
S13-D11:      0.206     0.792  0.4286696       0.264     0.972  0.3310514      -0.013    -0.682  0.4952508    
S13-D13:     -0.110    -0.504  0.6145063       0.007     0.029  0.9766097       0.280     0.185  0.8532295    
S13-D14:     -0.337    -0.817  0.4141579      -0.111    -0.249  0.8031776      -0.007     0.575  0.5650842    
S13-D15:     -0.078    -0.141  0.8875879       0.500     0.871  0.3839696       0.022    -0.259  0.7957359    
S14-D12:     -0.053    -0.250  0.8024107      -0.116    -0.532  0.5950199       0.115     0.345  0.7303607    
S14-D14:      0.210     0.434  0.6640581      -0.023    -0.044  0.9645508      -0.000    -0.238  0.8116032    
S14-D22:     -0.207    -0.610  0.5416924      -0.377    -1.032  0.3021141       0.273     0.771  0.4411046    
S15-D13:      0.095     0.320  0.7491507       0.276     0.902  0.3669528       0.114    -0.365  0.7148567    
S15-D15:     -0.023    -0.037  0.9704889      -0.304    -0.464  0.6426677      -0.071     0.322  0.7477361    
S15-D21:      0.005     0.064  0.9487054       0.004     0.044  0.9649624      -0.200    -0.621  0.5343802    
S16-D14:      0.412     0.968  0.3333854       0.591     1.293  0.1963809      -0.324    -1.035  0.3008045    
S16-D15:      0.263     0.868  0.3854377       0.239     0.720  0.4713583      -0.061    -0.926  0.3547380    
S16-D20:     -0.009    -0.022  0.9825594      -0.222    -0.480  0.6310916       0.289     0.254  0.7993779    

Model fit per channel for Total(beta, t, p values)
S1-D1:     -0.230    -0.782  0.4345437      -0.030    -0.097  0.9230290      -0.012     0.471  0.6377093    
S1-D3:      0.419     1.478  0.1395638       0.611     2.075  0.0382073      -0.003    -1.499  0.1341016    
S1-D16:      0.074     0.187  0.8520092      -0.301    -0.699  0.4845378       0.077     0.065  0.9479080    
S2-D1:      0.330     0.667  0.5048606       0.065     0.126  0.8994785      -0.132    -0.569  0.5691656    
S2-D2:     -0.058    -0.227  0.8206950      -0.072    -0.260  0.7948014      -0.038     0.262  0.7934595    
S2-D4:     -0.418    -1.134  0.2569669      -0.367    -0.951  0.3417943       0.138     0.913  0.3613920    
S2-D17:     -0.166    -0.433  0.6650510      -0.281    -0.672  0.5020040       0.219     0.560  0.5756523    
S3-D1:      0.106     0.585  0.5587337      -0.046    -0.244  0.8075873      -0.252    -0.152  0.8795262    
S3-D3:      0.031     0.130  0.8967963       0.164     0.670  0.5031295      -0.127    -0.374  0.7082014    
S3-D4:     -0.123    -0.560  0.5758001       0.131     0.566  0.5716566      -0.073     0.185  0.8533055    
S3-D5:     -0.054    -0.538  0.5908407       0.017     0.162  0.8717177       0.047    -0.545  0.5856484    
S4-D2:      0.143     0.454  0.6501571       0.254     0.772  0.4404930       0.131    -0.558  0.5766915    
S4-D4:     -0.123    -0.413  0.6794754      -0.198    -0.640  0.5220983      -0.052     0.390  0.6963112    
S4-D6:     -0.037    -0.290  0.7716639       0.016     0.122  0.9026156      -0.062    -0.222  0.8244091    
S4-D18:      0.175     0.643  0.5200644       0.065     0.209  0.8342850      -0.087    -0.509  0.6105530    
S5-D3:     -0.192    -0.846  0.3979714      -0.066    -0.277  0.7814631      -0.054     0.512  0.6090668    
S5-D5:     -0.013    -0.130  0.8966088      -0.051    -0.506  0.6130097       0.064    -0.433  0.6648339    
S5-D7:     -0.109    -0.667  0.5047270      -0.013    -0.075  0.9406176       0.056    -0.169  0.8660529    
S6-D4:     -0.010    -0.032  0.9748312       0.185     0.537  0.5916798       0.067    -0.288  0.7734613    
S6-D5:      0.013     0.050  0.9605187       0.074     0.268  0.7885359      -0.162    -0.372  0.7097371    
S6-D6:      0.020     0.092  0.9265272       0.065     0.295  0.7681323      -0.229    -0.292  0.7701613    
S6-D8:      0.036     0.141  0.8879059       0.021     0.079  0.9367168      -0.245    -0.371  0.7107928    
S7-D5:     -0.074    -0.712  0.4767388      -0.036    -0.333  0.7392694      -0.036    -0.244  0.8075117    
S7-D7:     -0.134    -0.450  0.6525353      -0.026    -0.085  0.9326568      -0.123    -0.045  0.9645079    
S7-D8:      0.164     0.609  0.5427191       0.242     0.869  0.3847632      -0.153    -0.887  0.3751517    
S7-D19:      0.982     1.824  0.0683882       0.879     1.553  0.1207102      -0.464    -1.669  0.0952929    
S8-D6:     -0.008    -0.100  0.9203719       0.037     0.420  0.6749031      -0.106    -0.375  0.7076962    
S8-D8:      0.148     0.600  0.5484087       0.132     0.517  0.6053930      -0.147    -0.814  0.4155382    
S9-D9:     -0.102    -0.448  0.6544281      -0.065    -0.274  0.7840016      -0.202    -0.025  0.9801031    
S9-D10:      0.039     0.118  0.9064429       0.169     0.480  0.6310850      -0.125    -0.293  0.7692298    
S9-D11:     -0.108    -0.735  0.4622560      -0.043    -0.279  0.7800610      -0.047     0.038  0.9700784    
S9-D23:     -0.106    -0.333  0.7391942      -0.309    -0.903  0.3667505       0.264     0.489  0.6249573    
S10-D10:     -0.055    -0.822  0.4112392       0.039     0.573  0.5664682      -0.148    -0.057  0.9543836    
S10-D12:     -0.103    -0.586  0.5580627      -0.021    -0.113  0.9097909      -0.060    -0.252  0.8006941    
S11-D9:     -0.237    -0.963  0.3357000      -0.215    -0.846  0.3974326      -0.012     0.530  0.5959471    
S11-D11:     -0.119    -0.644  0.5199097      -0.036    -0.185  0.8529208       0.041     0.072  0.9426352    
S11-D13:      0.011     0.031  0.9750623       0.066     0.175  0.8614107      -0.085    -0.052  0.9585277    
S12-D10:      0.011     0.122  0.9025646       0.002     0.025  0.9803322      -0.075    -0.271  0.7861748    
S12-D11:     -0.025    -0.412  0.6805320       0.025     0.394  0.6938929      -0.068    -0.269  0.7878002    
S12-D12:     -0.040    -0.434  0.6642947      -0.005    -0.051  0.9592300      -0.093    -0.214  0.8309612    
S12-D14:     -0.003    -0.007  0.9940368      -0.210    -0.526  0.5992629      -0.068     0.152  0.8795865    
S13-D11:     -0.061    -0.447  0.6547461      -0.020    -0.139  0.8891283      -0.193    -0.201  0.8410285    
S13-D13:     -0.005    -0.017  0.9865212       0.106     0.380  0.7041401      -0.199    -0.104  0.9174621    
S13-D14:      0.322     0.921  0.3573584       0.108     0.272  0.7854789      -0.167    -0.713  0.4758952    
S13-D15:     -0.161    -0.601  0.5479614      -0.064    -0.228  0.8199934      -0.056     0.413  0.6797088    
S14-D12:     -0.052    -0.173  0.8629409      -0.007    -0.024  0.9810460      -0.206     0.061  0.9516224    
S14-D14:     -0.055    -0.149  0.8818293      -0.166    -0.404  0.6860330       0.060     0.256  0.7980989    
S14-D22:     -0.409    -1.266  0.2055522      -0.520    -1.548  0.1219575       0.273     1.298  0.1943917    
S15-D13:      0.644     1.997  0.0459756       0.787     2.345  0.0191465      -0.154    -1.818  0.0692467    
S15-D15:     -0.222    -0.497  0.6189700      -0.361    -0.769  0.4422249       0.060     0.536  0.5918226    
S15-D21:      0.046     0.145  0.8844909       0.560     1.583  0.1137594      -0.104    -0.734  0.4633351    
S16-D14:      0.051     0.134  0.8931447       0.217     0.527  0.5980822      -0.135    -0.352  0.7251568    
S16-D15:     -0.066    -0.172  0.8632774       0.020     0.048  0.9618051       0.182     0.025  0.9798244    
S16-D20:     -0.036    -0.114  0.9089725      -0.061    -0.186  0.8522189       0.249     0.112  0.9111570    


GLM CONTRAST RESULTS
Contrast 1: REST > Baseline
Contrast 2: REST + STIM > Baseline
Contrast 3: REST > STIM 
Contrast 4: STIM > REST 

Contrast results per channel for Oxy(t, p values)
S1-D1:      0.421  0.6735457       0.483  0.6295166       0.190  0.8490849      -0.190  0.8490849    
S1-D3:      0.497  0.6192900       0.577  0.5642980      -0.260  0.7949995       0.260  0.7949995    
S1-D16:      0.049  0.9611042      -0.079  0.9373151       0.210  0.8336974      -0.210  0.8336974    
S2-D1:      0.585  0.5589139       0.731  0.4650182      -0.333  0.7394730       0.333  0.7394730    
S2-D2:     -0.637  0.5244415      -0.605  0.5455786      -0.384  0.7010682       0.384  0.7010682    
S2-D4:     -0.305  0.7607383      -0.271  0.7865911      -0.129  0.8971648       0.129  0.8971648    
S2-D17:      0.637  0.5242551       0.843  0.3992051      -0.332  0.7397875       0.332  0.7397875    
S3-D1:      0.700  0.4839027       0.494  0.6211426       0.530  0.5962155      -0.530  0.5962155    
S3-D3:      0.872  0.3832648       1.126  0.2605088      -0.950  0.3420596       0.950  0.3420596    
S3-D4:      0.526  0.5988176       0.735  0.4623214      -0.458  0.6468211       0.458  0.6468211    
S3-D5:      0.080  0.9362926       0.287  0.7739744      -1.012  0.3117317       1.012  0.3117317    
S4-D2:      0.014  0.9884439       0.124  0.9014808      -0.408  0.6831118       0.408  0.6831118    
S4-D4:      0.070  0.9444219      -0.041  0.9675860       0.278  0.7812413      -0.278  0.7812413    
S4-D6:     -0.136  0.8917832      -0.255  0.7989490       0.339  0.7349011      -0.339  0.7349011    
S4-D18:      0.268  0.7888334       0.781  0.4347210      -0.816  0.4147327       0.816  0.4147327    
S5-D3:     -0.326  0.7447970      -0.086  0.9315644      -0.891  0.3730030       0.891  0.3730030    
S5-D5:      0.295  0.7677847       0.391  0.6955350      -0.416  0.6773629       0.416  0.6773629    
S5-D7:     -0.021  0.9833226       0.106  0.9157120      -0.559  0.5759261       0.559  0.5759261    
S6-D4:      0.736  0.4619623       0.552  0.5808459       0.648  0.5172388      -0.648  0.5172388    
S6-D5:      0.331  0.7407815       0.538  0.5904085      -0.778  0.4369353       0.778  0.4369353    
S6-D6:      0.857  0.3916082       0.914  0.3609867      -0.110  0.9124893       0.110  0.9124893    
S6-D8:      0.518  0.6043803       0.538  0.5906546      -0.025  0.9802068       0.025  0.9802068    
S7-D5:     -0.268  0.7891001      -0.138  0.8903465      -0.552  0.5811495       0.552  0.5811495    
S7-D7:     -0.193  0.8467980       0.078  0.9376852      -1.179  0.2384725       1.179  0.2384725    
S7-D8:      0.994  0.3204667       1.091  0.2752803      -0.458  0.6469031       0.458  0.6469031    
S7-D19:     -1.040  0.2985183      -0.248  0.8038375      -1.658  0.0974563       1.658  0.0974563    
S8-D6:      1.404  0.1605952       1.642  0.1008842      -0.982  0.3264509       0.982  0.3264509    
S8-D8:      0.637  0.5239808       0.687  0.4920783      -0.148  0.8823848       0.148  0.8823848    
S9-D9:      0.097  0.9229467       0.254  0.7991905      -0.374  0.7082633       0.374  0.7082633    
S9-D10:     -0.038  0.9697663       0.300  0.7638549      -0.722  0.4703092       0.722  0.4703092    
S9-D11:     -0.543  0.5873956      -0.437  0.6619678      -0.440  0.6602685       0.440  0.6602685    
S9-D23:     -1.121  0.2624619      -0.489  0.6248108      -1.485  0.1376783       1.485  0.1376783    
S10-D10:      0.454  0.6500667       0.731  0.4650786      -1.311  0.1899534       1.311  0.1899534    
S10-D12:      0.755  0.4500847       0.897  0.3696358      -0.594  0.5528422       0.594  0.5528422    
S11-D9:     -0.230  0.8182845      -0.123  0.9021463      -0.326  0.7443616       0.326  0.7443616    
S11-D11:      0.084  0.9329007       0.209  0.8347729      -0.608  0.5434007       0.608  0.5434007    
S11-D13:     -0.094  0.9254659       0.086  0.9318688      -0.537  0.5911191       0.537  0.5911191    
S12-D10:      0.998  0.3185631       0.858  0.3908284       0.656  0.5118639      -0.656  0.5118639    
S12-D11:      0.106  0.9154879       0.315  0.7526653      -1.122  0.2621895       1.122  0.2621895    
S12-D12:      0.190  0.8495481       0.421  0.6739231      -0.935  0.3498797       0.935  0.3498797    
S12-D14:     -0.120  0.9045875      -0.517  0.6049260       1.315  0.1887607      -1.315  0.1887607    
S13-D11:      0.089  0.9293964       0.247  0.8052593      -0.672  0.5019992       0.672  0.5019992    
S13-D13:     -0.098  0.9221398       0.252  0.8013799      -0.923  0.3559750       0.923  0.3559750    
S13-D14:      0.441  0.6596249       0.410  0.6815473       0.117  0.9069395      -0.117  0.9069395    
S13-D15:      0.026  0.9793706      -0.423  0.6721654       1.532  0.1256635      -1.532  0.1256635    
S14-D12:      0.023  0.9816859      -0.068  0.9455603       0.081  0.9354829      -0.081  0.9354829    
S14-D14:      0.120  0.9048518       0.356  0.7219579      -0.515  0.6068428       0.515  0.6068428    
S14-D22:     -0.529  0.5969817      -0.514  0.6069917      -0.073  0.9420671       0.073  0.9420671    
S15-D13:      0.633  0.5268540       0.730  0.4653907      -0.295  0.7676603       0.295  0.7676603    
S15-D15:     -0.978  0.3281507      -0.876  0.3809121      -0.403  0.6873757       0.403  0.6873757    
S15-D21:      0.549  0.5833837       0.569  0.5696237      -0.018  0.9854351       0.018  0.9854351    
S16-D14:     -0.586  0.5577908      -0.235  0.8139229      -1.044  0.2966175       1.044  0.2966175    
S16-D15:      0.651  0.5153539       0.152  0.8794564       0.924  0.3558791      -0.924  0.3558791    
S16-D20:     -0.823  0.4103824      -1.033  0.3018260       0.602  0.5469836      -0.602  0.5469836    
Contrast results per channel for DeOxy(t, p values)
S1-D1:      0.374  0.7084679       0.189  0.8497780       0.367  0.7137880      -0.367  0.7137880    
S1-D3:     -0.367  0.7135238       0.101  0.9198102      -1.274  0.2028455       1.274  0.2028455    
S1-D16:     -0.082  0.9342973       0.118  0.9062829      -0.293  0.7698126       0.293  0.7698126    
S2-D1:      0.328  0.7430405       0.214  0.8303492       0.258  0.7964482      -0.258  0.7964482    
S2-D2:     -0.804  0.4215887      -0.832  0.4056676      -0.089  0.9293813       0.089  0.9293813    
S2-D4:     -0.388  0.6981787       0.333  0.7393427      -1.433  0.1521239       1.433  0.1521239    
S2-D17:     -0.772  0.4400285      -0.355  0.7226600      -1.205  0.2285584       1.205  0.2285584    
S3-D1:     -0.274  0.7842450      -0.048  0.9613329      -0.477  0.6333039       0.477  0.6333039    
S3-D3:     -0.780  0.4354220      -0.218  0.8272425      -0.803  0.4223564       0.803  0.4223564    
S3-D4:     -0.133  0.8940248      -0.356  0.7219993       0.556  0.5781915      -0.556  0.5781915    
S3-D5:      0.642  0.5210180       0.866  0.3865401      -0.646  0.5186408       0.646  0.5186408    
S4-D2:     -1.187  0.2355594      -0.838  0.4021853      -0.841  0.4006614       0.841  0.4006614    
S4-D4:      0.569  0.5692643       0.435  0.6634303       0.391  0.6958023      -0.391  0.6958023    
S4-D6:     -0.637  0.5244720      -0.635  0.5257443      -0.077  0.9388630       0.077  0.9388630    
S4-D18:      0.710  0.4780912       0.234  0.8151730       1.037  0.2997939      -1.037  0.2997939    
S5-D3:     -0.352  0.7250412       0.139  0.8898075      -0.647  0.5175983       0.647  0.5175983    
S5-D5:      0.881  0.3782186       0.796  0.4259124       0.372  0.7099977      -0.372  0.7099977    
S5-D7:      0.422  0.6732061       0.664  0.5065424      -0.708  0.4787846       0.708  0.4787846    
S6-D4:     -0.529  0.5971425      -0.559  0.5763544       0.044  0.9652181      -0.044  0.9652181    
S6-D5:      1.010  0.3126367       1.126  0.2602153      -0.442  0.6583722       0.442  0.6583722    
S6-D6:      0.023  0.9813915      -0.146  0.8838874       0.685  0.4936778      -0.685  0.4936778    
S6-D8:      0.960  0.3372928       0.834  0.4045655       0.441  0.6590024      -0.441  0.6590024    
S7-D5:      1.023  0.3062559       1.203  0.2292556      -0.689  0.4911638       0.689  0.4911638    
S7-D7:      0.719  0.4724344       1.216  0.2242867      -1.530  0.1263074       1.530  0.1263074    
S7-D8:      2.004  0.0453002       2.170  0.0301794      -0.816  0.4147561       0.816  0.4147561    
S7-D19:      1.690  0.0912548       0.642  0.5207634       1.639  0.1014875      -1.639  0.1014875    
S8-D6:      1.281  0.2002937       1.015  0.3102265       0.885  0.3762438      -0.885  0.3762438    
S8-D8:      1.294  0.1958543       1.415  0.1572584      -0.338  0.7356200       0.338  0.7356200    
S9-D9:      0.568  0.5701053       0.909  0.3637630      -1.052  0.2929653       1.052  0.2929653    
S9-D10:      0.611  0.5412766       0.688  0.4916370      -0.290  0.7718127       0.290  0.7718127    
S9-D11:      1.024  0.3058200       1.185  0.2360589      -0.628  0.5301344       0.628  0.5301344    
S9-D23:      0.213  0.8310295      -0.495  0.6208547       1.760  0.0786216      -1.760  0.0786216    
S10-D10:      1.134  0.2567909       1.349  0.1777006      -0.847  0.3970439       0.847  0.3970439    
S10-D12:      1.376  0.1689261       1.513  0.1305785      -0.513  0.6077556       0.513  0.6077556    
S11-D9:      0.713  0.4761717       0.769  0.4419340      -0.134  0.8930362       0.134  0.8930362    
S11-D11:      1.100  0.2716452       1.159  0.2465499      -0.182  0.8553160       0.182  0.8553160    
S11-D13:      0.295  0.7681884       0.479  0.6321522      -0.489  0.6251783       0.489  0.6251783    
S12-D10:      0.755  0.4500970       0.746  0.4558734       0.089  0.9287665      -0.089  0.9287665    
S12-D11:      0.960  0.3374344       1.118  0.2636377      -0.629  0.5297348       0.629  0.5297348    
S12-D12:      1.300  0.1937262       1.428  0.1535757      -0.484  0.6281402       0.484  0.6281402    
S12-D14:      0.458  0.6470040       0.550  0.5826584      -0.166  0.8682284       0.166  0.8682284    
S13-D11:      0.792  0.4286696       0.919  0.3584267      -0.403  0.6869844       0.403  0.6869844    
S13-D13:     -0.504  0.6145063      -0.241  0.8092838      -0.947  0.3439030       0.947  0.3439030    
S13-D14:     -0.817  0.4141579      -0.562  0.5739041      -0.710  0.4776745       0.710  0.4776745    
S13-D15:     -0.141  0.8875879       0.388  0.6977790      -2.057  0.0398674       2.057  0.0398674    
S14-D12:     -0.250  0.8024107      -0.422  0.6732943       0.413  0.6798208      -0.413  0.6798208    
S14-D14:      0.434  0.6640581       0.196  0.8442698       0.854  0.3934129      -0.854  0.3934129    
S14-D22:     -0.610  0.5416924      -0.897  0.3700726       0.631  0.5281585      -0.631  0.5281585    
S15-D13:      0.320  0.7491507       0.638  0.5233948      -1.132  0.2576504       1.132  0.2576504    
S15-D15:     -0.037  0.9704889      -0.264  0.7921166       0.876  0.3812337      -0.876  0.3812337    
S15-D21:      0.064  0.9487054       0.103  0.9179333       0.011  0.9913317      -0.011  0.9913317    
S16-D14:      0.968  0.3333854       1.217  0.2240014      -0.562  0.5741766       0.562  0.5741766    
S16-D15:      0.868  0.3854377       0.923  0.3561279       0.073  0.9417040      -0.073  0.9417040    
S16-D20:     -0.022  0.9825594      -0.276  0.7827071       0.691  0.4897700      -0.691  0.4897700    
Contrast results per channel for Total(t, p values)
S1-D1:     -0.782  0.4345437      -0.473  0.6365147      -0.777  0.4374466       0.777  0.4374466    
S1-D3:      1.478  0.1395638       1.842  0.0657611      -1.314  0.1889229       1.314  0.1889229    
S1-D16:      0.187  0.8520092      -0.298  0.7655080       1.157  0.2475361      -1.157  0.2475361    
S2-D1:      0.667  0.5048606       0.404  0.6865614       1.090  0.2759309      -1.090  0.2759309    
S2-D2:     -0.227  0.8206950      -0.266  0.7903348       0.067  0.9469022      -0.067  0.9469022    
S2-D4:     -1.134  0.2569669      -1.097  0.2728521      -0.213  0.8315720       0.213  0.8315720    
S2-D17:     -0.433  0.6650510      -0.614  0.5393892       0.343  0.7316641      -0.343  0.7316641    
S3-D1:      0.585  0.5587337       0.192  0.8475372       0.759  0.4480223      -0.759  0.4480223    
S3-D3:      0.130  0.8967963       0.427  0.6697653      -0.886  0.3756448       0.886  0.3756448    
S3-D4:     -0.560  0.5758001       0.022  0.9820742      -0.878  0.3798432       0.878  0.3798432    
S3-D5:     -0.538  0.5908407      -0.225  0.8219707      -0.593  0.5535195       0.593  0.5535195    
S4-D2:      0.454  0.6501571       0.636  0.5251464      -0.687  0.4923015       0.687  0.4923015    
S4-D4:     -0.413  0.6794754      -0.550  0.5823269       0.456  0.6483629      -0.456  0.6483629    
S4-D6:     -0.290  0.7716639      -0.088  0.9296103      -0.492  0.6225287       0.492  0.6225287    
S4-D18:      0.643  0.5200644       0.489  0.6248323       0.350  0.7265501      -0.350  0.7265501    
S5-D3:     -0.846  0.3979714      -0.580  0.5618567      -0.912  0.3620943       0.912  0.3620943    
S5-D5:     -0.130  0.8966088      -0.377  0.7065089       0.369  0.7122935      -0.369  0.7122935    
S5-D7:     -0.667  0.5047270      -0.385  0.7000164      -0.927  0.3543344       0.927  0.3543344    
S6-D4:     -0.032  0.9748312       0.314  0.7533847      -0.589  0.5561895       0.589  0.5561895    
S6-D5:      0.050  0.9605187       0.167  0.8676746      -0.429  0.6678887       0.429  0.6678887    
S6-D6:      0.092  0.9265272       0.203  0.8394210      -0.396  0.6923476       0.396  0.6923476    
S6-D8:      0.141  0.8879059       0.113  0.9100042       0.118  0.9058400      -0.118  0.9058400    
S7-D5:     -0.712  0.4767388      -0.620  0.5353169      -0.331  0.7405621       0.331  0.7405621    
S7-D7:     -0.450  0.6525353      -0.269  0.7878449      -0.868  0.3852849       0.868  0.3852849    
S7-D8:      0.609  0.5427191       0.763  0.4453083      -0.595  0.5516160       0.595  0.5516160    
S7-D19:      1.824  0.0683882       1.748  0.0807458       0.348  0.7280333      -0.348  0.7280333    
S8-D6:     -0.100  0.9203719       0.205  0.8378695      -0.439  0.6603755       0.439  0.6603755    
S8-D8:      0.600  0.5484087       0.578  0.5635194       0.124  0.9015801      -0.124  0.9015801    
S9-D9:     -0.448  0.6544281      -0.370  0.7113808      -0.339  0.7348734       0.339  0.7348734    
S9-D10:      0.118  0.9064429       0.316  0.7521770      -0.699  0.4848685       0.699  0.4848685    
S9-D11:     -0.735  0.4622560      -0.552  0.5812753      -0.535  0.5925798       0.535  0.5925798    
S9-D23:     -0.333  0.7391942      -0.696  0.4866396       0.712  0.4765229      -0.712  0.4765229    
S10-D10:     -0.822  0.4112392      -0.163  0.8707276      -0.964  0.3350961       0.964  0.3350961    
S10-D12:     -0.586  0.5580627      -0.368  0.7132175      -0.677  0.4983413       0.677  0.4983413    
S11-D9:     -0.963  0.3357000      -0.926  0.3545254      -0.196  0.8447510       0.196  0.8447510    
S11-D11:     -0.644  0.5199097      -0.431  0.6664373      -0.715  0.4749979       0.715  0.4749979    
S11-D13:      0.031  0.9750623       0.108  0.9142061      -0.307  0.7590146       0.307  0.7590146    
S12-D10:      0.122  0.9025646       0.100  0.9200787       0.069  0.9450956      -0.069  0.9450956    
S12-D11:     -0.412  0.6805320      -0.004  0.9971184      -0.522  0.6020184       0.522  0.6020184    
S12-D12:     -0.434  0.6642947      -0.294  0.7688712      -0.323  0.7471098       0.323  0.7471098    
S12-D14:     -0.007  0.9940368      -0.313  0.7541898       0.605  0.5451922      -0.605  0.5451922    
S13-D11:     -0.447  0.6547461      -0.325  0.7448563      -0.330  0.7414545       0.330  0.7414545    
S13-D13:     -0.017  0.9865212       0.195  0.8456119      -0.689  0.4912147       0.689  0.4912147    
S13-D14:      0.921  0.3573584       0.671  0.5024374       0.554  0.5796457      -0.554  0.5796457    
S13-D15:     -0.601  0.5479614      -0.471  0.6376707      -0.359  0.7199467       0.359  0.7199467    
S14-D12:     -0.173  0.8629409      -0.100  0.9205946      -0.299  0.7652221       0.299  0.7652221    
S14-D14:     -0.149  0.8818293      -0.317  0.7512029       0.311  0.7555677      -0.311  0.7555677    
S14-D22:     -1.266  0.2055522      -1.463  0.1436129       0.628  0.5301836      -0.628  0.5301836    
S15-D13:      1.997  0.0459756       2.243  0.0250313      -0.886  0.3759331       0.886  0.3759331    
S15-D15:     -0.497  0.6189700      -0.663  0.5071523       0.535  0.5924234      -0.535  0.5924234    
S15-D21:      0.145  0.8844909       1.035  0.3007147      -1.571  0.1164604       1.571  0.1164604    
S16-D14:      0.134  0.8931447       0.376  0.7070361      -0.485  0.6278283       0.485  0.6278283    
S16-D15:     -0.172  0.8632774      -0.064  0.9487986      -0.262  0.7932611       0.262  0.7932611    
S16-D20:     -0.114  0.9089725      -0.156  0.8757795       0.157  0.8749707      -0.157  0.8749707    
Explained VarianceOxy(R squared)
S1-D1:      0.000  0.0141069    0.0000000    
S1-D3:      0.000  0.0164852    0.0000000    
S1-D16:      0.000  0.0057887    0.0000000    
S2-D1:      0.000  0.0208364    0.0000000    
S2-D2:      0.000  0.0195802    0.0000000    
S2-D4:      0.000  0.0083060    0.0000000    
S2-D17:      0.000  0.0234464    0.0000000    
S3-D1:      0.000  0.0199374    0.0000000    
S3-D3:      0.000  0.0381513    0.0000000    
S3-D4:      0.000  0.0221939    0.0000000    
S3-D5:      0.000  0.0277051    0.0000000    
S4-D2:      0.000  0.0112147    0.0000000    
S4-D4:      0.000  0.0074695    0.0000000    
S4-D6:      0.000  0.0110700    0.0000000    
S4-D18:      0.000  0.0283786    0.0000000    
S5-D3:      0.000  0.0243019    0.0000000    
S5-D5:      0.000  0.0147748    0.0000000    
S5-D7:      0.000  0.0150758    0.0000000    
S6-D4:      0.000  0.0239031    0.0000000    
S6-D5:      0.000  0.0245375    0.0000000    
S6-D6:      0.000  0.0245761    0.0000000    
S6-D8:      0.000  0.0144527    0.0000000    
S7-D5:      0.000  0.0155471    0.0000000    
S7-D7:      0.000  0.0316635    0.0000000    
S7-D8:      0.000  0.0305772    0.0000000    
S7-D19:      0.000  0.0456019    0.0000000    
S8-D6:      0.000  0.0494708    0.0000000    
S8-D8:      0.000  0.0186535    0.0000000    
S9-D9:      0.000  0.0118926    0.0000000    
S9-D10:      0.000  0.0206649    0.0000000    
S9-D11:      0.000  0.0171295    0.0000000    
S9-D23:      0.000  0.0437755    0.0000000    
S10-D10:      0.000  0.0392844    0.0000000    
S10-D12:      0.000  0.0279040    0.0000000    
S11-D9:      0.000  0.0095401    0.0000000    
S11-D11:      0.000  0.0168265    0.0000000    
S11-D13:      0.000  0.0144991    0.0000000    
S12-D10:      0.000  0.0301471    0.0000000    
S12-D11:      0.000  0.0306975    0.0000000    
S12-D12:      0.000  0.0267859    0.0000000    
S12-D14:      0.000  0.0368319    0.0000000    
S13-D11:      0.000  0.0187543    0.0000000    
S13-D13:      0.000  0.0252361    0.0000000    
S13-D14:      0.000  0.0118333    0.0000000    
S13-D15:      0.000  0.0418169    0.0000000    
S14-D12:      0.000  0.0027982    0.0000000    
S14-D14:      0.000  0.0159585    0.0000000    
S14-D22:      0.000  0.0142227    0.0000000    
S15-D13:      0.000  0.0205292    0.0000000    
S15-D15:      0.000  0.0269466    0.0000000    
S15-D21:      0.000  0.0153020    0.0000000    
S16-D14:      0.000  0.0294777    0.0000000    
S16-D15:      0.000  0.0259584    0.0000000    
S16-D20:      0.000  0.0308649    0.0000000    
Explained VarianceDeOxy(R squared)
S1-D1:      0.000  0.0117983    0.0000000    
S1-D3:      0.000  0.0342078    0.0000000    
S1-D16:      0.000  0.0080874    0.0000000    
S2-D1:      0.000  0.0096457    0.0000000    
S2-D2:      0.000  0.0226510    0.0000000    
S2-D4:      0.000  0.0388915    0.0000000    
S2-D17:      0.000  0.0348378    0.0000000    
S3-D1:      0.000  0.0130219    0.0000000    
S3-D3:      0.000  0.0225317    0.0000000    
S3-D4:      0.000  0.0169402    0.0000000    
S3-D5:      0.000  0.0279931    0.0000000    
S4-D2:      0.000  0.0326544    0.0000000    
S4-D4:      0.000  0.0167043    0.0000000    
S4-D6:      0.000  0.0174225    0.0000000    
S4-D18:      0.000  0.0295727    0.0000000    
S5-D3:      0.000  0.0176526    0.0000000    
S5-D5:      0.000  0.0243674    0.0000000    
S5-D7:      0.000  0.0252595    0.0000000    
S6-D4:      0.000  0.0150118    0.0000000    
S6-D5:      0.000  0.0316578    0.0000000    
S6-D6:      0.000  0.0185579    0.0000000    
S6-D8:      0.000  0.0261010    0.0000000    
S7-D5:      0.000  0.0363854    0.0000000    
S7-D7:      0.000  0.0502886    0.0000000    
S7-D8:      0.000  0.0605215    0.0000000    
S7-D19:      0.000  0.0482299    0.0000000    
S8-D6:      0.000  0.0373950    0.0000000    
S8-D8:      0.000  0.0386142    0.0000000    
S9-D9:      0.000  0.0358411    0.0000000    
S9-D10:      0.000  0.0195206    0.0000000    
S9-D11:      0.000  0.0349210    0.0000000    
S9-D23:      0.000  0.0479158    0.0000000    
S10-D10:      0.000  0.0415851    0.0000000    
S10-D12:      0.000  0.0418729    0.0000000    
S11-D9:      0.000  0.0207518    0.0000000    
S11-D11:      0.000  0.0311988    0.0000000    
S11-D13:      0.000  0.0177360    0.0000000    
S12-D10:      0.000  0.0204333    0.0000000    
S12-D11:      0.000  0.0331993    0.0000000    
S12-D12:      0.000  0.0395080    0.0000000    
S12-D14:      0.000  0.0150180    0.0000000    
S13-D11:      0.000  0.0261765    0.0000000    
S13-D13:      0.000  0.0267647    0.0000000    
S13-D14:      0.000  0.0257138    0.0000000    
S13-D15:      0.000  0.0554234    0.0000000    
S14-D12:      0.000  0.0154147    0.0000000    
S14-D14:      0.000  0.0241156    0.0000000    
S14-D22:      0.000  0.0281072    0.0000000    
S15-D13:      0.000  0.0340760    0.0000000    
S15-D15:      0.000  0.0240328    0.0000000    
S15-D21:      0.000  0.0027970    0.0000000    
S16-D14:      0.000  0.0346992    0.0000000    
S16-D15:      0.000  0.0251958    0.0000000    
S16-D20:      0.000  0.0193306    0.0000000    
Explained VarianceTotal(R squared)
S1-D1:      0.000  0.0253637    0.0000000    
S1-D3:      0.000  0.0585653    0.0000000    
S1-D16:      0.000  0.0313776    0.0000000    
S2-D1:      0.000  0.0320845    0.0000000    
S2-D2:      0.000  0.0072133    0.0000000    
S2-D4:      0.000  0.0305132    0.0000000    
S2-D17:      0.000  0.0180349    0.0000000    
S3-D1:      0.000  0.0212824    0.0000000    
S3-D3:      0.000  0.0257679    0.0000000    
S3-D4:      0.000  0.0235975    0.0000000    
S3-D5:      0.000  0.0172228    0.0000000    
S4-D2:      0.000  0.0241719    0.0000000    
S4-D4:      0.000  0.0184639    0.0000000    
S4-D6:      0.000  0.0135567    0.0000000    
S4-D18:      0.000  0.0173712    0.0000000    
S5-D3:      0.000  0.0302712    0.0000000    
S5-D5:      0.000  0.0139098    0.0000000    
S5-D7:      0.000  0.0275057    0.0000000    
S6-D4:      0.000  0.0169700    0.0000000    
S6-D5:      0.000  0.0120928    0.0000000    
S6-D6:      0.000  0.0116131    0.0000000    
S6-D8:      0.000  0.0045674    0.0000000    
S7-D5:      0.000  0.0191630    0.0000000    
S7-D7:      0.000  0.0252774    0.0000000    
S7-D8:      0.000  0.0251371    0.0000000    
S7-D19:      0.000  0.0489368    0.0000000    
S8-D6:      0.000  0.0128510    0.0000000    
S8-D8:      0.000  0.0161226    0.0000000    
S9-D9:      0.000  0.0139915    0.0000000    
S9-D10:      0.000  0.0198519    0.0000000    
S9-D11:      0.000  0.0211385    0.0000000    
S9-D23:      0.000  0.0255747    0.0000000    
S10-D10:      0.000  0.0264140    0.0000000    
S10-D12:      0.000  0.0211627    0.0000000    
S11-D9:      0.000  0.0259051    0.0000000    
S11-D11:      0.000  0.0231084    0.0000000    
S11-D13:      0.000  0.0085023    0.0000000    
S12-D10:      0.000  0.0033276    0.0000000    
S12-D11:      0.000  0.0140217    0.0000000    
S12-D12:      0.000  0.0119379    0.0000000    
S12-D14:      0.000  0.0174551    0.0000000    
S13-D11:      0.000  0.0127331    0.0000000    
S13-D13:      0.000  0.0188542    0.0000000    
S13-D14:      0.000  0.0252112    0.0000000    
S13-D15:      0.000  0.0163397    0.0000000    
S14-D12:      0.000  0.0086992    0.0000000    
S14-D14:      0.000  0.0112654    0.0000000    
S14-D22:      0.000  0.0416453    0.0000000    
S15-D13:      0.000  0.0629847    0.0000000    
S15-D15:      0.000  0.0219200    0.0000000    
S15-D21:      0.000  0.0476975    0.0000000    
S16-D14:      0.000  0.0156889    0.0000000    
S16-D15:      0.000  0.0074223    0.0000000    
S16-D20:      0.000  0.0056628    0.0000000    
