MULTI-STUDY GLM RESULTS

SEPARATE STUDY PREDICTORS:   NO
SEPARATE SUBJECT PREDICTORS: NO

NAME OF MAIN PREDICTORS
Predictor 1: Left Hand
Predictor 2: Right Hand

Model fit per channel for oxy-Hb (beta, t, p values)
S1-D1:      0.390    13.556  0.0000000       0.475    16.530  0.0000000      -0.141    -7.296  0.0000000      -0.140    -7.278  0.0000000      -0.140    -7.295  0.0000000    
S1-D2:     -0.166    -5.657  0.0000000       0.052     1.775  0.0759838       0.018     0.940  0.3470276       0.018     0.938  0.3480325       0.018     0.940  0.3470894    
S1-D3:     -0.169    -5.788  0.0000000       0.120     4.095  0.0000427       0.008     0.409  0.6823768       0.008     0.409  0.6827876       0.008     0.409  0.6823993    
S1-D4:      0.149     5.111  0.0000003       0.374    12.851  0.0000000      -0.085    -4.357  0.0000133      -0.084    -4.346  0.0000140      -0.085    -4.356  0.0000134    
S1-D5:      0.379    13.193  0.0000000       0.508    17.702  0.0000000      -0.144    -7.492  0.0000000      -0.143    -7.474  0.0000000      -0.144    -7.491  0.0000000    
S1-D6:      0.150     5.123  0.0000003       0.242     8.289  0.0000000      -0.064    -3.253  0.0011469      -0.063    -3.245  0.0011797      -0.064    -3.252  0.0011490    
S1-D7:     -0.135    -4.596  0.0000044       0.008     0.285  0.7754921       0.021     1.045  0.2962419       0.020     1.042  0.2973174       0.021     1.044  0.2963089    
S1-D8:     -0.010    -0.341  0.7327945       0.079     2.690  0.0071594      -0.011    -0.570  0.5687373      -0.011    -0.568  0.5697674      -0.011    -0.570  0.5688037    
S1-D9:      0.076     2.597  0.0094071       0.218     7.443  0.0000000      -0.048    -2.435  0.0148911      -0.047    -2.429  0.0151452      -0.048    -2.435  0.0149072    
S1-D10:      0.239     8.231  0.0000000       0.330    11.334  0.0000000      -0.092    -4.745  0.0000021      -0.092    -4.733  0.0000022      -0.092    -4.744  0.0000021    
S1-D11:     -0.037    -1.264  0.2063892       0.000     0.002  0.9980412       0.006     0.306  0.7598796       0.006     0.305  0.7604027       0.006     0.306  0.7599123    
S1-D12:     -0.181    -6.162  0.0000000      -0.022    -0.756  0.4497524       0.033     1.677  0.0936300       0.033     1.673  0.0943829       0.033     1.676  0.0936771    
S1-D13:      0.463    16.242  0.0000000       0.558    19.571  0.0000000      -0.166    -8.685  0.0000000      -0.165    -8.663  0.0000000      -0.166    -8.683  0.0000000    
S1-D15:     -0.174    -5.941  0.0000000      -0.041    -1.395  0.1629239       0.035     1.778  0.0753689       0.035     1.774  0.0760478       0.035     1.778  0.0754114    
S1-D16:      0.020     0.698  0.4850498       0.312    10.679  0.0000000      -0.054    -2.760  0.0057860      -0.054    -2.753  0.0059137      -0.054    -2.760  0.0057941    
S2-D1:      0.512    18.184  0.0000000       0.686    24.342  0.0000000      -0.195   -10.313  0.0000000      -0.194   -10.288  0.0000000      -0.195   -10.312  0.0000000    
S2-D4:      0.371    12.963  0.0000000       0.546    19.053  0.0000000      -0.149    -7.764  0.0000000      -0.148    -7.745  0.0000000      -0.149    -7.763  0.0000000    
S2-D5:      0.561    19.944  0.0000000       0.668    23.734  0.0000000      -0.200   -10.592  0.0000000      -0.199   -10.566  0.0000000      -0.200   -10.590  0.0000000    
S2-D9:      0.492    17.369  0.0000000       0.644    22.741  0.0000000      -0.184    -9.727  0.0000000      -0.183    -9.703  0.0000000      -0.184    -9.726  0.0000000    
S2-D10:      0.613    21.887  0.0000000       0.683    24.401  0.0000000      -0.211   -11.225  0.0000000      -0.209   -11.197  0.0000000      -0.210   -11.223  0.0000000    
S2-D13:      0.666    24.111  0.0000000       0.786    28.442  0.0000000      -0.236   -12.744  0.0000000      -0.235   -12.713  0.0000000      -0.236   -12.742  0.0000000    
S3-D1:     -0.006    -0.202  0.8400140      -0.006    -0.221  0.8252903       0.002     0.102  0.9183716       0.002     0.102  0.9185699       0.002     0.102  0.9183842    
S3-D2:      0.196     6.714  0.0000000       0.303    10.394  0.0000000      -0.081    -4.149  0.0000337      -0.081    -4.139  0.0000352      -0.081    -4.148  0.0000338    
S3-D6:      0.198     6.783  0.0000000       0.193     6.600  0.0000000      -0.064    -3.245  0.0011784      -0.063    -3.237  0.0012114      -0.064    -3.245  0.0011805    
S3-D10:      0.167     5.719  0.0000000       0.206     7.036  0.0000000      -0.061    -3.093  0.0019862      -0.060    -3.086  0.0020374      -0.061    -3.093  0.0019894    
S3-D14:     -0.034    -1.144  0.2525903      -0.104    -3.561  0.0003710       0.022     1.141  0.2537442       0.022     1.138  0.2549439       0.022     1.141  0.2538208    
S4-D2:     -0.405   -13.945  0.0000000      -0.052    -1.803  0.0713674       0.074     3.817  0.0001359       0.074     3.808  0.0001408       0.074     3.817  0.0001362    
S4-D3:      0.021     0.725  0.4684044       0.591    20.618  0.0000000      -0.099    -5.178  0.0000002      -0.099    -5.165  0.0000002      -0.099    -5.177  0.0000002    
S4-D7:     -0.128    -4.361  0.0000131       0.136     4.661  0.0000032      -0.001    -0.074  0.9411218      -0.001    -0.073  0.9415803      -0.001    -0.074  0.9411545    
S4-D11:     -0.150    -5.104  0.0000003       0.048     1.651  0.0987341       0.016     0.836  0.4030151       0.016     0.835  0.4039916       0.016     0.836  0.4030752    
S4-D12:     -0.059    -2.060  0.0394671       0.471    16.294  0.0000000      -0.067    -3.454  0.0005542      -0.066    -3.445  0.0005734      -0.067    -3.454  0.0005554    
S4-D15:     -0.168    -5.759  0.0000000       0.126     4.294  0.0000177       0.007     0.354  0.7233629       0.007     0.354  0.7236762       0.007     0.354  0.7233790    
S5-D3:      0.372    13.698  0.0000000       1.047    38.530  0.0000000      -0.230   -12.669  0.0000000      -0.229   -12.637  0.0000000      -0.230   -12.666  0.0000000    
S5-D4:      0.299    10.433  0.0000000       0.566    19.731  0.0000000      -0.141    -7.316  0.0000000      -0.140    -7.298  0.0000000      -0.140    -7.315  0.0000000    
S5-D8:      0.268     9.446  0.0000000       0.686    24.122  0.0000000      -0.155    -8.142  0.0000000      -0.154    -8.121  0.0000000      -0.155    -8.141  0.0000000    
S5-D9:      0.460    16.379  0.0000000       0.738    26.254  0.0000000      -0.195   -10.340  0.0000000      -0.194   -10.314  0.0000000      -0.195   -10.338  0.0000000    
S5-D12:      0.210     7.431  0.0000000       0.775    27.472  0.0000000      -0.160    -8.466  0.0000000      -0.159    -8.445  0.0000000      -0.160    -8.465  0.0000000    
S5-D16:      0.003     0.098  0.9222216       0.561    19.511  0.0000000      -0.092    -4.758  0.0000020      -0.091    -4.745  0.0000021      -0.092    -4.757  0.0000020    

Model fit per channel for deoxy-Hb (beta, t, p values)
S1-D1:     -0.509   -17.824  0.0000000      -0.503   -17.637  0.0000000       0.164     8.599  0.0000000       0.164     8.578  0.0000000       0.164     8.598  0.0000000    
S1-D2:     -0.516   -18.469  0.0000000      -0.771   -27.598  0.0000000       0.209    11.172  0.0000000       0.208    11.145  0.0000000       0.209    11.170  0.0000000    
S1-D3:     -0.440   -15.269  0.0000000      -0.395   -13.695  0.0000000       0.136     7.023  0.0000000       0.135     7.006  0.0000000       0.135     7.022  0.0000000    
S1-D4:     -1.296   -54.260  0.0000000      -1.216   -50.884  0.0000000       0.408    25.496  0.0000000       0.406    25.434  0.0000000       0.408    25.492  0.0000000    
S1-D5:     -1.072   -41.120  0.0000000      -0.907   -34.790  0.0000000       0.321    18.407  0.0000000       0.320    18.362  0.0000000       0.321    18.404  0.0000000    
S1-D6:     -0.568   -20.201  0.0000000      -0.671   -23.876  0.0000000       0.201    10.689  0.0000000       0.200    10.663  0.0000000       0.201    10.687  0.0000000    
S1-D7:     -0.876   -32.308  0.0000000      -0.778   -28.685  0.0000000       0.269    14.790  0.0000000       0.267    14.754  0.0000000       0.269    14.787  0.0000000    
S1-D8:     -1.014   -39.134  0.0000000      -1.015   -39.139  0.0000000       0.330    18.980  0.0000000       0.328    18.934  0.0000000       0.329    18.977  0.0000000    
S1-D9:     -1.098   -42.868  0.0000000      -1.013   -39.560  0.0000000       0.343    19.988  0.0000000       0.341    19.939  0.0000000       0.343    19.985  0.0000000    
S1-D10:     -1.030   -38.425  0.0000000      -0.686   -25.588  0.0000000       0.279    15.521  0.0000000       0.277    15.484  0.0000000       0.279    15.518  0.0000000    
S1-D11:     -0.552   -19.770  0.0000000      -0.752   -26.914  0.0000000       0.212    11.322  0.0000000       0.211    11.294  0.0000000       0.212    11.320  0.0000000    
S1-D12:     -0.453   -15.908  0.0000000      -0.577   -20.240  0.0000000       0.167     8.766  0.0000000       0.166     8.745  0.0000000       0.167     8.765  0.0000000    
S1-D13:     -1.007   -39.176  0.0000000      -1.083   -42.131  0.0000000       0.339    19.717  0.0000000       0.338    19.669  0.0000000       0.339    19.714  0.0000000    
S1-D15:     -0.963   -35.491  0.0000000      -0.647   -23.844  0.0000000       0.261    14.387  0.0000000       0.260    14.352  0.0000000       0.261    14.385  0.0000000    
S1-D16:     -0.232    -7.944  0.0000000       0.060     2.053  0.0401162       0.028     1.427  0.1535836       0.028     1.424  0.1544581       0.028     1.427  0.1536375    
S2-D1:      0.231     7.959  0.0000000       0.419    14.473  0.0000000      -0.106    -5.441  0.0000001      -0.105    -5.427  0.0000001      -0.106    -5.440  0.0000001    
S2-D4:     -0.514   -18.301  0.0000000      -0.729   -25.972  0.0000000       0.202    10.737  0.0000000       0.201    10.710  0.0000000       0.202    10.735  0.0000000    
S2-D5:     -1.200   -46.342  0.0000000      -0.764   -29.475  0.0000000       0.319    18.383  0.0000000       0.317    18.339  0.0000000       0.319    18.380  0.0000000    
S2-D9:     -1.301   -52.248  0.0000000      -0.947   -38.002  0.0000000       0.365    21.883  0.0000000       0.363    21.830  0.0000000       0.365    21.880  0.0000000    
S2-D10:     -1.046   -39.472  0.0000000      -0.786   -29.641  0.0000000       0.298    16.758  0.0000000       0.296    16.718  0.0000000       0.297    16.755  0.0000000    
S2-D13:     -0.123    -4.213  0.0000254       0.314    10.793  0.0000000      -0.031    -1.598  0.1101419      -0.031    -1.593  0.1111569      -0.031    -1.597  0.1102078    
S3-D1:     -0.454   -15.868  0.0000000      -0.495   -17.292  0.0000000       0.154     8.041  0.0000000       0.153     8.022  0.0000000       0.154     8.040  0.0000000    
S3-D2:     -0.682   -24.332  0.0000000      -0.603   -21.507  0.0000000       0.209    11.115  0.0000000       0.208    11.088  0.0000000       0.209    11.113  0.0000000    
S3-D6:     -0.808   -29.500  0.0000000      -0.739   -26.944  0.0000000       0.251    13.687  0.0000000       0.250    13.654  0.0000000       0.251    13.685  0.0000000    
S3-D10:     -0.829   -30.298  0.0000000      -0.735   -26.855  0.0000000       0.254    13.859  0.0000000       0.253    13.825  0.0000000       0.254    13.856  0.0000000    
S3-D14:     -0.718   -25.761  0.0000000      -0.634   -22.733  0.0000000       0.220    11.759  0.0000000       0.218    11.730  0.0000000       0.220    11.757  0.0000000    
S4-D2:     -0.968   -35.635  0.0000000      -0.621   -22.854  0.0000000       0.258    14.181  0.0000000       0.257    14.147  0.0000000       0.258    14.179  0.0000000    
S4-D3:      0.661    23.417  0.0000000       0.525    18.620  0.0000000      -0.193   -10.193  0.0000000      -0.192   -10.168  0.0000000      -0.193   -10.191  0.0000000    
S4-D7:     -1.028   -37.998  0.0000000      -0.538   -19.868  0.0000000       0.254    14.029  0.0000000       0.253    13.996  0.0000000       0.254    14.027  0.0000000    
S4-D11:     -1.116   -41.796  0.0000000      -0.538   -20.155  0.0000000       0.269    15.020  0.0000000       0.267    14.984  0.0000000       0.269    15.017  0.0000000    
S4-D12:     -0.257    -8.810  0.0000000       0.006     0.200  0.8414097       0.041     2.086  0.0369675       0.041     2.082  0.0373926       0.041     2.086  0.0369940    
S4-D15:     -0.906   -32.771  0.0000000      -0.426   -15.425  0.0000000       0.216    11.685  0.0000000       0.215    11.657  0.0000000       0.216    11.683  0.0000000    
S5-D3:      1.058    39.863  0.0000000       0.747    28.131  0.0000000      -0.293   -16.486  0.0000000      -0.292   -16.447  0.0000000      -0.293   -16.484  0.0000000    
S5-D4:     -0.349   -11.989  0.0000000      -0.207    -7.128  0.0000000       0.090     4.635  0.0000036       0.090     4.624  0.0000038       0.090     4.634  0.0000036    
S5-D8:      0.424    14.658  0.0000000       0.299    10.353  0.0000000      -0.117    -6.064  0.0000000      -0.117    -6.050  0.0000000      -0.117    -6.063  0.0000000    
S5-D9:     -0.572   -19.971  0.0000000      -0.312   -10.901  0.0000000       0.144     7.485  0.0000000       0.143     7.467  0.0000000       0.144     7.484  0.0000000    
S5-D12:      0.800    29.178  0.0000000       0.749    27.341  0.0000000      -0.252   -13.705  0.0000000      -0.250   -13.672  0.0000000      -0.252   -13.703  0.0000000    
S5-D16:      0.652    23.098  0.0000000       0.520    18.408  0.0000000      -0.190   -10.064  0.0000000      -0.189   -10.040  0.0000000      -0.190   -10.063  0.0000000    

Model fit per channel for total-Hb (beta, t, p values)
S1-D1:     -0.119    -2.453  0.0141724      -0.028    -0.579  0.5624902       0.024     0.735  0.4623029       0.024     0.733  0.4633410       0.024     0.735  0.4623682    
S1-D2:     -0.682   -15.190  0.0000000      -0.719   -16.024  0.0000000       0.228     7.569  0.0000000       0.226     7.551  0.0000000       0.228     7.568  0.0000000    
S1-D3:     -0.609   -13.503  0.0000000      -0.275    -6.088  0.0000000       0.144     4.750  0.0000021       0.143     4.738  0.0000022       0.143     4.749  0.0000021    
S1-D4:     -1.147   -27.204  0.0000000      -0.842   -19.956  0.0000000       0.323    11.435  0.0000000       0.321    11.407  0.0000000       0.323    11.433  0.0000000    
S1-D5:     -0.693   -16.810  0.0000000      -0.399    -9.668  0.0000000       0.177     6.419  0.0000000       0.176     6.404  0.0000000       0.177     6.419  0.0000000    
S1-D6:     -0.418    -8.461  0.0000000      -0.429    -8.679  0.0000000       0.138     4.156  0.0000326       0.137     4.146  0.0000341       0.138     4.156  0.0000327    
S1-D7:     -1.011   -21.437  0.0000000      -0.769   -16.318  0.0000000       0.289     9.155  0.0000000       0.288     9.133  0.0000000       0.289     9.153  0.0000000    
S1-D8:     -1.024   -22.764  0.0000000      -0.936   -20.790  0.0000000       0.318    10.561  0.0000000       0.317    10.536  0.0000000       0.318    10.560  0.0000000    
S1-D9:     -1.022   -28.460  0.0000000      -0.795   -22.151  0.0000000       0.295    12.272  0.0000000       0.294    12.243  0.0000000       0.295    12.270  0.0000000    
S1-D10:     -0.790   -19.763  0.0000000      -0.356    -8.902  0.0000000       0.186     6.949  0.0000000       0.185     6.933  0.0000000       0.186     6.948  0.0000000    
S1-D11:     -0.589   -13.857  0.0000000      -0.752   -17.676  0.0000000       0.218     7.647  0.0000000       0.217     7.628  0.0000000       0.218     7.646  0.0000000    
S1-D12:     -0.634   -12.644  0.0000000      -0.599   -11.946  0.0000000       0.200     5.963  0.0000000       0.199     5.948  0.0000000       0.200     5.962  0.0000000    
S1-D13:     -0.543   -13.108  0.0000000      -0.525   -12.649  0.0000000       0.173     6.246  0.0000000       0.173     6.231  0.0000000       0.173     6.245  0.0000000    
S1-D15:     -1.137   -26.762  0.0000000      -0.688   -16.189  0.0000000       0.296    10.414  0.0000000       0.295    10.389  0.0000000       0.296    10.412  0.0000000    
S1-D16:     -0.212    -4.333  0.0000148       0.372     7.599  0.0000000      -0.026    -0.794  0.4274349      -0.026    -0.791  0.4288646      -0.026    -0.793  0.4275290    
S2-D1:      0.743    13.585  0.0000000       1.105    20.209  0.0000000      -0.300    -8.196  0.0000000      -0.299    -8.176  0.0000000      -0.300    -8.195  0.0000000    
S2-D4:     -0.142    -3.419  0.0006313      -0.183    -4.400  0.0000109       0.053     1.896  0.0579655       0.053     1.892  0.0585830       0.053     1.896  0.0580046    
S2-D5:     -0.639   -16.284  0.0000000      -0.096    -2.439  0.0147438       0.119     4.538  0.0000057       0.119     4.528  0.0000060       0.119     4.537  0.0000058    
S2-D9:     -0.810   -19.500  0.0000000      -0.303    -7.294  0.0000000       0.181     6.496  0.0000000       0.180     6.480  0.0000000       0.181     6.495  0.0000000    
S2-D10:     -0.433   -11.278  0.0000000      -0.102    -2.664  0.0077342       0.087     3.380  0.0007287       0.087     3.372  0.0007498       0.087     3.379  0.0007301    
S2-D13:      0.544    11.676  0.0000000       1.100    23.625  0.0000000      -0.267    -8.562  0.0000000      -0.266    -8.541  0.0000000      -0.267    -8.561  0.0000000    
S3-D1:     -0.460    -9.550  0.0000000      -0.502   -10.408  0.0000000       0.156     4.840  0.0000013       0.155     4.828  0.0000014       0.156     4.839  0.0000013    
S3-D2:     -0.486    -9.798  0.0000000      -0.300    -6.041  0.0000000       0.128     3.840  0.0001238       0.127     3.831  0.0001285       0.128     3.840  0.0001241    
S3-D6:     -0.610   -14.086  0.0000000      -0.546   -12.593  0.0000000       0.188     6.469  0.0000000       0.187     6.454  0.0000000       0.188     6.468  0.0000000    
S3-D10:     -0.662   -14.513  0.0000000      -0.529   -11.602  0.0000000       0.193     6.332  0.0000000       0.192     6.317  0.0000000       0.193     6.331  0.0000000    
S3-D14:     -0.752   -17.289  0.0000000      -0.738   -16.979  0.0000000       0.242     8.310  0.0000000       0.241     8.289  0.0000000       0.242     8.308  0.0000000    
S4-D2:     -1.373   -28.006  0.0000000      -0.673   -13.729  0.0000000       0.332    10.118  0.0000000       0.330    10.094  0.0000000       0.332    10.117  0.0000000    
S4-D3:      0.681    21.155  0.0000000       1.117    34.663  0.0000000      -0.292   -13.537  0.0000000      -0.290   -13.504  0.0000000      -0.292   -13.535  0.0000000    
S4-D7:     -1.156   -28.321  0.0000000      -0.401    -9.829  0.0000000       0.253     9.249  0.0000000       0.251     9.227  0.0000000       0.253     9.247  0.0000000    
S4-D11:     -1.265   -31.913  0.0000000      -0.490   -12.350  0.0000000       0.285    10.731  0.0000000       0.283    10.706  0.0000000       0.285    10.729  0.0000000    
S4-D12:     -0.317    -6.905  0.0000000       0.477    10.382  0.0000000      -0.026    -0.846  0.3977642      -0.026    -0.843  0.3993367      -0.026    -0.845  0.3978686    
S4-D15:     -1.074   -21.803  0.0000000      -0.301    -6.104  0.0000000       0.223     6.765  0.0000000       0.222     6.749  0.0000000       0.223     6.764  0.0000000    
S5-D3:      1.430    33.758  0.0000000       1.794    42.324  0.0000000      -0.524   -18.451  0.0000000      -0.521   -18.405  0.0000000      -0.524   -18.448  0.0000000    
S5-D4:     -0.050    -1.086  0.2775405       0.359     7.856  0.0000000      -0.050    -1.643  0.1004231      -0.050    -1.639  0.1013337      -0.050    -1.643  0.1004816    
S5-D8:      0.692    16.608  0.0000000       0.985    23.626  0.0000000      -0.273    -9.757  0.0000000      -0.271    -9.733  0.0000000      -0.272    -9.756  0.0000000    
S5-D9:     -0.112    -2.351  0.0187568       0.426     8.950  0.0000000      -0.051    -1.602  0.1092396      -0.051    -1.597  0.1102139      -0.051    -1.601  0.1093024    
S5-D12:      1.009    21.991  0.0000000       1.524    33.208  0.0000000      -0.412   -13.387  0.0000000      -0.409   -13.354  0.0000000      -0.411   -13.385  0.0000000    
S5-D16:      0.655    17.995  0.0000000       1.081    29.683  0.0000000      -0.282   -11.563  0.0000000      -0.280   -11.535  0.0000000      -0.282   -11.561  0.0000000    

GLM CONTRAST RESULTS
Contrast 1: Left Hand > Baseline
Contrast 2: Right Hand > Baseline
Contrast 3: Left Hand > Right Hand 

Contrast results per channel for oxy-Hb (t, p values)
S1-D1:     13.556  0.0000000      16.530  0.0000000      -2.352  0.0187019    
S1-D2:     -5.657  0.0000000       1.775  0.0759838      -5.871  0.0000000    
S1-D3:     -5.788  0.0000000       4.095  0.0000427      -7.808  0.0000000    
S1-D4:      5.111  0.0000003      12.851  0.0000000      -6.116  0.0000000    
S1-D5:     13.193  0.0000000      17.702  0.0000000      -3.565  0.0003660    
S1-D6:      5.123  0.0000003       8.289  0.0000000      -2.503  0.0123437    
S1-D7:     -4.596  0.0000044       0.285  0.7754921      -3.856  0.0001161    
S1-D8:     -0.341  0.7327945       2.690  0.0071594      -2.395  0.0166365    
S1-D9:      2.597  0.0094071       7.443  0.0000000      -3.829  0.0001295    
S1-D10:      8.231  0.0000000      11.334  0.0000000      -2.453  0.0141902    
S1-D11:     -1.264  0.2063892       0.002  0.9980412      -1.000  0.3172432    
S1-D12:     -6.162  0.0000000      -0.756  0.4497524      -4.271  0.0000197    
S1-D13:     16.242  0.0000000      19.571  0.0000000      -2.633  0.0084837    
S1-D15:     -5.941  0.0000000      -1.395  0.1629239      -3.591  0.0003313    
S1-D16:      0.698  0.4850498      10.679  0.0000000      -7.886  0.0000000    
S2-D1:     18.184  0.0000000      24.342  0.0000000      -4.868  0.0000011    
S2-D4:     12.963  0.0000000      19.053  0.0000000      -4.813  0.0000015    
S2-D5:     19.944  0.0000000      23.734  0.0000000      -2.997  0.0027310    
S2-D9:     17.369  0.0000000      22.741  0.0000000      -4.247  0.0000219    
S2-D10:     21.887  0.0000000      24.401  0.0000000      -1.990  0.0466267    
S2-D13:     24.111  0.0000000      28.442  0.0000000      -3.425  0.0006166    
S3-D1:     -0.202  0.8400140      -0.221  0.8252903       0.015  0.9880818    
S3-D2:      6.714  0.0000000      10.394  0.0000000      -2.909  0.0036372    
S3-D6:      6.783  0.0000000       6.600  0.0000000       0.144  0.8855558    
S3-D10:      5.719  0.0000000       7.036  0.0000000      -1.042  0.2975749    
S3-D14:     -1.144  0.2525903      -3.561  0.0003710       1.910  0.0561690    
S4-D2:    -13.945  0.0000000      -1.803  0.0713674      -9.592  0.0000000    
S4-D3:      0.725  0.4684044      20.618  0.0000000     -15.718  0.0000000    
S4-D7:     -4.361  0.0000131       4.661  0.0000032      -7.128  0.0000000    
S4-D11:     -5.104  0.0000003       1.651  0.0987341      -5.337  0.0000001    
S4-D12:     -2.060  0.0394671      16.294  0.0000000     -14.501  0.0000000    
S4-D15:     -5.759  0.0000000       4.294  0.0000177      -7.942  0.0000000    
S5-D3:     13.698  0.0000000      38.530  0.0000000     -19.622  0.0000000    
S5-D4:     10.433  0.0000000      19.731  0.0000000      -7.348  0.0000000    
S5-D8:      9.446  0.0000000      24.122  0.0000000     -11.597  0.0000000    
S5-D9:     16.379  0.0000000      26.254  0.0000000      -7.805  0.0000000    
S5-D12:      7.431  0.0000000      27.472  0.0000000     -15.836  0.0000000    
S5-D16:      0.098  0.9222216      19.511  0.0000000     -15.339  0.0000000    

Contrast results per channel for deoxy-Hb (t, p values)
S1-D1:    -17.824  0.0000000     -17.637  0.0000000      -0.145  0.8844613    
S1-D2:    -18.469  0.0000000     -27.598  0.0000000       7.216  0.0000000    
S1-D3:    -15.269  0.0000000     -13.695  0.0000000      -1.242  0.2143188    
S1-D4:    -54.260  0.0000000     -50.884  0.0000000      -2.659  0.0078462    
S1-D5:    -41.120  0.0000000     -34.790  0.0000000      -4.995  0.0000006    
S1-D6:    -20.201  0.0000000     -23.876  0.0000000       2.907  0.0036624    
S1-D7:    -32.308  0.0000000     -28.685  0.0000000      -2.858  0.0042694    
S1-D8:    -39.134  0.0000000     -39.139  0.0000000       0.009  0.9925154    
S1-D9:    -42.868  0.0000000     -39.560  0.0000000      -2.608  0.0091328    
S1-D10:    -38.425  0.0000000     -25.588  0.0000000     -10.137  0.0000000    
S1-D11:    -19.770  0.0000000     -26.914  0.0000000       5.648  0.0000000    
S1-D12:    -15.908  0.0000000     -20.240  0.0000000       3.425  0.0006184    
S1-D13:    -39.176  0.0000000     -42.131  0.0000000       2.340  0.0193228    
S1-D15:    -35.491  0.0000000     -23.844  0.0000000      -9.197  0.0000000    
S1-D16:     -7.944  0.0000000       2.053  0.0401162      -7.898  0.0000000    
S2-D1:      7.959  0.0000000      14.473  0.0000000      -5.148  0.0000003    
S2-D4:    -18.301  0.0000000     -25.972  0.0000000       6.064  0.0000000    
S2-D5:    -46.342  0.0000000     -29.475  0.0000000     -13.321  0.0000000    
S2-D9:    -52.248  0.0000000     -38.002  0.0000000     -11.249  0.0000000    
S2-D10:    -39.472  0.0000000     -29.641  0.0000000      -7.762  0.0000000    
S2-D13:     -4.213  0.0000254      10.793  0.0000000     -11.856  0.0000000    
S3-D1:    -15.868  0.0000000     -17.292  0.0000000       1.127  0.2597708    
S3-D2:    -24.332  0.0000000     -21.507  0.0000000      -2.228  0.0258762    
S3-D6:    -29.500  0.0000000     -26.944  0.0000000      -2.016  0.0438599    
S3-D10:    -30.298  0.0000000     -26.855  0.0000000      -2.716  0.0066138    
S3-D14:    -25.761  0.0000000     -22.733  0.0000000      -2.388  0.0169394    
S4-D2:    -35.635  0.0000000     -22.854  0.0000000     -10.094  0.0000000    
S4-D3:     23.417  0.0000000      18.620  0.0000000       3.787  0.0001537    
S4-D7:    -37.998  0.0000000     -19.868  0.0000000     -14.320  0.0000000    
S4-D11:    -41.796  0.0000000     -20.155  0.0000000     -17.093  0.0000000    
S4-D12:     -8.810  0.0000000       0.200  0.8414097      -7.117  0.0000000    
S4-D15:    -32.771  0.0000000     -15.425  0.0000000     -13.701  0.0000000    
S5-D3:     39.863  0.0000000      28.131  0.0000000       9.264  0.0000000    
S5-D4:    -11.989  0.0000000      -7.128  0.0000000      -3.839  0.0001243    
S5-D8:     14.658  0.0000000      10.353  0.0000000       3.399  0.0006780    
S5-D9:    -19.971  0.0000000     -10.901  0.0000000      -7.163  0.0000000    
S5-D12:     29.178  0.0000000      27.341  0.0000000       1.448  0.1477075    
S5-D16:     23.098  0.0000000      18.408  0.0000000       3.702  0.0002150    

Contrast results per channel for total-Hb (t, p values)
S1-D1:     -2.453  0.0141724      -0.579  0.5624902      -1.480  0.1387813    
S1-D2:    -15.190  0.0000000     -16.024  0.0000000       0.661  0.5085262    
S1-D3:    -13.503  0.0000000      -6.088  0.0000000      -5.856  0.0000000    
S1-D4:    -27.204  0.0000000     -19.956  0.0000000      -5.723  0.0000000    
S1-D5:    -16.810  0.0000000      -9.668  0.0000000      -5.641  0.0000000    
S1-D6:     -8.461  0.0000000      -8.679  0.0000000       0.173  0.8623400    
S1-D7:    -21.437  0.0000000     -16.318  0.0000000      -4.042  0.0000535    
S1-D8:    -22.764  0.0000000     -20.790  0.0000000      -1.556  0.1196983    
S1-D9:    -28.460  0.0000000     -22.151  0.0000000      -4.981  0.0000006    
S1-D10:    -19.763  0.0000000      -8.902  0.0000000      -8.579  0.0000000    
S1-D11:    -13.857  0.0000000     -17.676  0.0000000       3.019  0.0025409    
S1-D12:    -12.644  0.0000000     -11.946  0.0000000      -0.549  0.5829242    
S1-D13:    -13.108  0.0000000     -12.649  0.0000000      -0.361  0.7183333    
S1-D15:    -26.762  0.0000000     -16.189  0.0000000      -8.350  0.0000000    
S1-D16:     -4.333  0.0000148       7.599  0.0000000      -9.427  0.0000000    
S2-D1:     13.585  0.0000000      20.209  0.0000000      -5.236  0.0000002    
S2-D4:     -3.419  0.0006313      -4.400  0.0000109       0.776  0.4379700    
S2-D5:    -16.284  0.0000000      -2.439  0.0147438     -10.936  0.0000000    
S2-D9:    -19.500  0.0000000      -7.294  0.0000000      -9.641  0.0000000    
S2-D10:    -11.278  0.0000000      -2.664  0.0077342      -6.805  0.0000000    
S2-D13:     11.676  0.0000000      23.625  0.0000000      -9.443  0.0000000    
S3-D1:     -9.550  0.0000000     -10.408  0.0000000       0.679  0.4973790    
S3-D2:     -9.798  0.0000000      -6.041  0.0000000      -2.967  0.0030139    
S3-D6:    -14.086  0.0000000     -12.593  0.0000000      -1.178  0.2387679    
S3-D10:    -14.513  0.0000000     -11.602  0.0000000      -2.298  0.0215677    
S3-D14:    -17.289  0.0000000     -16.979  0.0000000      -0.243  0.8082559    
S4-D2:    -28.006  0.0000000     -13.729  0.0000000     -11.276  0.0000000    
S4-D3:     21.155  0.0000000      34.663  0.0000000     -10.676  0.0000000    
S4-D7:    -28.321  0.0000000      -9.829  0.0000000     -14.607  0.0000000    
S4-D11:    -31.913  0.0000000     -12.350  0.0000000     -15.453  0.0000000    
S4-D12:     -6.905  0.0000000      10.382  0.0000000     -13.658  0.0000000    
S4-D15:    -21.803  0.0000000      -6.104  0.0000000     -12.401  0.0000000    
S5-D3:     33.758  0.0000000      42.324  0.0000000      -6.773  0.0000000    
S5-D4:     -1.086  0.2775405       7.856  0.0000000      -7.065  0.0000000    
S5-D8:     16.608  0.0000000      23.626  0.0000000      -5.547  0.0000000    
S5-D9:     -2.351  0.0187568       8.950  0.0000000      -8.928  0.0000000    
S5-D12:     21.991  0.0000000      33.208  0.0000000      -8.866  0.0000000    
S5-D16:     17.995  0.0000000      29.683  0.0000000      -9.237  0.0000000    
