MULTI-STUDY GLM RESULTS

SEPARATE STUDY PREDICTORS:   NO
SEPARATE SUBJECT PREDICTORS: NO

NAME OF MAIN PREDICTORS
Predictor 1: Left Hand
Predictor 2: Right Hand

Model fit per channel for oxy-Hb (beta, t, p values)
S1-D1:     -0.064    -2.237  0.0253316       0.234     8.122  0.0000000      -0.023    -1.320  0.1867465      -0.025    -1.362  0.1732291      -0.025    -1.362  0.1732291    
S1-D2:      0.220     7.780  0.0000000       0.537    18.909  0.0000000      -0.103    -5.940  0.0000000      -0.111    -6.127  0.0000000      -0.111    -6.127  0.0000000    
S1-D3:      0.171     6.067  0.0000000       0.604    21.366  0.0000000      -0.106    -6.110  0.0000000      -0.113    -6.303  0.0000000      -0.113    -6.303  0.0000000    
S1-D4:      0.111     3.934  0.0000841       0.582    20.532  0.0000000      -0.095    -5.453  0.0000001      -0.101    -5.625  0.0000000      -0.101    -5.625  0.0000000    
S1-D5:      0.075     2.622  0.0087423       0.447    15.664  0.0000000      -0.071    -4.077  0.0000460      -0.076    -4.206  0.0000263      -0.076    -4.206  0.0000263    
S1-D6:     -0.049    -1.735  0.0828319       0.422    14.765  0.0000000      -0.051    -2.915  0.0035660      -0.055    -3.007  0.0026464      -0.055    -3.007  0.0026464    
S1-D7:      0.084     2.978  0.0029125       0.532    18.714  0.0000000      -0.084    -4.836  0.0000013      -0.090    -4.989  0.0000006      -0.090    -4.989  0.0000006    
S1-D8:      0.242     8.586  0.0000000       0.615    21.778  0.0000000      -0.117    -6.758  0.0000000      -0.125    -6.971  0.0000000      -0.125    -6.971  0.0000000    
S1-D9:     -0.040    -1.402  0.1608727       0.298    10.362  0.0000000      -0.035    -2.005  0.0450174      -0.038    -2.068  0.0386684      -0.038    -2.068  0.0386684    
S1-D10:      0.149     5.255  0.0000002       0.531    18.671  0.0000000      -0.093    -5.329  0.0000001      -0.099    -5.498  0.0000000      -0.099    -5.498  0.0000000    
S1-D11:      0.011     0.390  0.6964495       0.533    18.774  0.0000000      -0.074    -4.279  0.0000189      -0.080    -4.414  0.0000103      -0.080    -4.414  0.0000103    
S1-D12:      0.214     7.504  0.0000000       0.428    14.973  0.0000000      -0.087    -5.000  0.0000006      -0.094    -5.157  0.0000003      -0.094    -5.157  0.0000003    
S1-D13:      0.180     6.328  0.0000000       0.526    18.497  0.0000000      -0.096    -5.527  0.0000000      -0.103    -5.702  0.0000000      -0.103    -5.702  0.0000000    
S1-D14:     -0.104    -3.645  0.0002689       0.346    12.060  0.0000000      -0.033    -1.889  0.0588760      -0.036    -1.949  0.0513328      -0.036    -1.949  0.0513328    
S1-D15:     -0.047    -1.657  0.0976376       0.423    14.794  0.0000000      -0.051    -2.939  0.0033050      -0.055    -3.031  0.0024418      -0.055    -3.031  0.0024418    
S2-D1:     -0.122    -4.305  0.0000168       0.461    16.185  0.0000000      -0.046    -2.665  0.0077150      -0.050    -2.749  0.0059906      -0.050    -2.749  0.0059906    
S2-D4:     -0.087    -3.031  0.0024473       0.250     8.682  0.0000000      -0.022    -1.270  0.2039524      -0.024    -1.311  0.1900491      -0.024    -1.311  0.1900491    
S2-D5:     -0.087    -3.031  0.0024410       0.241     8.386  0.0000000      -0.021    -1.204  0.2286131      -0.023    -1.242  0.2142708      -0.023    -1.242  0.2142708    
S2-D9:     -0.133    -4.626  0.0000038       0.283     9.872  0.0000000      -0.021    -1.184  0.2363943      -0.022    -1.221  0.2219391      -0.022    -1.221  0.2219391    
S2-D12:     -0.074    -2.586  0.0097177       0.245     8.518  0.0000000      -0.023    -1.332  0.1829518      -0.025    -1.374  0.1695292      -0.025    -1.374  0.1695292    
S2-D14:     -0.249    -8.719  0.0000000       0.306    10.718  0.0000000      -0.008    -0.470  0.6384005      -0.009    -0.485  0.6278484      -0.009    -0.485  0.6278484    
S3-D1:     -0.213    -7.423  0.0000000       0.108     3.743  0.0001830       0.014     0.802  0.4225810       0.015     0.827  0.4080993       0.015     0.827  0.4080993    
S3-D2:     -0.091    -3.147  0.0016530       0.177     6.133  0.0000000      -0.012    -0.675  0.4994165      -0.013    -0.697  0.4859849      -0.013    -0.697  0.4859849    
S3-D6:     -0.158    -5.495  0.0000000       0.209     7.272  0.0000000      -0.007    -0.412  0.6805493      -0.008    -0.425  0.6710565      -0.008    -0.425  0.6710565    
S3-D9:     -0.013    -0.443  0.6576418       0.260     9.038  0.0000000      -0.034    -1.921  0.0547964      -0.036    -1.981  0.0475862      -0.036    -1.981  0.0475862    
S3-D10:     -0.042    -1.471  0.1412773       0.381    13.308  0.0000000      -0.046    -2.647  0.0081212      -0.050    -2.731  0.0063250      -0.050    -2.731  0.0063250    
S3-D15:     -0.139    -4.848  0.0000013       0.178     6.176  0.0000000      -0.005    -0.310  0.7568631      -0.006    -0.319  0.7494481      -0.006    -0.319  0.7494481    
S4-D2:      0.175     6.163  0.0000000       0.533    18.762  0.0000000      -0.097    -5.550  0.0000000      -0.104    -5.725  0.0000000      -0.104    -5.725  0.0000000    
S4-D3:      0.235     8.375  0.0000000       0.689    24.554  0.0000000      -0.126    -7.332  0.0000000      -0.135    -7.563  0.0000000      -0.135    -7.563  0.0000000    
S4-D7:      0.203     7.204  0.0000000       0.590    20.851  0.0000000      -0.108    -6.246  0.0000000      -0.116    -6.443  0.0000000      -0.116    -6.443  0.0000000    
S4-D11:      0.217     7.722  0.0000000       0.656    23.308  0.0000000      -0.119    -6.909  0.0000000      -0.128    -7.127  0.0000000      -0.128    -7.127  0.0000000    
S4-D16:      0.113     4.013  0.0000605       0.615    21.744  0.0000000      -0.099    -5.741  0.0000000      -0.107    -5.923  0.0000000      -0.107    -5.923  0.0000000    
S5-D3:      0.129     4.574  0.0000048       0.650    23.060  0.0000000      -0.106    -6.159  0.0000000      -0.114    -6.354  0.0000000      -0.114    -6.354  0.0000000    
S5-D4:      0.061     2.161  0.0306800       0.594    20.977  0.0000000      -0.089    -5.162  0.0000002      -0.096    -5.325  0.0000001      -0.096    -5.325  0.0000001    
S5-D8:      0.133     4.683  0.0000029       0.537    18.885  0.0000000      -0.091    -5.251  0.0000002      -0.098    -5.417  0.0000001      -0.098    -5.417  0.0000001    
S5-D11:      0.174     6.172  0.0000000       0.580    20.486  0.0000000      -0.103    -5.937  0.0000000      -0.110    -6.124  0.0000000      -0.110    -6.124  0.0000000    
S5-D12:      0.089     3.140  0.0016962       0.456    15.969  0.0000000      -0.074    -4.259  0.0000207      -0.080    -4.394  0.0000113      -0.080    -4.394  0.0000113    
S5-D13:      0.043     1.504  0.1327141       0.581    20.507  0.0000000      -0.085    -4.912  0.0000009      -0.091    -5.066  0.0000004      -0.091    -5.066  0.0000004    

Model fit per channel for deoxy-Hb (beta, t, p values)
S1-D1:     -0.137    -4.776  0.0000018      -0.187    -6.483  0.0000000       0.044     2.502  0.0123730       0.047     2.581  0.0098747       0.047     2.581  0.0098747    
S1-D2:     -0.246    -8.592  0.0000000       0.201     7.017  0.0000000       0.006     0.329  0.7425035       0.006     0.339  0.7346840       0.006     0.339  0.7346840    
S1-D3:     -0.198    -7.012  0.0000000       0.508    17.923  0.0000000      -0.043    -2.456  0.0140781      -0.046    -2.533  0.0113195      -0.046    -2.533  0.0113195    
S1-D4:     -0.019    -0.665  0.5060958      -0.008    -0.286  0.7751047       0.004     0.211  0.8332661       0.004     0.217  0.8280885       0.004     0.217  0.8280885    
S1-D5:     -0.284    -9.969  0.0000000       0.333    11.686  0.0000000      -0.007    -0.410  0.6815774      -0.008    -0.423  0.6721113      -0.008    -0.423  0.6721113    
S1-D6:     -0.289   -10.159  0.0000000      -0.422   -14.811  0.0000000       0.097     5.549  0.0000000       0.104     5.724  0.0000000       0.104     5.724  0.0000000    
S1-D7:     -0.289   -10.180  0.0000000      -0.501   -17.628  0.0000000       0.108     6.183  0.0000000       0.115     6.378  0.0000000       0.115     6.378  0.0000000    
S1-D8:     -0.253    -8.873  0.0000000       0.293    10.239  0.0000000      -0.006    -0.329  0.7421777      -0.006    -0.339  0.7343490      -0.006    -0.339  0.7343490    
S1-D9:     -0.288   -10.050  0.0000000      -0.137    -4.767  0.0000019       0.058     3.282  0.0010344       0.062     3.385  0.0007133       0.062     3.385  0.0007133    
S1-D10:     -0.273    -9.677  0.0000000      -0.592   -20.951  0.0000000       0.118     6.814  0.0000000       0.126     7.029  0.0000000       0.126     7.029  0.0000000    
S1-D11:     -0.312   -11.122  0.0000000      -0.642   -22.808  0.0000000       0.130     7.548  0.0000000       0.139     7.786  0.0000000       0.139     7.786  0.0000000    
S1-D12:     -0.400   -14.259  0.0000000       0.477    16.967  0.0000000      -0.011    -0.643  0.5201094      -0.012    -0.663  0.5070351      -0.012    -0.663  0.5070351    
S1-D13:     -0.177    -6.375  0.0000000       0.728    26.156  0.0000000      -0.076    -4.435  0.0000093      -0.081    -4.575  0.0000048      -0.081    -4.575  0.0000048    
S1-D14:     -0.127    -4.444  0.0000089       0.294    10.230  0.0000000      -0.023    -1.304  0.1921980      -0.025    -1.345  0.1785508      -0.025    -1.345  0.1785508    
S1-D15:     -0.177    -6.166  0.0000000      -0.121    -4.195  0.0000275       0.041     2.297  0.0216237       0.044     2.370  0.0178201       0.044     2.370  0.0178201    
S2-D1:      0.349    12.700  0.0000000       0.868    31.529  0.0000000      -0.166    -9.843  0.0000000      -0.178   -10.154  0.0000000      -0.178   -10.154  0.0000000    
S2-D4:     -0.077    -2.660  0.0078239       0.000     0.010  0.9920418       0.010     0.585  0.5587778       0.011     0.603  0.5464442       0.011     0.603  0.5464442    
S2-D5:     -0.023    -0.812  0.4169415      -0.098    -3.386  0.0007111       0.017     0.935  0.3496136       0.018     0.965  0.3346264       0.018     0.965  0.3346264    
S2-D9:     -0.027    -0.980  0.3271257       0.781    28.087  0.0000000      -0.103    -6.057  0.0000000      -0.111    -6.248  0.0000000      -0.111    -6.248  0.0000000    
S2-D12:      0.009     0.320  0.7487130      -0.017    -0.573  0.5665816       0.001     0.057  0.9542936       0.001     0.059  0.9528537       0.001     0.059  0.9528537    
S2-D14:     -0.147    -5.140  0.0000003       0.366    12.804  0.0000000      -0.030    -1.725  0.0844854      -0.032    -1.780  0.0751354      -0.032    -1.780  0.0751354    
S3-D1:     -0.158    -5.558  0.0000000      -0.438   -15.332  0.0000000       0.081     4.651  0.0000034       0.087     4.797  0.0000016       0.087     4.797  0.0000016    
S3-D2:     -0.350   -12.238  0.0000000      -0.145    -5.058  0.0000004       0.067     3.830  0.0001290       0.072     3.951  0.0000785       0.072     3.951  0.0000785    
S3-D6:     -0.170    -5.941  0.0000000      -0.311   -10.843  0.0000000       0.066     3.733  0.0001906       0.070     3.850  0.0001187       0.070     3.850  0.0001187    
S3-D9:     -0.129    -4.530  0.0000060      -0.435   -15.227  0.0000000       0.077     4.400  0.0000109       0.083     4.539  0.0000057       0.083     4.539  0.0000057    
S3-D10:     -0.173    -6.033  0.0000000      -0.180    -6.253  0.0000000       0.048     2.728  0.0063896       0.052     2.814  0.0049072       0.052     2.814  0.0049072    
S3-D15:     -0.049    -1.727  0.0842025      -0.338   -11.788  0.0000000       0.053     3.014  0.0025874       0.057     3.109  0.0018842       0.057     3.109  0.0018842    
S4-D2:     -0.265    -9.251  0.0000000       0.087     3.034  0.0024207       0.024     1.364  0.1727219       0.026     1.407  0.1595730       0.026     1.407  0.1595730    
S4-D3:     -0.289   -10.067  0.0000000       0.052     1.812  0.0700868       0.032     1.816  0.0693289       0.034     1.874  0.0609933       0.034     1.874  0.0609933    
S4-D7:     -0.365   -12.756  0.0000000      -0.196    -6.841  0.0000000       0.076     4.342  0.0000142       0.082     4.479  0.0000076       0.082     4.479  0.0000076    
S4-D11:     -0.329   -11.579  0.0000000       0.316    11.100  0.0000000       0.001     0.076  0.9396522       0.001     0.078  0.9377527       0.001     0.078  0.9377527    
S4-D16:     -0.179    -6.231  0.0000000       0.005     0.170  0.8653183       0.024     1.337  0.1812755       0.025     1.379  0.1678959       0.025     1.379  0.1678959    
S5-D3:      0.030     1.061  0.2885060       0.588    20.776  0.0000000      -0.084    -4.874  0.0000011      -0.091    -5.028  0.0000005      -0.091    -5.028  0.0000005    
S5-D4:     -0.120    -4.193  0.0000277       0.297    10.343  0.0000000      -0.024    -1.385  0.1661092      -0.026    -1.429  0.1531522      -0.026    -1.429  0.1531522    
S5-D8:     -0.244    -8.585  0.0000000       0.351    12.313  0.0000000      -0.015    -0.856  0.3921051      -0.016    -0.883  0.3773465      -0.016    -0.883  0.3773465    
S5-D11:     -0.200    -7.111  0.0000000       0.555    19.646  0.0000000      -0.049    -2.819  0.0048324      -0.052    -2.908  0.0036510      -0.052    -2.908  0.0036510    
S5-D12:      0.018     0.634  0.5263391       0.428    14.977  0.0000000      -0.061    -3.485  0.0004949      -0.065    -3.594  0.0003265      -0.065    -3.594  0.0003265    
S5-D13:     -0.090    -3.209  0.0013370       0.662    23.552  0.0000000      -0.078    -4.552  0.0000054      -0.084    -4.696  0.0000027      -0.084    -4.696  0.0000027    

Model fit per channel for total-Hb (beta, t, p values)
S1-D1:     -0.202    -4.233  0.0000232       0.047     0.984  0.3252915       0.021     0.714  0.4750448       0.022     0.737  0.4612304       0.022     0.737  0.4612304    
S1-D2:     -0.026    -0.635  0.5256063       0.738    18.220  0.0000000      -0.097    -3.929  0.0000858      -0.105    -4.053  0.0000509      -0.105    -4.053  0.0000509    
S1-D3:     -0.027    -0.557  0.5778501       1.112    22.857  0.0000000      -0.148    -4.982  0.0000006      -0.159    -5.139  0.0000003      -0.159    -5.139  0.0000003    
S1-D4:      0.092     1.886  0.0593096       0.573    11.726  0.0000000      -0.091    -3.035  0.0024120      -0.097    -3.131  0.0017492      -0.097    -3.131  0.0017492    
S1-D5:     -0.209    -4.194  0.0000276       0.781    15.641  0.0000000      -0.078    -2.568  0.0102490      -0.084    -2.649  0.0080908      -0.084    -2.649  0.0080908    
S1-D6:     -0.339    -9.316  0.0000000      -0.000    -0.013  0.9898700       0.046     2.058  0.0395868       0.049     2.123  0.0337598       0.049     2.123  0.0337598    
S1-D7:     -0.204    -5.037  0.0000005       0.031     0.768  0.4427980       0.023     0.940  0.3473007       0.025     0.970  0.3323068       0.025     0.970  0.3323068    
S1-D8:     -0.011    -0.265  0.7910783       0.908    21.170  0.0000000      -0.123    -4.670  0.0000031      -0.131    -4.817  0.0000015      -0.131    -4.817  0.0000015    
S1-D9:     -0.329    -6.963  0.0000000       0.161     3.400  0.0006774       0.022     0.777  0.4371822       0.024     0.801  0.4228632       0.024     0.801  0.4228632    
S1-D10:     -0.124    -3.981  0.0000691      -0.061    -1.969  0.0490370       0.025     1.318  0.1875446       0.027     1.360  0.1740078       0.027     1.360  0.1740078    
S1-D11:     -0.301    -8.735  0.0000000      -0.108    -3.133  0.0017360       0.056     2.627  0.0086277       0.060     2.710  0.0067431       0.060     2.710  0.0067431    
S1-D12:     -0.186    -3.886  0.0001025       0.905    18.848  0.0000000      -0.098    -3.352  0.0008052      -0.106    -3.458  0.0005470      -0.106    -3.458  0.0005470    
S1-D13:      0.002     0.047  0.9628017       1.254    24.426  0.0000000      -0.172    -5.465  0.0000000      -0.184    -5.638  0.0000000      -0.184    -5.638  0.0000000    
S1-D14:     -0.232    -5.334  0.0000001       0.639    14.695  0.0000000      -0.056    -2.105  0.0352964      -0.060    -2.172  0.0299075      -0.060    -2.172  0.0299075    
S1-D15:     -0.225    -5.792  0.0000000       0.302     7.764  0.0000000      -0.011    -0.456  0.6482744      -0.012    -0.471  0.6379640      -0.012    -0.471  0.6379640    
S2-D1:      0.227     5.242  0.0000002       1.329    30.674  0.0000000      -0.212    -8.007  0.0000000      -0.228    -8.260  0.0000000      -0.228    -8.260  0.0000000    
S2-D4:     -0.164    -3.565  0.0003653       0.250     5.435  0.0000001      -0.012    -0.427  0.6692389      -0.013    -0.441  0.6594549      -0.013    -0.441  0.6594549    
S2-D5:     -0.110    -2.472  0.0134502       0.144     3.205  0.0013551      -0.005    -0.170  0.8647325      -0.005    -0.176  0.8605094      -0.005    -0.176  0.8605094    
S2-D9:     -0.160    -3.528  0.0004198       1.065    23.470  0.0000000      -0.124    -4.463  0.0000082      -0.133    -4.604  0.0000042      -0.133    -4.604  0.0000042    
S2-D12:     -0.065    -1.575  0.1153159       0.229     5.524  0.0000000      -0.022    -0.886  0.3755306      -0.024    -0.914  0.3606598      -0.024    -0.914  0.3606598    
S2-D14:     -0.395    -8.721  0.0000000       0.673    14.802  0.0000000      -0.038    -1.382  0.1670903      -0.041    -1.425  0.1541041      -0.041    -1.425  0.1541041    
S3-D1:     -0.372    -7.862  0.0000000      -0.330    -6.971  0.0000000       0.095     3.291  0.0010000       0.102     3.395  0.0006882       0.102     3.395  0.0006882    
S3-D2:     -0.441    -9.596  0.0000000       0.032     0.689  0.4909669       0.055     1.963  0.0496299       0.059     2.025  0.0428629       0.059     2.025  0.0428629    
S3-D6:     -0.328    -6.501  0.0000000      -0.102    -2.022  0.0432516       0.058     1.886  0.0593487       0.063     1.945  0.0517677       0.063     1.945  0.0517677    
S3-D9:     -0.142    -3.445  0.0005730      -0.175    -4.240  0.0000226       0.043     1.707  0.0878516       0.046     1.761  0.0782951       0.046     1.761  0.0782951    
S3-D10:     -0.216    -5.321  0.0000001       0.201     4.951  0.0000007       0.002     0.068  0.9455783       0.002     0.070  0.9438647       0.002     0.070  0.9438647    
S3-D15:     -0.189    -3.733  0.0001906      -0.161    -3.167  0.0015425       0.048     1.531  0.1258221       0.051     1.579  0.1143222       0.051     1.579  0.1143222    
S4-D2:     -0.091    -2.069  0.0386117       0.620    14.112  0.0000000      -0.073    -2.695  0.0070418      -0.078    -2.780  0.0054389      -0.078    -2.780  0.0054389    
S4-D3:     -0.054    -1.267  0.2053072       0.741    17.309  0.0000000      -0.094    -3.586  0.0003372      -0.101    -3.699  0.0002174      -0.101    -3.699  0.0002174    
S4-D7:     -0.161    -3.804  0.0001431       0.394     9.277  0.0000000      -0.032    -1.233  0.2177641      -0.034    -1.271  0.2035993      -0.034    -1.271  0.2035993    
S4-D11:     -0.112    -2.528  0.0114906       0.972    21.876  0.0000000      -0.118    -4.328  0.0000152      -0.126    -4.464  0.0000081      -0.126    -4.464  0.0000081    
S4-D16:     -0.066    -1.388  0.1650346       0.619    12.965  0.0000000      -0.076    -2.589  0.0096305      -0.081    -2.671  0.0075751      -0.081    -2.671  0.0075751    
S5-D3:      0.159     3.044  0.0023410       1.238    23.707  0.0000000      -0.191    -5.966  0.0000000      -0.205    -6.154  0.0000000      -0.205    -6.154  0.0000000    
S5-D4:     -0.059    -1.185  0.2358527       0.891    17.841  0.0000000      -0.114    -3.723  0.0001980      -0.122    -3.840  0.0001236      -0.122    -3.840  0.0001236    
S5-D8:     -0.112    -2.297  0.0216444       0.888    18.229  0.0000000      -0.106    -3.564  0.0003664      -0.114    -3.677  0.0002374      -0.114    -3.677  0.0002374    
S5-D11:     -0.026    -0.532  0.5949580       1.135    23.273  0.0000000      -0.152    -5.080  0.0000004      -0.163    -5.241  0.0000002      -0.163    -5.241  0.0000002    
S5-D12:      0.108     2.294  0.0217879       0.884    18.825  0.0000000      -0.135    -4.710  0.0000025      -0.145    -4.859  0.0000012      -0.145    -4.859  0.0000012    
S5-D13:     -0.047    -0.938  0.3482026       1.243    24.519  0.0000000      -0.163    -5.269  0.0000001      -0.175    -5.435  0.0000001      -0.175    -5.435  0.0000001    

GLM CONTRAST RESULTS
Contrast 1: Left Hand > Baseline
Contrast 2: Right Hand > Baseline
Contrast 3: Left Hand > Right Hand 

Contrast results per channel for oxy-Hb (t, p values)
S1-D1:     -2.237  0.0253316       8.122  0.0000000      -8.048  0.0000000    
S1-D2:      7.780  0.0000000      18.909  0.0000000      -8.663  0.0000000    
S1-D3:      6.067  0.0000000      21.366  0.0000000     -11.902  0.0000000    
S1-D4:      3.934  0.0000841      20.532  0.0000000     -12.908  0.0000000    
S1-D5:      2.622  0.0087423      15.664  0.0000000     -10.142  0.0000000    
S1-D6:     -1.735  0.0828319      14.765  0.0000000     -12.823  0.0000000    
S1-D7:      2.978  0.0029125      18.714  0.0000000     -12.237  0.0000000    
S1-D8:      8.586  0.0000000      21.778  0.0000000     -10.268  0.0000000    
S1-D9:     -1.402  0.1608727      10.362  0.0000000      -9.142  0.0000000    
S1-D10:      5.255  0.0000002      18.671  0.0000000     -10.437  0.0000000    
S1-D11:      0.390  0.6964495      18.774  0.0000000     -14.291  0.0000000    
S1-D12:      7.504  0.0000000      14.973  0.0000000      -5.818  0.0000000    
S1-D13:      6.328  0.0000000      18.497  0.0000000      -9.469  0.0000000    
S1-D14:     -3.645  0.0002689      12.060  0.0000000     -12.202  0.0000000    
S1-D15:     -1.657  0.0976376      14.794  0.0000000     -12.785  0.0000000    
S2-D1:     -4.305  0.0000168      16.185  0.0000000     -15.921  0.0000000    
S2-D4:     -3.031  0.0024473       8.682  0.0000000      -9.100  0.0000000    
S2-D5:     -3.031  0.0024410       8.386  0.0000000      -8.870  0.0000000    
S2-D9:     -4.626  0.0000038       9.872  0.0000000     -11.262  0.0000000    
S2-D12:     -2.586  0.0097177       8.518  0.0000000      -8.628  0.0000000    
S2-D14:     -8.719  0.0000000      10.718  0.0000000     -15.095  0.0000000    
S3-D1:     -7.423  0.0000000       3.743  0.0001830      -8.668  0.0000000    
S3-D2:     -3.147  0.0016530       6.133  0.0000000      -7.209  0.0000000    
S3-D6:     -5.495  0.0000000       7.272  0.0000000      -9.915  0.0000000    
S3-D9:     -0.443  0.6576418       9.038  0.0000000      -7.369  0.0000000    
S3-D10:     -1.471  0.1412773      13.308  0.0000000     -11.486  0.0000000    
S3-D15:     -4.848  0.0000013       6.176  0.0000000      -8.562  0.0000000    
S4-D2:      6.163  0.0000000      18.762  0.0000000      -9.804  0.0000000    
S4-D3:      8.375  0.0000000      24.554  0.0000000     -12.590  0.0000000    
S4-D7:      7.204  0.0000000      20.851  0.0000000     -10.620  0.0000000    
S4-D11:      7.722  0.0000000      23.308  0.0000000     -12.128  0.0000000    
S4-D16:      4.013  0.0000605      21.744  0.0000000     -13.789  0.0000000    
S5-D3:      4.574  0.0000048      23.060  0.0000000     -14.377  0.0000000    
S5-D4:      2.161  0.0306800      20.977  0.0000000     -14.629  0.0000000    
S5-D8:      4.683  0.0000029      18.885  0.0000000     -11.047  0.0000000    
S5-D11:      6.172  0.0000000      20.486  0.0000000     -11.136  0.0000000    
S5-D12:      3.140  0.0016962      15.969  0.0000000      -9.978  0.0000000    
S5-D13:      1.504  0.1327141      20.507  0.0000000     -14.774  0.0000000    

Contrast results per channel for deoxy-Hb (t, p values)
S1-D1:     -4.776  0.0000018      -6.483  0.0000000       1.335  0.1820593    
S1-D2:     -8.592  0.0000000       7.017  0.0000000     -12.119  0.0000000    
S1-D3:     -7.012  0.0000000      17.923  0.0000000     -19.372  0.0000000    
S1-D4:     -0.665  0.5060958      -0.286  0.7751047      -0.294  0.7689585    
S1-D5:     -9.969  0.0000000      11.686  0.0000000     -16.818  0.0000000    
S1-D6:    -10.159  0.0000000     -14.811  0.0000000       3.632  0.0002826    
S1-D7:    -10.180  0.0000000     -17.628  0.0000000       5.805  0.0000000    
S1-D8:     -8.873  0.0000000      10.239  0.0000000     -14.842  0.0000000    
S1-D9:    -10.050  0.0000000      -4.767  0.0000019      -4.091  0.0000433    
S1-D10:     -9.677  0.0000000     -20.951  0.0000000       8.778  0.0000000    
S1-D11:    -11.122  0.0000000     -22.808  0.0000000       9.101  0.0000000    
S1-D12:    -14.259  0.0000000      16.967  0.0000000     -24.250  0.0000000    
S1-D13:     -6.375  0.0000000      26.156  0.0000000     -25.276  0.0000000    
S1-D14:     -4.444  0.0000089      10.230  0.0000000     -11.400  0.0000000    
S1-D15:     -6.166  0.0000000      -4.195  0.0000275      -1.523  0.1278920    
S2-D1:     12.700  0.0000000      31.529  0.0000000     -14.656  0.0000000    
S2-D4:     -2.660  0.0078239       0.010  0.9920418      -2.071  0.0383538    
S2-D5:     -0.812  0.4169415      -3.386  0.0007111       2.003  0.0452555    
S2-D9:     -0.980  0.3271257      28.087  0.0000000     -22.593  0.0000000    
S2-D12:      0.320  0.7487130      -0.573  0.5665816       0.694  0.4876973    
S2-D14:     -5.140  0.0000003      12.804  0.0000000     -13.940  0.0000000    
S3-D1:     -5.558  0.0000000     -15.332  0.0000000       7.606  0.0000000    
S3-D2:    -12.238  0.0000000      -5.058  0.0000004      -5.562  0.0000000    
S3-D6:     -5.941  0.0000000     -10.843  0.0000000       3.820  0.0001344    
S3-D9:     -4.530  0.0000060     -15.227  0.0000000       8.322  0.0000000    
S3-D10:     -6.033  0.0000000      -6.253  0.0000000       0.180  0.8570467    
S3-D15:     -1.727  0.0842025     -11.788  0.0000000       7.823  0.0000000    
S4-D2:     -9.251  0.0000000       3.034  0.0024207      -9.535  0.0000000    
S4-D3:    -10.067  0.0000000       1.812  0.0700868      -9.217  0.0000000    
S4-D7:    -12.756  0.0000000      -6.841  0.0000000      -4.578  0.0000048    
S4-D11:    -11.579  0.0000000      11.100  0.0000000     -17.610  0.0000000    
S4-D16:     -6.231  0.0000000       0.170  0.8653183      -4.966  0.0000007    
S5-D3:      1.061  0.2885060      20.776  0.0000000     -15.326  0.0000000    
S5-D4:     -4.193  0.0000277      10.343  0.0000000     -11.293  0.0000000    
S5-D8:     -8.585  0.0000000      12.313  0.0000000     -16.231  0.0000000    
S5-D11:     -7.111  0.0000000      19.646  0.0000000     -20.788  0.0000000    
S5-D12:      0.634  0.5263391      14.977  0.0000000     -11.150  0.0000000    
S5-D13:     -3.209  0.0013370      23.552  0.0000000     -20.797  0.0000000    

Contrast results per channel for total-Hb (t, p values)
S1-D1:     -4.233  0.0000232       0.984  0.3252915      -4.049  0.0000519    
S1-D2:     -0.635  0.5256063      18.220  0.0000000     -14.655  0.0000000    
S1-D3:     -0.557  0.5778501      22.857  0.0000000     -18.199  0.0000000    
S1-D4:      1.886  0.0593096      11.726  0.0000000      -7.652  0.0000000    
S1-D5:     -4.194  0.0000276      15.641  0.0000000     -15.412  0.0000000    
S1-D6:     -9.316  0.0000000      -0.013  0.9898700      -7.217  0.0000000    
S1-D7:     -5.037  0.0000005       0.768  0.4427980      -4.504  0.0000067    
S1-D8:     -0.265  0.7910783      21.170  0.0000000     -16.662  0.0000000    
S1-D9:     -6.963  0.0000000       3.400  0.0006774      -8.044  0.0000000    
S1-D10:     -3.981  0.0000691      -1.969  0.0490370      -1.558  0.1192505    
S1-D11:     -8.735  0.0000000      -3.133  0.0017360      -4.341  0.0000143    
S1-D12:     -3.886  0.0001025      18.848  0.0000000     -17.665  0.0000000    
S1-D13:      0.047  0.9628017      24.426  0.0000000     -18.951  0.0000000    
S1-D14:     -5.334  0.0000001      14.695  0.0000000     -15.561  0.0000000    
S1-D15:     -5.792  0.0000000       7.764  0.0000000     -10.528  0.0000000    
S2-D1:      5.242  0.0000002      30.674  0.0000000     -19.777  0.0000000    
S2-D4:     -3.565  0.0003653       5.435  0.0000001      -6.990  0.0000000    
S2-D5:     -2.472  0.0134502       3.205  0.0013551      -4.409  0.0000105    
S2-D9:     -3.528  0.0004198      23.470  0.0000000     -20.981  0.0000000    
S2-D12:     -1.575  0.1153159       5.524  0.0000000      -5.516  0.0000000    
S2-D14:     -8.721  0.0000000      14.802  0.0000000     -18.271  0.0000000    
S3-D1:     -7.862  0.0000000      -6.971  0.0000000      -0.681  0.4959470    
S3-D2:     -9.596  0.0000000       0.689  0.4909669      -7.980  0.0000000    
S3-D6:     -6.501  0.0000000      -2.022  0.0432516      -3.472  0.0005192    
S3-D9:     -3.445  0.0005730      -4.240  0.0000226       0.623  0.5332454    
S3-D10:     -5.321  0.0000001       4.951  0.0000007      -7.977  0.0000000    
S3-D15:     -3.733  0.0001906      -3.167  0.0015425      -0.433  0.6647287    
S4-D2:     -2.069  0.0386117      14.112  0.0000000     -12.575  0.0000000    
S4-D3:     -1.267  0.2053072      17.309  0.0000000     -14.437  0.0000000    
S4-D7:     -3.804  0.0001431       9.277  0.0000000     -10.162  0.0000000    
S4-D11:     -2.528  0.0114906      21.876  0.0000000     -18.966  0.0000000    
S4-D16:     -1.388  0.1650346      12.965  0.0000000     -11.155  0.0000000    
S5-D3:      3.044  0.0023410      23.707  0.0000000     -16.067  0.0000000    
S5-D4:     -1.185  0.2358527      17.841  0.0000000     -14.788  0.0000000    
S5-D8:     -2.297  0.0216444      18.229  0.0000000     -15.951  0.0000000    
S5-D11:     -0.532  0.5949580      23.273  0.0000000     -18.503  0.0000000    
S5-D12:      2.294  0.0217879      18.825  0.0000000     -12.853  0.0000000    
S5-D13:     -0.938  0.3482026      24.519  0.0000000     -19.787  0.0000000    
