MULTI-STUDY GLM RESULTS

SEPARATE STUDY PREDICTORS:   NO
SEPARATE SUBJECT PREDICTORS: NO

NAME OF MAIN PREDICTORS
Predictor 1: Left Hand
Predictor 2: Right Hand

Model fit per channel for oxy-Hb (beta, t, p values)
S1-D1:      0.648    22.670  0.0000000       0.126     4.422  0.0000099      -0.127    -6.588  0.0000000      -0.126    -6.574  0.0000000      -0.125    -6.552  0.0000000    
S1-D2:      0.522    18.097  0.0000000       0.095     3.297  0.0009826      -0.101    -5.202  0.0000002      -0.100    -5.191  0.0000002      -0.100    -5.174  0.0000002    
S1-D3:     -0.132    -4.630  0.0000037      -0.666   -23.338  0.0000000       0.131     6.810  0.0000000       0.130     6.793  0.0000000       0.129     6.768  0.0000000    
S1-D4:      0.108     3.709  0.0002089      -0.277    -9.498  0.0000000       0.028     1.412  0.1580423       0.028     1.408  0.1593037       0.027     1.402  0.1610377    
S1-D5:      0.080     2.740  0.0061546      -0.251    -8.607  0.0000000       0.028     1.430  0.1526514       0.028     1.426  0.1538560       0.028     1.420  0.1555274    
S1-D6:      0.496    17.162  0.0000000       0.069     2.393  0.0167450      -0.092    -4.755  0.0000020      -0.092    -4.745  0.0000021      -0.091    -4.729  0.0000023    
S1-D7:      0.050     1.707  0.0878604      -0.364   -12.497  0.0000000       0.051     2.629  0.0085733       0.051     2.622  0.0087575       0.051     2.612  0.0090217    
S1-D8:     -0.292   -10.175  0.0000000      -0.577   -20.134  0.0000000       0.142     7.378  0.0000000       0.141     7.360  0.0000000       0.140     7.333  0.0000000    
S1-D9:      0.149     5.124  0.0000003      -0.297   -10.194  0.0000000       0.024     1.237  0.2159537       0.024     1.233  0.2174408       0.024     1.228  0.2194461    
S1-D10:      0.267     9.139  0.0000000      -0.136    -4.674  0.0000030      -0.021    -1.083  0.2787172      -0.021    -1.082  0.2794453      -0.021    -1.079  0.2807186    
S1-D11:     -0.393   -13.847  0.0000000      -0.657   -23.118  0.0000000       0.172     8.997  0.0000000       0.171     8.975  0.0000000       0.170     8.943  0.0000000    
S1-D12:     -0.122    -4.248  0.0000217      -0.548   -19.020  0.0000000       0.110     5.666  0.0000000       0.109     5.651  0.0000000       0.108     5.631  0.0000000    
S1-D13:     -0.124    -4.295  0.0000176      -0.508   -17.589  0.0000000       0.103     5.329  0.0000001       0.103     5.315  0.0000001       0.102     5.295  0.0000001    
S1-D14:      0.458    15.823  0.0000000       0.031     1.065  0.2868252      -0.080    -4.106  0.0000406      -0.080    -4.097  0.0000421      -0.079    -4.084  0.0000446    
S1-D15:      0.596    20.769  0.0000000       0.208     7.245  0.0000000      -0.131    -6.814  0.0000000      -0.131    -6.798  0.0000000      -0.130    -6.776  0.0000000    
S2-D1:      0.756    27.208  0.0000000       0.633    22.774  0.0000000      -0.227   -12.162  0.0000000      -0.226   -12.133  0.0000000      -0.224   -12.091  0.0000000    
S2-D4:      0.493    17.081  0.0000000       0.239     8.282  0.0000000      -0.120    -6.170  0.0000000      -0.119    -6.156  0.0000000      -0.118    -6.135  0.0000000    
S2-D5:      0.108     3.690  0.0002260      -0.009    -0.312  0.7547316      -0.016    -0.821  0.4117557      -0.016    -0.819  0.4127157      -0.016    -0.817  0.4142018    
S2-D9:      0.830    29.909  0.0000000       0.537    19.355  0.0000000      -0.224   -11.985  0.0000000      -0.222   -11.958  0.0000000      -0.221   -11.916  0.0000000    
S2-D12:      0.201     6.856  0.0000000       0.016     0.563  0.5734345      -0.036    -1.804  0.0712868      -0.035    -1.800  0.0718961      -0.035    -1.794  0.0728307    
S2-D14:      0.837    30.130  0.0000000       0.510    18.349  0.0000000      -0.220   -11.794  0.0000000      -0.219   -11.767  0.0000000      -0.217   -11.726  0.0000000    
S3-D1:      0.768    27.647  0.0000000       0.621    22.350  0.0000000      -0.227   -12.165  0.0000000      -0.226   -12.137  0.0000000      -0.224   -12.095  0.0000000    
S3-D2:      0.269     9.208  0.0000000       0.104     3.563  0.0003688      -0.061    -3.106  0.0019003      -0.061    -3.099  0.0019459      -0.060    -3.089  0.0020159    
S3-D6:      0.608    21.298  0.0000000       0.360    12.605  0.0000000      -0.158    -8.248  0.0000000      -0.157    -8.229  0.0000000      -0.156    -8.201  0.0000000    
S3-D9:      0.939    34.561  0.0000000       0.670    24.670  0.0000000      -0.263   -14.411  0.0000000      -0.262   -14.378  0.0000000      -0.260   -14.328  0.0000000    
S3-D10:      0.557    19.409  0.0000000       0.310    10.797  0.0000000      -0.142    -7.349  0.0000000      -0.141    -7.332  0.0000000      -0.140    -7.307  0.0000000    
S3-D15:      0.665    23.381  0.0000000       0.347    12.200  0.0000000      -0.165    -8.656  0.0000000      -0.165    -8.636  0.0000000      -0.163    -8.606  0.0000000    
S4-D2:      0.153     5.248  0.0000002      -0.227    -7.762  0.0000000       0.012     0.615  0.5387143       0.012     0.612  0.5402710       0.012     0.609  0.5422748    
S4-D3:      0.070     2.407  0.0160978      -0.352   -12.081  0.0000000       0.046     2.358  0.0184162       0.046     2.351  0.0187466       0.045     2.342  0.0192160    
S4-D7:     -0.112    -3.849  0.0001193      -0.451   -15.546  0.0000000       0.092     4.723  0.0000024       0.092     4.711  0.0000025       0.091     4.693  0.0000027    
S4-D11:     -0.185    -6.437  0.0000000      -0.552   -19.195  0.0000000       0.121     6.240  0.0000000       0.120     6.225  0.0000000       0.119     6.202  0.0000000    
S4-D16:      0.070     2.411  0.0159284      -0.240    -8.192  0.0000000       0.028     1.409  0.1587961       0.028     1.405  0.1600072       0.027     1.400  0.1616918    
S5-D3:     -0.163    -5.651  0.0000000      -0.537   -18.629  0.0000000       0.115     5.911  0.0000000       0.114     5.897  0.0000000       0.113     5.875  0.0000000    
S5-D4:     -0.366   -12.858  0.0000000      -0.649   -22.789  0.0000000       0.166     8.677  0.0000000       0.165     8.656  0.0000000       0.164     8.625  0.0000000    
S5-D8:     -0.544   -19.418  0.0000000      -0.726   -25.885  0.0000000       0.208    11.026  0.0000000       0.207    10.999  0.0000000       0.205    10.960  0.0000000    
S5-D11:     -0.397   -13.989  0.0000000      -0.651   -22.909  0.0000000       0.172     8.981  0.0000000       0.171     8.959  0.0000000       0.169     8.927  0.0000000    
S5-D12:     -0.168    -5.807  0.0000000      -0.516   -17.891  0.0000000       0.112     5.770  0.0000000       0.111     5.755  0.0000000       0.110     5.734  0.0000000    
S5-D13:     -0.503   -18.105  0.0000000      -0.831   -29.876  0.0000000       0.218    11.679  0.0000000       0.217    11.650  0.0000000       0.215    11.609  0.0000000    

Model fit per channel for deoxy-Hb (beta, t, p values)
S1-D1:     -0.621   -21.768  0.0000000      -0.352   -12.345  0.0000000       0.159     8.299  0.0000000       0.158     8.280  0.0000000       0.157     8.251  0.0000000    
S1-D2:     -0.745   -26.747  0.0000000      -0.615   -22.070  0.0000000       0.222    11.878  0.0000000       0.221    11.850  0.0000000       0.220    11.809  0.0000000    
S1-D3:     -1.123   -42.073  0.0000000       0.081     3.044  0.0023391       0.170     9.487  0.0000000       0.169     9.467  0.0000000       0.168     9.437  0.0000000    
S1-D4:     -0.965   -35.406  0.0000000      -0.574   -21.041  0.0000000       0.252    13.733  0.0000000       0.250    13.701  0.0000000       0.248    13.654  0.0000000    
S1-D5:     -0.379   -13.050  0.0000000      -0.266    -9.158  0.0000000       0.105     5.404  0.0000001       0.105     5.391  0.0000001       0.104     5.372  0.0000001    
S1-D6:     -0.384   -13.341  0.0000000      -0.481   -16.711  0.0000000       0.141     7.314  0.0000000       0.141     7.296  0.0000000       0.140     7.270  0.0000000    
S1-D7:     -0.462   -16.006  0.0000000      -0.274    -9.475  0.0000000       0.120     6.199  0.0000000       0.120     6.185  0.0000000       0.119     6.163  0.0000000    
S1-D8:     -0.185    -6.341  0.0000000       0.215     7.350  0.0000000      -0.005    -0.249  0.8035356      -0.005    -0.247  0.8047186      -0.005    -0.245  0.8061056    
S1-D9:     -0.291    -9.969  0.0000000       0.016     0.538  0.5902542       0.045     2.292  0.0219139       0.045     2.288  0.0221894       0.044     2.280  0.0226195    
S1-D10:     -0.499   -17.486  0.0000000      -0.525   -18.384  0.0000000       0.167     8.729  0.0000000       0.167     8.708  0.0000000       0.165     8.678  0.0000000    
S1-D11:     -0.823   -29.354  0.0000000      -0.238    -8.497  0.0000000       0.174     9.206  0.0000000       0.173     9.185  0.0000000       0.171     9.155  0.0000000    
S1-D12:     -0.822   -30.030  0.0000000      -0.742   -27.121  0.0000000       0.256    13.907  0.0000000       0.255    13.874  0.0000000       0.253    13.825  0.0000000    
S1-D13:     -1.040   -39.007  0.0000000      -0.728   -27.276  0.0000000       0.289    16.127  0.0000000       0.288    16.089  0.0000000       0.285    16.034  0.0000000    
S1-D14:     -0.020    -0.688  0.4913020       0.417    14.362  0.0000000      -0.065    -3.331  0.0008689      -0.065    -3.322  0.0008973      -0.064    -3.309  0.0009388    
S1-D15:     -0.788   -28.629  0.0000000      -0.714   -25.948  0.0000000       0.246    13.280  0.0000000       0.244    13.249  0.0000000       0.243    13.203  0.0000000    
S2-D1:      1.047    43.930  0.0000000       1.435    60.212  0.0000000      -0.406   -25.347  0.0000000      -0.404   -25.285  0.0000000      -0.401   -25.195  0.0000000    
S2-D4:      0.626    22.663  0.0000000       0.814    29.453  0.0000000      -0.236   -12.684  0.0000000      -0.234   -12.653  0.0000000      -0.233   -12.608  0.0000000    
S2-D5:      1.100    43.822  0.0000000       1.143    45.514  0.0000000      -0.367   -21.740  0.0000000      -0.365   -21.688  0.0000000      -0.362   -21.612  0.0000000    
S2-D9:      1.126    48.165  0.0000000       1.458    62.352  0.0000000      -0.423   -26.897  0.0000000      -0.420   -26.832  0.0000000      -0.417   -26.737  0.0000000    
S2-D12:      0.690    24.980  0.0000000       0.770    27.850  0.0000000      -0.239   -12.857  0.0000000      -0.238   -12.826  0.0000000      -0.236   -12.781  0.0000000    
S2-D14:      0.800    30.723  0.0000000       1.154    44.333  0.0000000      -0.320   -18.268  0.0000000      -0.318   -18.223  0.0000000      -0.315   -18.159  0.0000000    
S3-D1:     -0.018    -0.628  0.5300688      -0.213    -7.264  0.0000000       0.038     1.922  0.0546433       0.038     1.917  0.0552804       0.037     1.910  0.0561979    
S3-D2:      0.459    15.848  0.0000000       0.097     3.360  0.0007828      -0.091    -4.671  0.0000030      -0.091    -4.661  0.0000032      -0.090    -4.645  0.0000034    
S3-D6:      0.362    12.501  0.0000000      -0.177    -6.091  0.0000000      -0.030    -1.555  0.1198982      -0.030    -1.553  0.1204798      -0.030    -1.549  0.1214841    
S3-D9:     -0.205    -7.153  0.0000000      -0.579   -20.165  0.0000000       0.128     6.651  0.0000000       0.128     6.634  0.0000000       0.127     6.610  0.0000000    
S3-D10:      0.079     2.692  0.0071234      -0.220    -7.510  0.0000000       0.023     1.175  0.2400535       0.023     1.171  0.2414564       0.023     1.167  0.2433891    
S3-D15:     -0.536   -18.772  0.0000000      -0.462   -16.152  0.0000000       0.163     8.498  0.0000000       0.162     8.478  0.0000000       0.161     8.448  0.0000000    
S4-D2:     -0.070    -2.409  0.0160019       0.210     7.160  0.0000000      -0.023    -1.158  0.2467434      -0.023    -1.155  0.2481398      -0.022    -1.150  0.2500684    
S4-D3:     -0.741   -26.304  0.0000000       0.122     4.348  0.0000139       0.101     5.335  0.0000001       0.101     5.325  0.0000001       0.100     5.308  0.0000001    
S4-D7:      0.203     7.338  0.0000000       0.943    34.111  0.0000000      -0.188   -10.093  0.0000000      -0.187   -10.067  0.0000000      -0.185   -10.030  0.0000000    
S4-D11:     -1.071   -39.552  0.0000000      -0.083    -3.081  0.0020687       0.189    10.366  0.0000000       0.188    10.343  0.0000000       0.186    10.310  0.0000000    
S4-D16:      0.015     0.508  0.6112816       0.422    14.525  0.0000000      -0.071    -3.662  0.0002521      -0.071    -3.652  0.0002618      -0.070    -3.638  0.0002762    
S5-D3:     -1.276   -48.870  0.0000000      -0.320   -12.248  0.0000000       0.261    14.864  0.0000000       0.260    14.831  0.0000000       0.258    14.782  0.0000000    
S5-D4:     -0.509   -17.649  0.0000000      -0.229    -7.927  0.0000000       0.121     6.221  0.0000000       0.120     6.207  0.0000000       0.119     6.186  0.0000000    
S5-D8:     -0.216    -7.402  0.0000000       0.140     4.776  0.0000018       0.012     0.636  0.5246612       0.012     0.636  0.5251077       0.012     0.634  0.5260248    
S5-D11:     -0.522   -18.107  0.0000000       0.032     1.112  0.2662548       0.080     4.131  0.0000364       0.080     4.123  0.0000378       0.079     4.109  0.0000400    
S5-D12:     -0.538   -18.690  0.0000000      -0.176    -6.103  0.0000000       0.117     6.030  0.0000000       0.116     6.017  0.0000000       0.115     5.997  0.0000000    
S5-D13:     -0.518   -18.185  0.0000000      -0.545   -19.133  0.0000000       0.174     9.082  0.0000000       0.173     9.060  0.0000000       0.172     9.028  0.0000000    

Model fit per channel for total-Hb (beta, t, p values)
S1-D1:      0.027     0.746  0.4559054      -0.226    -6.325  0.0000000       0.033     1.359  0.1740319       0.032     1.356  0.1752146       0.032     1.351  0.1768858    
S1-D2:     -0.223    -7.655  0.0000000      -0.520   -17.841  0.0000000       0.122     6.207  0.0000000       0.121     6.191  0.0000000       0.120     6.169  0.0000000    
S1-D3:     -1.255   -48.835  0.0000000      -0.584   -22.744  0.0000000       0.301    17.412  0.0000000       0.299    17.373  0.0000000       0.297    17.313  0.0000000    
S1-D4:     -0.857   -24.489  0.0000000      -0.851   -24.313  0.0000000       0.279    11.876  0.0000000       0.278    11.847  0.0000000       0.276    11.806  0.0000000    
S1-D5:     -0.299    -6.233  0.0000000      -0.517   -10.792  0.0000000       0.134     4.144  0.0000344       0.133     4.134  0.0000360       0.132     4.119  0.0000384    
S1-D6:      0.112     2.257  0.0240222      -0.412    -8.277  0.0000000       0.049     1.467  0.1422803       0.049     1.463  0.1434310       0.048     1.457  0.1450361    
S1-D7:     -0.413    -7.895  0.0000000      -0.637   -12.187  0.0000000       0.172     4.888  0.0000010       0.171     4.876  0.0000011       0.170     4.859  0.0000012    
S1-D8:     -0.477   -12.776  0.0000000      -0.363    -9.722  0.0000000       0.137     5.474  0.0000000       0.137     5.461  0.0000000       0.136     5.442  0.0000001    
S1-D9:     -0.142    -3.752  0.0001767      -0.281    -7.433  0.0000000       0.069     2.723  0.0064878       0.069     2.716  0.0066214       0.068     2.706  0.0068193    
S1-D10:     -0.232    -4.192  0.0000279      -0.661   -11.921  0.0000000       0.146     3.923  0.0000881       0.145     3.913  0.0000918       0.144     3.899  0.0000974    
S1-D11:     -1.217   -34.442  0.0000000      -0.895   -25.335  0.0000000       0.345    14.544  0.0000000       0.344    14.510  0.0000000       0.341    14.460  0.0000000    
S1-D12:     -0.944   -21.487  0.0000000      -1.290   -29.355  0.0000000       0.366    12.374  0.0000000       0.364    12.344  0.0000000       0.361    12.300  0.0000000    
S1-D13:     -1.164   -37.625  0.0000000      -1.236   -39.918  0.0000000       0.393    18.870  0.0000000       0.391    18.825  0.0000000       0.387    18.759  0.0000000    
S1-D14:      0.438    11.758  0.0000000       0.448    12.007  0.0000000      -0.145    -5.783  0.0000000      -0.144    -5.769  0.0000000      -0.143    -5.749  0.0000000    
S1-D15:     -0.193    -6.220  0.0000000      -0.507   -16.361  0.0000000       0.114     5.497  0.0000000       0.114     5.484  0.0000000       0.113     5.464  0.0000000    
S2-D1:      1.803    42.964  0.0000000       2.068    49.272  0.0000000      -0.633   -22.447  0.0000000      -0.630   -22.393  0.0000000      -0.625   -22.314  0.0000000    
S2-D4:      1.120    28.208  0.0000000       1.053    26.537  0.0000000      -0.355   -13.322  0.0000000      -0.354   -13.290  0.0000000      -0.351   -13.243  0.0000000    
S2-D5:      1.208    28.283  0.0000000       1.134    26.528  0.0000000      -0.383   -13.337  0.0000000      -0.381   -13.306  0.0000000      -0.378   -13.259  0.0000000    
S2-D9:      1.956    48.999  0.0000000       1.995    49.970  0.0000000      -0.646   -24.084  0.0000000      -0.643   -24.026  0.0000000      -0.638   -23.942  0.0000000    
S2-D12:      0.891    21.308  0.0000000       0.786    18.797  0.0000000      -0.274    -9.759  0.0000000      -0.273    -9.736  0.0000000      -0.271    -9.702  0.0000000    
S2-D14:      1.636    44.631  0.0000000       1.664    45.369  0.0000000      -0.540   -21.901  0.0000000      -0.537   -21.849  0.0000000      -0.533   -21.772  0.0000000    
S3-D1:      0.750    16.617  0.0000000       0.408     9.049  0.0000000      -0.189    -6.244  0.0000000      -0.188    -6.230  0.0000000      -0.187    -6.208  0.0000000    
S3-D2:      0.728    20.958  0.0000000       0.201     5.798  0.0000000      -0.152    -6.507  0.0000000      -0.151    -6.493  0.0000000      -0.150    -6.471  0.0000000    
S3-D6:      0.970    19.898  0.0000000       0.183     3.757  0.0001731      -0.189    -5.753  0.0000000      -0.188    -5.740  0.0000000      -0.186    -5.721  0.0000000    
S3-D9:      0.733    17.274  0.0000000       0.091     2.147  0.0317827      -0.135    -4.722  0.0000024      -0.134    -4.712  0.0000025      -0.133    -4.697  0.0000027    
S3-D10:      0.636    15.611  0.0000000       0.090     2.215  0.0267636      -0.119    -4.335  0.0000148      -0.118    -4.325  0.0000154      -0.117    -4.311  0.0000164    
S3-D15:      0.128    14.043  0.0000000      -0.115   -12.530  0.0000000      -0.002    -0.362  0.7173945      -0.002    -0.363  0.7166826      -0.002    -0.363  0.7162922    
S4-D2:      0.083     2.532  0.0113435      -0.017    -0.523  0.6009287      -0.011    -0.488  0.6253955      -0.011    -0.487  0.6260724      -0.011    -0.486  0.6271373    
S4-D3:     -0.671   -23.427  0.0000000      -0.229    -7.999  0.0000000       0.147     7.644  0.0000000       0.146     7.626  0.0000000       0.145     7.601  0.0000000    
S4-D7:      0.091     2.229  0.0258542       0.492    12.024  0.0000000      -0.096    -3.471  0.0005217      -0.095    -3.462  0.0005393      -0.094    -3.449  0.0005655    
S4-D11:     -1.256   -30.563  0.0000000      -0.636   -15.467  0.0000000       0.309    11.197  0.0000000       0.308    11.172  0.0000000       0.305    11.134  0.0000000    
S4-D16:      0.085     1.876  0.0607318       0.182     4.007  0.0000621      -0.044    -1.432  0.1521840      -0.044    -1.428  0.1532057      -0.043    -1.423  0.1546935    
S5-D3:     -1.439   -52.065  0.0000000      -0.857   -30.997  0.0000000       0.375    20.208  0.0000000       0.373    20.161  0.0000000       0.371    20.092  0.0000000    
S5-D4:     -0.875   -29.595  0.0000000      -0.877   -29.668  0.0000000       0.287    14.421  0.0000000       0.285    14.387  0.0000000       0.283    14.337  0.0000000    
S5-D8:     -0.761   -19.249  0.0000000      -0.586   -14.833  0.0000000       0.220     8.293  0.0000000       0.219     8.273  0.0000000       0.217     8.245  0.0000000    
S5-D11:     -0.919   -31.951  0.0000000      -0.619   -21.512  0.0000000       0.252    13.008  0.0000000       0.250    12.977  0.0000000       0.248    12.932  0.0000000    
S5-D12:     -0.706   -25.438  0.0000000      -0.692   -24.935  0.0000000       0.229    12.258  0.0000000       0.227    12.229  0.0000000       0.226    12.186  0.0000000    
S5-D13:     -1.021   -20.977  0.0000000      -1.376   -28.255  0.0000000       0.392    11.982  0.0000000       0.390    11.953  0.0000000       0.387    11.911  0.0000000    

GLM CONTRAST RESULTS
Contrast 1: Left Hand > Baseline
Contrast 2: Right Hand > Baseline

Contrast results per channel for oxy-Hb (t, p values)
S1-D1:     22.670  0.0000000       4.422  0.0000099    
S1-D2:     18.097  0.0000000       3.297  0.0009826    
S1-D3:     -4.630  0.0000037     -23.338  0.0000000    
S1-D4:      3.709  0.0002089      -9.498  0.0000000    
S1-D5:      2.740  0.0061546      -8.607  0.0000000    
S1-D6:     17.162  0.0000000       2.393  0.0167450    
S1-D7:      1.707  0.0878604     -12.497  0.0000000    
S1-D8:    -10.175  0.0000000     -20.134  0.0000000    
S1-D9:      5.124  0.0000003     -10.194  0.0000000    
S1-D10:      9.139  0.0000000      -4.674  0.0000030    
S1-D11:    -13.847  0.0000000     -23.118  0.0000000    
S1-D12:     -4.248  0.0000217     -19.020  0.0000000    
S1-D13:     -4.295  0.0000176     -17.589  0.0000000    
S1-D14:     15.823  0.0000000       1.065  0.2868252    
S1-D15:     20.769  0.0000000       7.245  0.0000000    
S2-D1:     27.208  0.0000000      22.774  0.0000000    
S2-D4:     17.081  0.0000000       8.282  0.0000000    
S2-D5:      3.690  0.0002260      -0.312  0.7547316    
S2-D9:     29.909  0.0000000      19.355  0.0000000    
S2-D12:      6.856  0.0000000       0.563  0.5734345    
S2-D14:     30.130  0.0000000      18.349  0.0000000    
S3-D1:     27.647  0.0000000      22.350  0.0000000    
S3-D2:      9.208  0.0000000       3.563  0.0003688    
S3-D6:     21.298  0.0000000      12.605  0.0000000    
S3-D9:     34.561  0.0000000      24.670  0.0000000    
S3-D10:     19.409  0.0000000      10.797  0.0000000    
S3-D15:     23.381  0.0000000      12.200  0.0000000    
S4-D2:      5.248  0.0000002      -7.762  0.0000000    
S4-D3:      2.407  0.0160978     -12.081  0.0000000    
S4-D7:     -3.849  0.0001193     -15.546  0.0000000    
S4-D11:     -6.437  0.0000000     -19.195  0.0000000    
S4-D16:      2.411  0.0159284      -8.192  0.0000000    
S5-D3:     -5.651  0.0000000     -18.629  0.0000000    
S5-D4:    -12.858  0.0000000     -22.789  0.0000000    
S5-D8:    -19.418  0.0000000     -25.885  0.0000000    
S5-D11:    -13.989  0.0000000     -22.909  0.0000000    
S5-D12:     -5.807  0.0000000     -17.891  0.0000000    
S5-D13:    -18.105  0.0000000     -29.876  0.0000000    

Contrast results per channel for deoxy-Hb (t, p values)
S1-D1:    -21.768  0.0000000     -12.345  0.0000000    
S1-D2:    -26.747  0.0000000     -22.070  0.0000000    
S1-D3:    -42.073  0.0000000       3.044  0.0023391    
S1-D4:    -35.406  0.0000000     -21.041  0.0000000    
S1-D5:    -13.050  0.0000000      -9.158  0.0000000    
S1-D6:    -13.341  0.0000000     -16.711  0.0000000    
S1-D7:    -16.006  0.0000000      -9.475  0.0000000    
S1-D8:     -6.341  0.0000000       7.350  0.0000000    
S1-D9:     -9.969  0.0000000       0.538  0.5902542    
S1-D10:    -17.486  0.0000000     -18.384  0.0000000    
S1-D11:    -29.354  0.0000000      -8.497  0.0000000    
S1-D12:    -30.030  0.0000000     -27.121  0.0000000    
S1-D13:    -39.007  0.0000000     -27.276  0.0000000    
S1-D14:     -0.688  0.4913020      14.362  0.0000000    
S1-D15:    -28.629  0.0000000     -25.948  0.0000000    
S2-D1:     43.930  0.0000000      60.212  0.0000000    
S2-D4:     22.663  0.0000000      29.453  0.0000000    
S2-D5:     43.822  0.0000000      45.514  0.0000000    
S2-D9:     48.165  0.0000000      62.352  0.0000000    
S2-D12:     24.980  0.0000000      27.850  0.0000000    
S2-D14:     30.723  0.0000000      44.333  0.0000000    
S3-D1:     -0.628  0.5300688      -7.264  0.0000000    
S3-D2:     15.848  0.0000000       3.360  0.0007828    
S3-D6:     12.501  0.0000000      -6.091  0.0000000    
S3-D9:     -7.153  0.0000000     -20.165  0.0000000    
S3-D10:      2.692  0.0071234      -7.510  0.0000000    
S3-D15:    -18.772  0.0000000     -16.152  0.0000000    
S4-D2:     -2.409  0.0160019       7.160  0.0000000    
S4-D3:    -26.304  0.0000000       4.348  0.0000139    
S4-D7:      7.338  0.0000000      34.111  0.0000000    
S4-D11:    -39.552  0.0000000      -3.081  0.0020687    
S4-D16:      0.508  0.6112816      14.525  0.0000000    
S5-D3:    -48.870  0.0000000     -12.248  0.0000000    
S5-D4:    -17.649  0.0000000      -7.927  0.0000000    
S5-D8:     -7.402  0.0000000       4.776  0.0000018    
S5-D11:    -18.107  0.0000000       1.112  0.2662548    
S5-D12:    -18.690  0.0000000      -6.103  0.0000000    
S5-D13:    -18.185  0.0000000     -19.133  0.0000000    

Contrast results per channel for total-Hb (t, p values)
S1-D1:      0.746  0.4559054      -6.325  0.0000000    
S1-D2:     -7.655  0.0000000     -17.841  0.0000000    
S1-D3:    -48.835  0.0000000     -22.744  0.0000000    
S1-D4:    -24.489  0.0000000     -24.313  0.0000000    
S1-D5:     -6.233  0.0000000     -10.792  0.0000000    
S1-D6:      2.257  0.0240222      -8.277  0.0000000    
S1-D7:     -7.895  0.0000000     -12.187  0.0000000    
S1-D8:    -12.776  0.0000000      -9.722  0.0000000    
S1-D9:     -3.752  0.0001767      -7.433  0.0000000    
S1-D10:     -4.192  0.0000279     -11.921  0.0000000    
S1-D11:    -34.442  0.0000000     -25.335  0.0000000    
S1-D12:    -21.487  0.0000000     -29.355  0.0000000    
S1-D13:    -37.625  0.0000000     -39.918  0.0000000    
S1-D14:     11.758  0.0000000      12.007  0.0000000    
S1-D15:     -6.220  0.0000000     -16.361  0.0000000    
S2-D1:     42.964  0.0000000      49.272  0.0000000    
S2-D4:     28.208  0.0000000      26.537  0.0000000    
S2-D5:     28.283  0.0000000      26.528  0.0000000    
S2-D9:     48.999  0.0000000      49.970  0.0000000    
S2-D12:     21.308  0.0000000      18.797  0.0000000    
S2-D14:     44.631  0.0000000      45.369  0.0000000    
S3-D1:     16.617  0.0000000       9.049  0.0000000    
S3-D2:     20.958  0.0000000       5.798  0.0000000    
S3-D6:     19.898  0.0000000       3.757  0.0001731    
S3-D9:     17.274  0.0000000       2.147  0.0317827    
S3-D10:     15.611  0.0000000       2.215  0.0267636    
S3-D15:     14.043  0.0000000     -12.530  0.0000000    
S4-D2:      2.532  0.0113435      -0.523  0.6009287    
S4-D3:    -23.427  0.0000000      -7.999  0.0000000    
S4-D7:      2.229  0.0258542      12.024  0.0000000    
S4-D11:    -30.563  0.0000000     -15.467  0.0000000    
S4-D16:      1.876  0.0607318       4.007  0.0000621    
S5-D3:    -52.065  0.0000000     -30.997  0.0000000    
S5-D4:    -29.595  0.0000000     -29.668  0.0000000    
S5-D8:    -19.249  0.0000000     -14.833  0.0000000    
S5-D11:    -31.951  0.0000000     -21.512  0.0000000    
S5-D12:    -25.438  0.0000000     -24.935  0.0000000    
S5-D13:    -20.977  0.0000000     -28.255  0.0000000    
