MULTI-STUDY GLM RESULTS

SEPARATE STUDY PREDICTORS:   NO
SEPARATE SUBJECT PREDICTORS: NO

NAME OF MAIN PREDICTORS
Predictor 1: Left Hand
Predictor 2: Right Hand

Model fit per channel for oxy-Hb (beta, t, p values)
S1-D1:     -0.132    -4.514  0.0000065      -0.022    -0.753  0.4511747       0.025     1.278  0.2013950       0.025     1.281  0.2001480       0.025     1.277  0.2017172    
S1-D2:     -0.573   -20.166  0.0000000      -0.511   -17.978  0.0000000       0.176     9.257  0.0000000       0.177     9.284  0.0000000       0.176     9.250  0.0000000    
S1-D3:     -0.355   -12.234  0.0000000      -0.334   -11.528  0.0000000       0.112     5.766  0.0000000       0.113     5.784  0.0000000       0.112     5.762  0.0000000    
S1-D4:     -0.092    -3.124  0.0017896       0.008     0.271  0.7866295       0.014     0.692  0.4889907       0.014     0.694  0.4878614       0.014     0.691  0.4892984    
S1-D5:     -0.378   -13.024  0.0000000      -0.278    -9.565  0.0000000       0.107     5.482  0.0000000       0.107     5.498  0.0000000       0.106     5.478  0.0000000    
S1-D6:     -0.388   -13.392  0.0000000      -0.298   -10.270  0.0000000       0.112     5.742  0.0000000       0.112     5.759  0.0000000       0.111     5.738  0.0000000    
S1-D7:     -0.563   -19.878  0.0000000      -0.585   -20.669  0.0000000       0.187     9.840  0.0000000       0.188     9.870  0.0000000       0.186     9.833  0.0000000    
S1-D8:     -0.473   -16.511  0.0000000      -0.470   -16.383  0.0000000       0.153     7.983  0.0000000       0.154     8.007  0.0000000       0.153     7.977  0.0000000    
S1-D9:     -0.371   -12.788  0.0000000      -0.263    -9.046  0.0000000       0.103     5.298  0.0000001       0.104     5.314  0.0000001       0.103     5.294  0.0000001    
S1-D10:     -0.509   -17.770  0.0000000      -0.434   -15.154  0.0000000       0.153     7.990  0.0000000       0.154     8.014  0.0000000       0.153     7.984  0.0000000    
S1-D11:     -0.563   -19.834  0.0000000      -0.550   -19.371  0.0000000       0.181     9.514  0.0000000       0.182     9.543  0.0000000       0.181     9.507  0.0000000    
S1-D12:     -0.571   -20.210  0.0000000      -0.608   -21.500  0.0000000       0.192    10.122  0.0000000       0.193    10.153  0.0000000       0.191    10.115  0.0000000    
S1-D13:     -0.358   -12.354  0.0000000      -0.335   -11.567  0.0000000       0.113     5.805  0.0000000       0.113     5.822  0.0000000       0.113     5.801  0.0000000    
S1-D15:     -0.618   -21.823  0.0000000      -0.514   -18.147  0.0000000       0.184     9.699  0.0000000       0.185     9.729  0.0000000       0.184     9.692  0.0000000    
S1-D16:     -0.376   -12.999  0.0000000      -0.393   -13.578  0.0000000       0.125     6.450  0.0000000       0.126     6.469  0.0000000       0.125     6.445  0.0000000    
S2-D1:      0.033     1.137  0.2554748       0.255     8.704  0.0000000      -0.047    -2.389  0.0169014      -0.047    -2.397  0.0165411      -0.047    -2.388  0.0169822    
S2-D4:     -0.097    -3.300  0.0009695      -0.121    -4.115  0.0000391       0.035     1.800  0.0719511       0.036     1.805  0.0710817       0.035     1.798  0.0721575    
S2-D5:     -0.316   -10.849  0.0000000      -0.251    -8.607  0.0000000       0.092     4.721  0.0000024       0.093     4.735  0.0000022       0.092     4.718  0.0000024    
S2-D9:     -0.258    -8.845  0.0000000      -0.232    -7.943  0.0000000       0.080     4.074  0.0000466       0.080     4.086  0.0000442       0.080     4.071  0.0000472    
S2-D10:     -0.204    -6.961  0.0000000      -0.060    -2.041  0.0412433       0.043     2.184  0.0289960       0.043     2.190  0.0285440       0.043     2.182  0.0291113    
S2-D13:     -0.386   -13.335  0.0000000      -0.315   -10.864  0.0000000       0.114     5.872  0.0000000       0.115     5.890  0.0000000       0.114     5.868  0.0000000    
S3-D1:     -0.054    -1.850  0.0643316       0.086     2.925  0.0034545      -0.005    -0.262  0.7936856      -0.005    -0.263  0.7927501      -0.005    -0.261  0.7938433    
S3-D2:     -0.670   -23.699  0.0000000      -0.492   -17.424  0.0000000       0.189     9.979  0.0000000       0.190    10.009  0.0000000       0.189     9.972  0.0000000    
S3-D6:     -0.324   -11.122  0.0000000      -0.169    -5.788  0.0000000       0.080     4.103  0.0000412       0.081     4.115  0.0000391       0.080     4.100  0.0000417    
S3-D10:     -0.272    -9.314  0.0000000      -0.168    -5.743  0.0000000       0.071     3.653  0.0002603       0.072     3.664  0.0002496       0.071     3.651  0.0002629    
S3-D14:     -0.226    -7.729  0.0000000      -0.084    -2.853  0.0043361       0.050     2.567  0.0102600       0.051     2.575  0.0100445       0.050     2.566  0.0103146    
S4-D2:     -0.538   -18.756  0.0000000      -0.362   -12.616  0.0000000       0.146     7.613  0.0000000       0.147     7.635  0.0000000       0.146     7.607  0.0000000    
S4-D3:     -0.490   -17.044  0.0000000      -0.368   -12.796  0.0000000       0.140     7.241  0.0000000       0.140     7.263  0.0000000       0.139     7.236  0.0000000    
S4-D7:     -0.424   -14.663  0.0000000      -0.292   -10.095  0.0000000       0.116     6.008  0.0000000       0.117     6.025  0.0000000       0.116     6.003  0.0000000    
S4-D11:     -0.520   -18.115  0.0000000      -0.368   -12.795  0.0000000       0.144     7.501  0.0000000       0.145     7.523  0.0000000       0.144     7.495  0.0000000    
S4-D12:     -0.343   -11.783  0.0000000      -0.223    -7.646  0.0000000       0.092     4.714  0.0000025       0.093     4.728  0.0000023       0.092     4.711  0.0000025    
S4-D15:     -0.610   -21.402  0.0000000      -0.422   -14.802  0.0000000       0.168     8.785  0.0000000       0.169     8.811  0.0000000       0.167     8.779  0.0000000    
S5-D3:     -0.576   -20.618  0.0000000      -0.750   -26.844  0.0000000       0.215    11.519  0.0000000       0.217    11.555  0.0000000       0.215    11.511  0.0000000    
S5-D4:     -0.254    -8.721  0.0000000      -0.324   -11.121  0.0000000       0.094     4.816  0.0000015       0.095     4.831  0.0000014       0.094     4.812  0.0000015    
S5-D8:     -0.549   -19.561  0.0000000      -0.720   -25.659  0.0000000       0.206    10.975  0.0000000       0.208    11.009  0.0000000       0.206    10.967  0.0000000    
S5-D9:     -0.194    -6.654  0.0000000      -0.308   -10.563  0.0000000       0.082     4.179  0.0000296       0.082     4.192  0.0000279       0.081     4.176  0.0000300    
S5-D12:     -0.430   -15.050  0.0000000      -0.550   -19.250  0.0000000       0.159     8.325  0.0000000       0.160     8.350  0.0000000       0.159     8.319  0.0000000    
S5-D16:     -0.726   -26.640  0.0000000      -0.881   -32.351  0.0000000       0.261    14.317  0.0000000       0.263    14.361  0.0000000       0.261    14.306  0.0000000    

Model fit per channel for deoxy-Hb (beta, t, p values)
S1-D1:     -0.557   -19.579  0.0000000      -0.502   -17.625  0.0000000       0.172     9.028  0.0000000       0.173     9.056  0.0000000       0.172     9.022  0.0000000    
S1-D2:      0.227     7.755  0.0000000       0.138     4.721  0.0000024      -0.059    -3.027  0.0024759      -0.060    -3.036  0.0024040      -0.059    -3.025  0.0024938    
S1-D3:     -1.141   -44.200  0.0000000      -0.901   -34.920  0.0000000       0.332    19.200  0.0000000       0.334    19.257  0.0000000       0.331    19.186  0.0000000    
S1-D4:     -1.063   -40.119  0.0000000      -0.769   -29.028  0.0000000       0.298    16.779  0.0000000       0.300    16.829  0.0000000       0.297    16.767  0.0000000    
S1-D5:     -0.680   -24.047  0.0000000      -0.447   -15.794  0.0000000       0.183     9.668  0.0000000       0.184     9.696  0.0000000       0.183     9.661  0.0000000    
S1-D6:     -1.065   -40.414  0.0000000      -0.818   -31.010  0.0000000       0.306    17.332  0.0000000       0.308    17.383  0.0000000       0.305    17.319  0.0000000    
S1-D7:      0.311    10.662  0.0000000       0.118     4.056  0.0000503      -0.070    -3.571  0.0003578      -0.070    -3.581  0.0003440      -0.070    -3.568  0.0003613    
S1-D8:     -1.175   -46.243  0.0000000      -0.978   -38.466  0.0000000       0.350    20.556  0.0000000       0.352    20.618  0.0000000       0.349    20.541  0.0000000    
S1-D9:     -0.516   -18.184  0.0000000      -0.604   -21.289  0.0000000       0.182     9.580  0.0000000       0.183     9.609  0.0000000       0.182     9.573  0.0000000    
S1-D10:     -0.437   -15.126  0.0000000      -0.343   -11.873  0.0000000       0.127     6.552  0.0000000       0.128     6.571  0.0000000       0.127     6.547  0.0000000    
S1-D11:     -0.871   -32.935  0.0000000      -1.000   -37.787  0.0000000       0.304    17.164  0.0000000       0.306    17.216  0.0000000       0.304    17.151  0.0000000    
S1-D12:      0.013     0.437  0.6618929      -0.562   -19.551  0.0000000       0.089     4.642  0.0000035       0.090     4.657  0.0000032       0.089     4.638  0.0000036    
S1-D13:     -0.825   -29.399  0.0000000      -0.210    -7.497  0.0000000       0.168     8.951  0.0000000       0.169     8.976  0.0000000       0.168     8.944  0.0000000    
S1-D15:      0.038     1.308  0.1909249      -0.053    -1.807  0.0707669       0.002     0.122  0.9032044       0.002     0.122  0.9026952       0.002     0.122  0.9032821    
S1-D16:     -0.546   -19.033  0.0000000      -0.367   -12.785  0.0000000       0.148     7.721  0.0000000       0.149     7.743  0.0000000       0.148     7.715  0.0000000    
S2-D1:     -1.142   -54.731  0.0000000      -1.792   -85.822  0.0000000       0.477    34.114  0.0000000       0.480    34.220  0.0000000       0.476    34.089  0.0000000    
S2-D4:     -0.860   -30.907  0.0000000      -0.394   -14.166  0.0000000       0.204    10.936  0.0000000       0.205    10.968  0.0000000       0.204    10.928  0.0000000    
S2-D5:     -1.102   -44.089  0.0000000      -1.166   -46.661  0.0000000       0.369    22.024  0.0000000       0.371    22.091  0.0000000       0.368    22.008  0.0000000    
S2-D9:     -0.899   -32.614  0.0000000      -0.512   -18.557  0.0000000       0.229    12.416  0.0000000       0.231    12.452  0.0000000       0.229    12.407  0.0000000    
S2-D10:     -0.750   -28.302  0.0000000      -1.075   -40.572  0.0000000       0.297    16.716  0.0000000       0.299    16.768  0.0000000       0.296    16.704  0.0000000    
S2-D13:     -0.639   -22.853  0.0000000      -0.679   -24.275  0.0000000       0.214    11.437  0.0000000       0.216    11.472  0.0000000       0.214    11.429  0.0000000    
S3-D1:     -0.977   -37.240  0.0000000      -0.963   -36.688  0.0000000       0.315    17.941  0.0000000       0.318    17.995  0.0000000       0.315    17.928  0.0000000    
S3-D2:      0.067     2.269  0.0232999      -0.141    -4.792  0.0000017       0.012     0.613  0.5395838       0.012     0.616  0.5379445       0.012     0.613  0.5398923    
S3-D6:     -1.032   -39.285  0.0000000      -0.893   -34.005  0.0000000       0.313    17.785  0.0000000       0.315    17.839  0.0000000       0.312    17.772  0.0000000    
S3-D10:     -0.924   -34.321  0.0000000      -0.797   -29.592  0.0000000       0.280    15.510  0.0000000       0.282    15.556  0.0000000       0.279    15.499  0.0000000    
S3-D14:     -1.013   -37.966  0.0000000      -0.769   -28.804  0.0000000       0.290    16.202  0.0000000       0.292    16.251  0.0000000       0.289    16.191  0.0000000    
S4-D2:     -0.162    -5.537  0.0000000      -0.008    -0.257  0.7968474       0.028     1.405  0.1599542       0.028     1.409  0.1588287       0.028     1.404  0.1602517    
S4-D3:     -0.686   -24.636  0.0000000      -0.689   -24.747  0.0000000       0.224    11.984  0.0000000       0.225    12.021  0.0000000       0.223    11.976  0.0000000    
S4-D7:     -0.735   -26.328  0.0000000      -0.596   -21.347  0.0000000       0.216    11.569  0.0000000       0.218    11.604  0.0000000       0.216    11.561  0.0000000    
S4-D11:     -0.199    -6.809  0.0000000      -0.161    -5.492  0.0000000       0.059     2.985  0.0028437       0.059     2.994  0.0027618       0.058     2.983  0.0028638    
S4-D12:     -0.935   -34.768  0.0000000      -0.793   -29.470  0.0000000       0.281    15.589  0.0000000       0.283    15.636  0.0000000       0.280    15.577  0.0000000    
S4-D15:     -0.304   -10.396  0.0000000      -0.055    -1.879  0.0603338       0.058     2.978  0.0029129       0.059     2.986  0.0028353       0.058     2.975  0.0029332    
S5-D3:      0.908    34.563  0.0000000       1.023    38.933  0.0000000      -0.314   -17.837  0.0000000      -0.316   -17.891  0.0000000      -0.313   -17.824  0.0000000    
S5-D4:      0.293    10.097  0.0000000       0.393    13.555  0.0000000      -0.111    -5.740  0.0000000      -0.112    -5.758  0.0000000      -0.111    -5.736  0.0000000    
S5-D8:      0.921    35.123  0.0000000       1.023    39.000  0.0000000      -0.316   -17.989  0.0000000      -0.318   -18.044  0.0000000      -0.315   -17.976  0.0000000    
S5-D9:      0.461    16.168  0.0000000       0.578    20.263  0.0000000      -0.169    -8.842  0.0000000      -0.170    -8.869  0.0000000      -0.168    -8.835  0.0000000    
S5-D12:      0.733    26.663  0.0000000       0.784    28.487  0.0000000      -0.247   -13.384  0.0000000      -0.248   -13.425  0.0000000      -0.246   -13.375  0.0000000    
S5-D16:      1.155    45.430  0.0000000       1.003    39.445  0.0000000      -0.351   -20.597  0.0000000      -0.353   -20.659  0.0000000      -0.350   -20.582  0.0000000    

Model fit per channel for total-Hb (beta, t, p values)
S1-D1:     -0.690   -18.288  0.0000000      -0.524   -13.889  0.0000000       0.197     7.808  0.0000000       0.199     7.831  0.0000000       0.197     7.803  0.0000000    
S1-D2:     -0.346   -12.258  0.0000000      -0.373   -13.198  0.0000000       0.117     6.178  0.0000000       0.118     6.197  0.0000000       0.117     6.173  0.0000000    
S1-D3:     -1.495   -41.609  0.0000000      -1.236   -34.375  0.0000000       0.444    18.439  0.0000000       0.447    18.494  0.0000000       0.443    18.425  0.0000000    
S1-D4:     -1.154   -35.798  0.0000000      -0.761   -23.597  0.0000000       0.311    14.412  0.0000000       0.313    14.455  0.0000000       0.311    14.402  0.0000000    
S1-D5:     -1.058   -21.700  0.0000000      -0.725   -14.854  0.0000000       0.290     8.870  0.0000000       0.292     8.896  0.0000000       0.289     8.864  0.0000000    
S1-D6:     -1.453   -32.506  0.0000000      -1.115   -24.938  0.0000000       0.417    13.939  0.0000000       0.420    13.981  0.0000000       0.417    13.929  0.0000000    
S1-D7:     -0.252   -14.975  0.0000000      -0.467   -27.777  0.0000000       0.117    10.377  0.0000000       0.118    10.410  0.0000000       0.117    10.369  0.0000000    
S1-D8:     -1.648   -37.304  0.0000000      -1.447   -32.748  0.0000000       0.503    17.000  0.0000000       0.507    17.051  0.0000000       0.502    16.987  0.0000000    
S1-D9:     -0.887   -16.884  0.0000000      -0.867   -16.492  0.0000000       0.285     8.099  0.0000000       0.287     8.124  0.0000000       0.285     8.094  0.0000000    
S1-D10:     -0.946   -29.934  0.0000000      -0.777   -24.589  0.0000000       0.280    13.231  0.0000000       0.282    13.270  0.0000000       0.280    13.221  0.0000000    
S1-D11:     -1.434   -30.765  0.0000000      -1.550   -33.236  0.0000000       0.485    15.532  0.0000000       0.488    15.580  0.0000000       0.484    15.521  0.0000000    
S1-D12:     -0.559   -15.761  0.0000000      -1.170   -33.002  0.0000000       0.281    11.836  0.0000000       0.283    11.874  0.0000000       0.280    11.828  0.0000000    
S1-D13:     -1.183   -29.689  0.0000000      -0.546   -13.695  0.0000000       0.281    10.526  0.0000000       0.283    10.556  0.0000000       0.280    10.518  0.0000000    
S1-D15:     -0.580   -18.087  0.0000000      -0.567   -17.692  0.0000000       0.186     8.683  0.0000000       0.188     8.709  0.0000000       0.186     8.677  0.0000000    
S1-D16:     -0.921   -27.015  0.0000000      -0.759   -22.254  0.0000000       0.273    11.956  0.0000000       0.275    11.992  0.0000000       0.273    11.947  0.0000000    
S2-D1:     -1.109   -38.668  0.0000000      -1.537   -53.577  0.0000000       0.430    22.388  0.0000000       0.433    22.457  0.0000000       0.429    22.372  0.0000000    
S2-D4:     -0.957   -23.711  0.0000000      -0.515   -12.759  0.0000000       0.239     8.849  0.0000000       0.241     8.875  0.0000000       0.239     8.843  0.0000000    
S2-D5:     -1.418   -33.323  0.0000000      -1.417   -33.299  0.0000000       0.461    16.168  0.0000000       0.464    16.217  0.0000000       0.460    16.156  0.0000000    
S2-D9:     -1.157   -33.078  0.0000000      -0.744   -21.249  0.0000000       0.309    13.182  0.0000000       0.311    13.221  0.0000000       0.308    13.173  0.0000000    
S2-D10:     -0.954   -29.251  0.0000000      -1.135   -34.800  0.0000000       0.339    15.545  0.0000000       0.342    15.592  0.0000000       0.339    15.534  0.0000000    
S2-D13:     -1.026   -28.684  0.0000000      -0.994   -27.793  0.0000000       0.328    13.706  0.0000000       0.330    13.747  0.0000000       0.328    13.696  0.0000000    
S3-D1:     -1.032   -29.381  0.0000000      -0.877   -24.977  0.0000000       0.310    13.191  0.0000000       0.312    13.231  0.0000000       0.310    13.182  0.0000000    
S3-D2:     -0.603   -14.181  0.0000000      -0.633   -14.881  0.0000000       0.201     7.053  0.0000000       0.202     7.074  0.0000000       0.201     7.048  0.0000000    
S3-D6:     -1.356   -36.798  0.0000000      -1.062   -28.815  0.0000000       0.393    15.922  0.0000000       0.396    15.969  0.0000000       0.392    15.910  0.0000000    
S3-D10:     -1.196   -32.888  0.0000000      -0.965   -26.519  0.0000000       0.351    14.416  0.0000000       0.354    14.459  0.0000000       0.351    14.405  0.0000000    
S3-D14:     -1.239   -35.217  0.0000000      -0.852   -24.214  0.0000000       0.340    14.421  0.0000000       0.342    14.464  0.0000000       0.339    14.411  0.0000000    
S4-D2:     -0.700   -18.418  0.0000000      -0.370    -9.716  0.0000000       0.174     6.826  0.0000000       0.175     6.846  0.0000000       0.174     6.821  0.0000000    
S4-D3:     -1.176   -30.428  0.0000000      -1.057   -27.347  0.0000000       0.363    14.020  0.0000000       0.366    14.063  0.0000000       0.362    14.010  0.0000000    
S4-D7:     -1.159   -23.197  0.0000000      -0.888   -17.770  0.0000000       0.333     9.941  0.0000000       0.335     9.971  0.0000000       0.332     9.934  0.0000000    
S4-D11:     -0.720   -17.892  0.0000000      -0.528   -13.134  0.0000000       0.203     7.529  0.0000000       0.204     7.551  0.0000000       0.202     7.523  0.0000000    
S4-D12:     -1.278   -30.191  0.0000000      -1.015   -23.981  0.0000000       0.373    13.146  0.0000000       0.375    13.185  0.0000000       0.372    13.136  0.0000000    
S4-D15:     -0.913   -25.464  0.0000000      -0.477   -13.286  0.0000000       0.226     9.402  0.0000000       0.227     9.429  0.0000000       0.225     9.395  0.0000000    
S5-D3:      0.332     9.280  0.0000000       0.273     7.629  0.0000000      -0.098    -4.103  0.0000411      -0.099    -4.116  0.0000389      -0.098    -4.100  0.0000416    
S5-D4:      0.039     1.103  0.2702494       0.069     1.965  0.0494546      -0.018    -0.745  0.4565661      -0.018    -0.747  0.4551562      -0.018    -0.744  0.4568937    
S5-D8:      0.372    10.270  0.0000000       0.303     8.357  0.0000000      -0.110    -4.520  0.0000063      -0.111    -4.534  0.0000059      -0.110    -4.517  0.0000064    
S5-D9:      0.267     8.761  0.0000000       0.269     8.851  0.0000000      -0.087    -4.274  0.0000194      -0.088    -4.287  0.0000183      -0.087    -4.271  0.0000197    
S5-D12:      0.303     8.306  0.0000000       0.233     6.389  0.0000000      -0.087    -3.566  0.0003646      -0.088    -3.576  0.0003501      -0.087    -3.563  0.0003682    
S5-D16:      0.429    13.637  0.0000000       0.122     3.860  0.0001140      -0.089    -4.245  0.0000221      -0.090    -4.257  0.0000210      -0.089    -4.242  0.0000224    

GLM CONTRAST RESULTS
Contrast 1: Left Hand > Baseline
Contrast 2: Right Hand > Baseline

Contrast results per channel for oxy-Hb (t, p values)
S1-D1:     -4.514  0.0000065      -0.753  0.4511747    
S1-D2:    -20.166  0.0000000     -17.978  0.0000000    
S1-D3:    -12.234  0.0000000     -11.528  0.0000000    
S1-D4:     -3.124  0.0017896       0.271  0.7866295    
S1-D5:    -13.024  0.0000000      -9.565  0.0000000    
S1-D6:    -13.392  0.0000000     -10.270  0.0000000    
S1-D7:    -19.878  0.0000000     -20.669  0.0000000    
S1-D8:    -16.511  0.0000000     -16.383  0.0000000    
S1-D9:    -12.788  0.0000000      -9.046  0.0000000    
S1-D10:    -17.770  0.0000000     -15.154  0.0000000    
S1-D11:    -19.834  0.0000000     -19.371  0.0000000    
S1-D12:    -20.210  0.0000000     -21.500  0.0000000    
S1-D13:    -12.354  0.0000000     -11.567  0.0000000    
S1-D15:    -21.823  0.0000000     -18.147  0.0000000    
S1-D16:    -12.999  0.0000000     -13.578  0.0000000    
S2-D1:      1.137  0.2554748       8.704  0.0000000    
S2-D4:     -3.300  0.0009695      -4.115  0.0000391    
S2-D5:    -10.849  0.0000000      -8.607  0.0000000    
S2-D9:     -8.845  0.0000000      -7.943  0.0000000    
S2-D10:     -6.961  0.0000000      -2.041  0.0412433    
S2-D13:    -13.335  0.0000000     -10.864  0.0000000    
S3-D1:     -1.850  0.0643316       2.925  0.0034545    
S3-D2:    -23.699  0.0000000     -17.424  0.0000000    
S3-D6:    -11.122  0.0000000      -5.788  0.0000000    
S3-D10:     -9.314  0.0000000      -5.743  0.0000000    
S3-D14:     -7.729  0.0000000      -2.853  0.0043361    
S4-D2:    -18.756  0.0000000     -12.616  0.0000000    
S4-D3:    -17.044  0.0000000     -12.796  0.0000000    
S4-D7:    -14.663  0.0000000     -10.095  0.0000000    
S4-D11:    -18.115  0.0000000     -12.795  0.0000000    
S4-D12:    -11.783  0.0000000      -7.646  0.0000000    
S4-D15:    -21.402  0.0000000     -14.802  0.0000000    
S5-D3:    -20.618  0.0000000     -26.844  0.0000000    
S5-D4:     -8.721  0.0000000     -11.121  0.0000000    
S5-D8:    -19.561  0.0000000     -25.659  0.0000000    
S5-D9:     -6.654  0.0000000     -10.563  0.0000000    
S5-D12:    -15.050  0.0000000     -19.250  0.0000000    
S5-D16:    -26.640  0.0000000     -32.351  0.0000000    

Contrast results per channel for deoxy-Hb (t, p values)
S1-D1:    -19.579  0.0000000     -17.625  0.0000000    
S1-D2:      7.755  0.0000000       4.721  0.0000024    
S1-D3:    -44.200  0.0000000     -34.920  0.0000000    
S1-D4:    -40.119  0.0000000     -29.028  0.0000000    
S1-D5:    -24.047  0.0000000     -15.794  0.0000000    
S1-D6:    -40.414  0.0000000     -31.010  0.0000000    
S1-D7:     10.662  0.0000000       4.056  0.0000503    
S1-D8:    -46.243  0.0000000     -38.466  0.0000000    
S1-D9:    -18.184  0.0000000     -21.289  0.0000000    
S1-D10:    -15.126  0.0000000     -11.873  0.0000000    
S1-D11:    -32.935  0.0000000     -37.787  0.0000000    
S1-D12:      0.437  0.6618929     -19.551  0.0000000    
S1-D13:    -29.399  0.0000000      -7.497  0.0000000    
S1-D15:      1.308  0.1909249      -1.807  0.0707669    
S1-D16:    -19.033  0.0000000     -12.785  0.0000000    
S2-D1:    -54.731  0.0000000     -85.822  0.0000000    
S2-D4:    -30.907  0.0000000     -14.166  0.0000000    
S2-D5:    -44.089  0.0000000     -46.661  0.0000000    
S2-D9:    -32.614  0.0000000     -18.557  0.0000000    
S2-D10:    -28.302  0.0000000     -40.572  0.0000000    
S2-D13:    -22.853  0.0000000     -24.275  0.0000000    
S3-D1:    -37.240  0.0000000     -36.688  0.0000000    
S3-D2:      2.269  0.0232999      -4.792  0.0000017    
S3-D6:    -39.285  0.0000000     -34.005  0.0000000    
S3-D10:    -34.321  0.0000000     -29.592  0.0000000    
S3-D14:    -37.966  0.0000000     -28.804  0.0000000    
S4-D2:     -5.537  0.0000000      -0.257  0.7968474    
S4-D3:    -24.636  0.0000000     -24.747  0.0000000    
S4-D7:    -26.328  0.0000000     -21.347  0.0000000    
S4-D11:     -6.809  0.0000000      -5.492  0.0000000    
S4-D12:    -34.768  0.0000000     -29.470  0.0000000    
S4-D15:    -10.396  0.0000000      -1.879  0.0603338    
S5-D3:     34.563  0.0000000      38.933  0.0000000    
S5-D4:     10.097  0.0000000      13.555  0.0000000    
S5-D8:     35.123  0.0000000      39.000  0.0000000    
S5-D9:     16.168  0.0000000      20.263  0.0000000    
S5-D12:     26.663  0.0000000      28.487  0.0000000    
S5-D16:     45.430  0.0000000      39.445  0.0000000    

Contrast results per channel for total-Hb (t, p values)
S1-D1:    -18.288  0.0000000     -13.889  0.0000000    
S1-D2:    -12.258  0.0000000     -13.198  0.0000000    
S1-D3:    -41.609  0.0000000     -34.375  0.0000000    
S1-D4:    -35.798  0.0000000     -23.597  0.0000000    
S1-D5:    -21.700  0.0000000     -14.854  0.0000000    
S1-D6:    -32.506  0.0000000     -24.938  0.0000000    
S1-D7:    -14.975  0.0000000     -27.777  0.0000000    
S1-D8:    -37.304  0.0000000     -32.748  0.0000000    
S1-D9:    -16.884  0.0000000     -16.492  0.0000000    
S1-D10:    -29.934  0.0000000     -24.589  0.0000000    
S1-D11:    -30.765  0.0000000     -33.236  0.0000000    
S1-D12:    -15.761  0.0000000     -33.002  0.0000000    
S1-D13:    -29.689  0.0000000     -13.695  0.0000000    
S1-D15:    -18.087  0.0000000     -17.692  0.0000000    
S1-D16:    -27.015  0.0000000     -22.254  0.0000000    
S2-D1:    -38.668  0.0000000     -53.577  0.0000000    
S2-D4:    -23.711  0.0000000     -12.759  0.0000000    
S2-D5:    -33.323  0.0000000     -33.299  0.0000000    
S2-D9:    -33.078  0.0000000     -21.249  0.0000000    
S2-D10:    -29.251  0.0000000     -34.800  0.0000000    
S2-D13:    -28.684  0.0000000     -27.793  0.0000000    
S3-D1:    -29.381  0.0000000     -24.977  0.0000000    
S3-D2:    -14.181  0.0000000     -14.881  0.0000000    
S3-D6:    -36.798  0.0000000     -28.815  0.0000000    
S3-D10:    -32.888  0.0000000     -26.519  0.0000000    
S3-D14:    -35.217  0.0000000     -24.214  0.0000000    
S4-D2:    -18.418  0.0000000      -9.716  0.0000000    
S4-D3:    -30.428  0.0000000     -27.347  0.0000000    
S4-D7:    -23.197  0.0000000     -17.770  0.0000000    
S4-D11:    -17.892  0.0000000     -13.134  0.0000000    
S4-D12:    -30.191  0.0000000     -23.981  0.0000000    
S4-D15:    -25.464  0.0000000     -13.286  0.0000000    
S5-D3:      9.280  0.0000000       7.629  0.0000000    
S5-D4:      1.103  0.2702494       1.965  0.0494546    
S5-D8:     10.270  0.0000000       8.357  0.0000000    
S5-D9:      8.761  0.0000000       8.851  0.0000000    
S5-D12:      8.306  0.0000000       6.389  0.0000000    
S5-D16:     13.637  0.0000000       3.860  0.0001140    
