MULTI-STUDY GLM RESULTS

SEPARATE STUDY PREDICTORS:   NO
SEPARATE SUBJECT PREDICTORS: NO

NAME OF MAIN PREDICTORS
Predictor 1: Left Hand
Predictor 2: Right Hand

Model fit per channel for oxy-Hb (beta, t, p values)
S1-D1:     -0.240    -8.251  0.0000000      -0.341   -11.700  0.0000000       0.095     4.864  0.0000012       0.095     4.853  0.0000012       0.095     4.858  0.0000012    
S1-D2:     -0.023    -0.789  0.4301892      -0.146    -4.964  0.0000007       0.028     1.404  0.1605013       0.028     1.400  0.1615463       0.028     1.402  0.1610602    
S1-D3:     -0.254    -8.664  0.0000000      -0.119    -4.054  0.0000509       0.061     3.099  0.0019499       0.061     3.092  0.0019943       0.061     3.095  0.0019726    
S1-D4:     -0.181    -6.212  0.0000000      -0.281    -9.612  0.0000000       0.076     3.858  0.0001149       0.075     3.849  0.0001192       0.076     3.854  0.0001172    
S1-D5:     -0.489   -17.121  0.0000000      -0.513   -17.944  0.0000000       0.164     8.548  0.0000000       0.164     8.528  0.0000000       0.164     8.537  0.0000000    
S1-D6:     -0.379   -13.083  0.0000000      -0.367   -12.668  0.0000000       0.122     6.277  0.0000000       0.122     6.263  0.0000000       0.122     6.269  0.0000000    
S1-D7:     -0.275    -9.415  0.0000000      -0.251    -8.597  0.0000000       0.086     4.390  0.0000115       0.086     4.380  0.0000120       0.086     4.385  0.0000117    
S1-D8:     -0.020    -0.674  0.5005247      -0.136    -4.623  0.0000038       0.026     1.292  0.1962571       0.025     1.289  0.1973772       0.025     1.291  0.1968567    
S1-D9:     -0.461   -16.020  0.0000000      -0.436   -15.175  0.0000000       0.147     7.604  0.0000000       0.146     7.587  0.0000000       0.147     7.595  0.0000000    
S1-D10:     -0.439   -15.245  0.0000000      -0.413   -14.344  0.0000000       0.140     7.212  0.0000000       0.139     7.196  0.0000000       0.139     7.204  0.0000000    
S1-D11:     -0.416   -14.393  0.0000000      -0.368   -12.733  0.0000000       0.129     6.612  0.0000000       0.128     6.597  0.0000000       0.128     6.604  0.0000000    
S1-D12:     -0.303   -10.391  0.0000000      -0.264    -9.075  0.0000000       0.093     4.745  0.0000021       0.093     4.734  0.0000022       0.093     4.739  0.0000022    
S1-D13:     -0.390   -13.553  0.0000000      -0.473   -16.413  0.0000000       0.141     7.305  0.0000000       0.141     7.288  0.0000000       0.141     7.297  0.0000000    
S1-D15:      0.051     1.728  0.0839897      -0.093    -3.150  0.0016391       0.007     0.348  0.7278620       0.007     0.347  0.7287307       0.007     0.347  0.7283580    
S1-D16:      0.506    17.642  0.0000000       0.427    14.876  0.0000000      -0.153    -7.926  0.0000000      -0.152    -7.908  0.0000000      -0.153    -7.917  0.0000000    
S2-D1:     -0.795   -28.952  0.0000000      -0.743   -27.063  0.0000000       0.252    13.653  0.0000000       0.251    13.623  0.0000000       0.252    13.637  0.0000000    
S2-D4:     -0.661   -23.498  0.0000000      -0.581   -20.655  0.0000000       0.204    10.762  0.0000000       0.203    10.737  0.0000000       0.203    10.749  0.0000000    
S2-D5:     -0.855   -31.306  0.0000000      -0.734   -26.858  0.0000000       0.260    14.177  0.0000000       0.259    14.145  0.0000000       0.260    14.160  0.0000000    
S2-D9:     -0.581   -20.463  0.0000000      -0.543   -19.126  0.0000000       0.184     9.650  0.0000000       0.183     9.628  0.0000000       0.184     9.638  0.0000000    
S2-D10:     -0.770   -27.898  0.0000000      -0.718   -26.006  0.0000000       0.244    13.139  0.0000000       0.243    13.109  0.0000000       0.243    13.124  0.0000000    
S2-D13:     -0.875   -32.294  0.0000000      -0.793   -29.262  0.0000000       0.273    15.004  0.0000000       0.272    14.970  0.0000000       0.273    14.986  0.0000000    
S3-D1:     -0.316   -10.903  0.0000000      -0.377   -12.986  0.0000000       0.114     5.824  0.0000000       0.113     5.810  0.0000000       0.113     5.817  0.0000000    
S3-D2:     -0.369   -12.810  0.0000000      -0.453   -15.713  0.0000000       0.135     6.954  0.0000000       0.134     6.938  0.0000000       0.135     6.945  0.0000000    
S3-D6:     -0.446   -15.594  0.0000000      -0.537   -18.755  0.0000000       0.161     8.374  0.0000000       0.160     8.355  0.0000000       0.161     8.364  0.0000000    
S3-D10:     -0.222    -7.637  0.0000000      -0.345   -11.836  0.0000000       0.093     4.748  0.0000021       0.093     4.737  0.0000022       0.093     4.742  0.0000021    
S3-D14:     -0.545   -19.207  0.0000000      -0.574   -20.214  0.0000000       0.183     9.610  0.0000000       0.183     9.588  0.0000000       0.183     9.598  0.0000000    
S4-D2:     -0.264    -9.039  0.0000000      -0.266    -9.129  0.0000000       0.087     4.428  0.0000096       0.086     4.418  0.0000101       0.087     4.423  0.0000098    
S4-D3:     -0.184    -6.260  0.0000000      -0.074    -2.531  0.0113822       0.042     2.142  0.0322351       0.042     2.137  0.0326056       0.042     2.139  0.0324243    
S4-D7:     -0.056    -1.915  0.0555029       0.037     1.250  0.2113115       0.003     0.161  0.8719490       0.003     0.161  0.8720494       0.003     0.161  0.8719720    
S4-D11:     -0.126    -4.292  0.0000179      -0.147    -5.001  0.0000006       0.045     2.265  0.0235196       0.044     2.260  0.0238401       0.045     2.263  0.0236868    
S4-D12:      0.060     2.055  0.0398831       0.149     5.089  0.0000004      -0.034    -1.742  0.0814643      -0.034    -1.738  0.0821981      -0.034    -1.740  0.0818525    
S4-D15:     -0.295   -10.090  0.0000000      -0.053    -1.803  0.0714038       0.057     2.897  0.0037821       0.057     2.891  0.0038543       0.057     2.894  0.0038184    
S5-D3:      1.137    43.769  0.0000000       0.856    32.948  0.0000000      -0.327   -18.697  0.0000000      -0.325   -18.656  0.0000000      -0.326   -18.676  0.0000000    
S5-D4:      0.638    22.536  0.0000000       0.521    18.391  0.0000000      -0.190    -9.975  0.0000000      -0.189    -9.953  0.0000000      -0.189    -9.963  0.0000000    
S5-D8:      0.776    27.904  0.0000000       0.611    21.953  0.0000000      -0.227   -12.151  0.0000000      -0.226   -12.124  0.0000000      -0.227   -12.137  0.0000000    
S5-D9:      0.695    24.821  0.0000000       0.611    21.804  0.0000000      -0.214   -11.364  0.0000000      -0.213   -11.339  0.0000000      -0.214   -11.351  0.0000000    
S5-D12:      0.591    20.919  0.0000000       0.603    21.326  0.0000000      -0.196   -10.298  0.0000000      -0.195   -10.274  0.0000000      -0.195   -10.285  0.0000000    
S5-D16:      1.179    45.125  0.0000000       0.717    27.427  0.0000000      -0.311   -17.680  0.0000000      -0.309   -17.641  0.0000000      -0.310   -17.660  0.0000000    

Model fit per channel for deoxy-Hb (beta, t, p values)
S1-D1:     -0.043    -1.453  0.1463409      -0.098    -3.328  0.0008783       0.023     1.166  0.2436901       0.023     1.163  0.2448186       0.023     1.164  0.2442870    
S1-D2:     -1.477   -61.736  0.0000000      -0.944   -39.459  0.0000000       0.397    24.661  0.0000000       0.395    24.606  0.0000000       0.396    24.633  0.0000000    
S1-D3:     -0.480   -16.589  0.0000000      -0.197    -6.815  0.0000000       0.111     5.702  0.0000000       0.110     5.690  0.0000000       0.111     5.696  0.0000000    
S1-D4:     -0.691   -24.617  0.0000000      -0.575   -20.471  0.0000000       0.208    10.989  0.0000000       0.207    10.965  0.0000000       0.207    10.977  0.0000000    
S1-D5:     -0.358   -12.579  0.0000000      -0.646   -22.675  0.0000000       0.165     8.597  0.0000000       0.164     8.576  0.0000000       0.164     8.586  0.0000000    
S1-D6:     -1.323   -53.228  0.0000000      -0.933   -37.540  0.0000000       0.370    22.121  0.0000000       0.368    22.072  0.0000000       0.369    22.095  0.0000000    
S1-D7:     -0.958   -34.958  0.0000000      -0.487   -17.762  0.0000000       0.237    12.846  0.0000000       0.236    12.818  0.0000000       0.236    12.831  0.0000000    
S1-D8:      1.073    40.347  0.0000000       0.710    26.681  0.0000000      -0.292   -16.335  0.0000000      -0.291   -16.299  0.0000000      -0.291   -16.316  0.0000000    
S1-D9:     -0.066    -2.261  0.0237766      -0.462   -15.926  0.0000000       0.087     4.437  0.0000092       0.086     4.426  0.0000097       0.086     4.431  0.0000095    
S1-D10:      0.515    17.908  0.0000000      -0.149    -5.183  0.0000002      -0.060    -3.095  0.0019745      -0.060    -3.090  0.0020099      -0.060    -3.092  0.0019911    
S1-D11:     -0.343   -11.826  0.0000000      -0.337   -11.611  0.0000000       0.112     5.713  0.0000000       0.111     5.700  0.0000000       0.111     5.706  0.0000000    
S1-D12:      0.140     4.784  0.0000017      -0.086    -2.927  0.0034336      -0.009    -0.450  0.6524945      -0.009    -0.450  0.6528128      -0.009    -0.450  0.6525950    
S1-D13:     -1.384   -58.012  0.0000000      -1.116   -46.752  0.0000000       0.410    25.534  0.0000000       0.408    25.477  0.0000000       0.409    25.504  0.0000000    
S1-D15:     -1.413   -56.700  0.0000000      -0.704   -28.248  0.0000000       0.347    20.698  0.0000000       0.345    20.653  0.0000000       0.346    20.675  0.0000000    
S1-D16:      0.853    31.935  0.0000000       0.948    35.494  0.0000000      -0.295   -16.437  0.0000000      -0.294   -16.400  0.0000000      -0.294   -16.418  0.0000000    
S2-D1:     -0.614   -22.054  0.0000000      -0.766   -27.531  0.0000000       0.226    12.088  0.0000000       0.225    12.061  0.0000000       0.226    12.074  0.0000000    
S2-D4:     -0.077    -2.667  0.0076636      -0.465   -16.031  0.0000000       0.089     4.562  0.0000051       0.088     4.550  0.0000054       0.089     4.556  0.0000053    
S2-D5:     -0.839   -30.751  0.0000000      -0.759   -27.809  0.0000000       0.262    14.274  0.0000000       0.261    14.242  0.0000000       0.261    14.257  0.0000000    
S2-D9:     -0.872   -32.039  0.0000000      -0.747   -27.447  0.0000000       0.266    14.499  0.0000000       0.264    14.467  0.0000000       0.265    14.482  0.0000000    
S2-D10:     -0.509   -17.723  0.0000000      -0.406   -14.128  0.0000000       0.150     7.763  0.0000000       0.149     7.746  0.0000000       0.150     7.754  0.0000000    
S2-D13:     -0.181    -6.242  0.0000000      -0.393   -13.527  0.0000000       0.094     4.821  0.0000015       0.094     4.810  0.0000015       0.094     4.815  0.0000015    
S3-D1:      0.123     4.204  0.0000265      -0.257    -8.791  0.0000000       0.022     1.122  0.2618732       0.022     1.119  0.2633742       0.022     1.120  0.2627202    
S3-D2:     -0.352   -12.069  0.0000000       0.011     0.381  0.7030374       0.056     2.845  0.0044478       0.056     2.840  0.0045254       0.056     2.843  0.0044861    
S3-D6:     -0.646   -22.933  0.0000000      -0.593   -21.074  0.0000000       0.203    10.726  0.0000000       0.202    10.702  0.0000000       0.203    10.714  0.0000000    
S3-D10:     -0.671   -23.609  0.0000000      -0.371   -13.039  0.0000000       0.171     8.930  0.0000000       0.170     8.911  0.0000000       0.170     8.920  0.0000000    
S3-D14:      0.369    12.710  0.0000000      -0.117    -4.021  0.0000585      -0.041    -2.113  0.0346139      -0.041    -2.110  0.0349176      -0.041    -2.112  0.0347551    
S4-D2:     -0.718   -25.292  0.0000000      -0.147    -5.174  0.0000002       0.142     7.420  0.0000000       0.141     7.405  0.0000000       0.141     7.413  0.0000000    
S4-D3:      0.721    25.701  0.0000000       0.558    19.879  0.0000000      -0.210   -11.109  0.0000000      -0.208   -11.084  0.0000000      -0.209   -11.096  0.0000000    
S4-D7:     -0.182    -6.194  0.0000000       0.003     0.097  0.9224432       0.029     1.484  0.1377707       0.029     1.481  0.1385398       0.029     1.483  0.1381516    
S4-D11:     -0.794   -28.179  0.0000000      -0.213    -7.553  0.0000000       0.165     8.704  0.0000000       0.164     8.686  0.0000000       0.165     8.695  0.0000000    
S4-D12:      0.258     8.985  0.0000000       0.565    19.656  0.0000000      -0.135    -6.984  0.0000000      -0.134    -6.968  0.0000000      -0.135    -6.976  0.0000000    
S4-D15:     -0.584   -20.455  0.0000000      -0.411   -14.386  0.0000000       0.163     8.491  0.0000000       0.162     8.472  0.0000000       0.163     8.481  0.0000000    
S5-D3:      1.126    44.255  0.0000000       1.035    40.667  0.0000000      -0.354   -20.699  0.0000000      -0.352   -20.653  0.0000000      -0.353   -20.675  0.0000000    
S5-D4:      1.283    51.176  0.0000000       0.925    36.861  0.0000000      -0.362   -21.455  0.0000000      -0.360   -21.408  0.0000000      -0.361   -21.431  0.0000000    
S5-D8:      1.077    41.981  0.0000000       1.026    39.953  0.0000000      -0.345   -19.972  0.0000000      -0.343   -19.926  0.0000000      -0.344   -19.948  0.0000000    
S5-D9:      1.155    45.423  0.0000000       1.004    39.501  0.0000000      -0.354   -20.699  0.0000000      -0.352   -20.653  0.0000000      -0.353   -20.675  0.0000000    
S5-D12:      0.885    33.181  0.0000000       0.932    34.944  0.0000000      -0.298   -16.607  0.0000000      -0.296   -16.569  0.0000000      -0.297   -16.587  0.0000000    
S5-D16:      1.048    40.068  0.0000000       0.914    34.920  0.0000000      -0.322   -18.277  0.0000000      -0.320   -18.236  0.0000000      -0.321   -18.256  0.0000000    

Model fit per channel for total-Hb (beta, t, p values)
S1-D1:     -0.283    -9.006  0.0000000      -0.439   -13.955  0.0000000       0.118     5.598  0.0000000       0.118     5.585  0.0000000       0.118     5.592  0.0000000    
S1-D2:     -1.500   -39.894  0.0000000      -1.090   -28.980  0.0000000       0.425    16.785  0.0000000       0.422    16.748  0.0000000       0.423    16.766  0.0000000    
S1-D3:     -0.733   -15.449  0.0000000      -0.316    -6.651  0.0000000       0.172     5.384  0.0000001       0.171     5.373  0.0000001       0.172     5.379  0.0000001    
S1-D4:     -0.873   -20.319  0.0000000      -0.856   -19.920  0.0000000       0.283     9.809  0.0000000       0.282     9.786  0.0000000       0.283     9.797  0.0000000    
S1-D5:     -0.848   -22.661  0.0000000      -1.159   -30.976  0.0000000       0.329    13.077  0.0000000       0.327    13.046  0.0000000       0.328    13.061  0.0000000    
S1-D6:     -1.701   -35.038  0.0000000      -1.300   -26.763  0.0000000       0.492    15.062  0.0000000       0.490    15.029  0.0000000       0.491    15.045  0.0000000    
S1-D7:     -1.233   -23.416  0.0000000      -0.738   -14.010  0.0000000       0.323     9.120  0.0000000       0.321     9.100  0.0000000       0.322     9.110  0.0000000    
S1-D8:      1.053    21.962  0.0000000       0.574    11.965  0.0000000      -0.267    -8.267  0.0000000      -0.265    -8.249  0.0000000      -0.266    -8.258  0.0000000    
S1-D9:     -0.526   -10.015  0.0000000      -0.898   -17.092  0.0000000       0.234     6.610  0.0000000       0.232     6.594  0.0000000       0.233     6.601  0.0000000    
S1-D10:      0.076     1.670  0.0949626      -0.563   -12.400  0.0000000       0.080     2.620  0.0088166       0.079     2.613  0.0089992       0.080     2.616  0.0089157    
S1-D11:     -0.759   -14.019  0.0000000      -0.705   -13.018  0.0000000       0.240     6.590  0.0000000       0.239     6.575  0.0000000       0.239     6.583  0.0000000    
S1-D12:     -0.162    -3.040  0.0023713      -0.350    -6.554  0.0000000       0.084     2.340  0.0193205       0.084     2.334  0.0196105       0.084     2.337  0.0194734    
S1-D13:     -1.774   -49.709  0.0000000      -1.588   -44.490  0.0000000       0.551    22.960  0.0000000       0.548    22.909  0.0000000       0.550    22.933  0.0000000    
S1-D15:     -1.362   -32.800  0.0000000      -0.797   -19.177  0.0000000       0.354    12.666  0.0000000       0.352    12.638  0.0000000       0.353    12.651  0.0000000    
S1-D16:      1.359    33.516  0.0000000       1.375    33.902  0.0000000      -0.448   -16.434  0.0000000      -0.446   -16.397  0.0000000      -0.447   -16.414  0.0000000    
S2-D1:     -1.409   -29.658  0.0000000      -1.510   -31.774  0.0000000       0.478    14.975  0.0000000       0.476    14.941  0.0000000       0.477    14.957  0.0000000    
S2-D4:     -0.739   -19.608  0.0000000      -1.046   -27.766  0.0000000       0.293    11.550  0.0000000       0.291    11.523  0.0000000       0.292    11.536  0.0000000    
S2-D5:     -1.694   -33.442  0.0000000      -1.493   -29.460  0.0000000       0.522    15.332  0.0000000       0.520    15.297  0.0000000       0.521    15.314  0.0000000    
S2-D9:     -1.453   -35.723  0.0000000      -1.290   -31.717  0.0000000       0.450    16.438  0.0000000       0.447    16.401  0.0000000       0.449    16.419  0.0000000    
S2-D10:     -1.279   -28.666  0.0000000      -1.123   -25.181  0.0000000       0.394    13.125  0.0000000       0.392    13.095  0.0000000       0.393    13.109  0.0000000    
S2-D13:     -1.057   -21.908  0.0000000      -1.187   -24.596  0.0000000       0.368    11.336  0.0000000       0.366    11.311  0.0000000       0.367    11.323  0.0000000    
S3-D1:     -0.193    -4.636  0.0000036      -0.634   -15.177  0.0000000       0.136     4.833  0.0000014       0.135     4.821  0.0000015       0.135     4.827  0.0000014    
S3-D2:     -0.721   -21.608  0.0000000      -0.442   -13.246  0.0000000       0.191     8.493  0.0000000       0.190     8.475  0.0000000       0.190     8.484  0.0000000    
S3-D6:     -1.092   -25.129  0.0000000      -1.130   -26.006  0.0000000       0.364    12.465  0.0000000       0.362    12.437  0.0000000       0.363    12.450  0.0000000    
S3-D10:     -0.893   -24.341  0.0000000      -0.715   -19.488  0.0000000       0.264    10.682  0.0000000       0.262    10.658  0.0000000       0.263    10.670  0.0000000    
S3-D14:     -0.176    -3.824  0.0001324      -0.691   -15.016  0.0000000       0.142     4.596  0.0000044       0.141     4.584  0.0000046       0.142     4.590  0.0000045    
S4-D2:     -0.982   -26.668  0.0000000      -0.413   -11.223  0.0000000       0.229     9.232  0.0000000       0.228     9.212  0.0000000       0.228     9.221  0.0000000    
S4-D3:      0.537    13.090  0.0000000       0.483    11.776  0.0000000      -0.167    -6.061  0.0000000      -0.166    -6.047  0.0000000      -0.167    -6.054  0.0000000    
S4-D7:     -0.238    -4.556  0.0000053       0.040     0.758  0.4485068       0.032     0.924  0.3554304       0.032     0.922  0.3563144       0.032     0.923  0.3558586    
S4-D11:     -0.920   -25.198  0.0000000      -0.360    -9.849  0.0000000       0.210     8.539  0.0000000       0.209     8.520  0.0000000       0.209     8.529  0.0000000    
S4-D12:      0.319     8.002  0.0000000       0.714    17.943  0.0000000      -0.169    -6.327  0.0000000      -0.169    -6.312  0.0000000      -0.169    -6.319  0.0000000    
S4-D15:     -0.879   -19.202  0.0000000      -0.464   -10.126  0.0000000       0.220     7.146  0.0000000       0.219     7.131  0.0000000       0.220     7.138  0.0000000    
S5-D3:      2.262    54.023  0.0000000       1.891    45.133  0.0000000      -0.681   -24.168  0.0000000      -0.677   -24.113  0.0000000      -0.679   -24.139  0.0000000    
S5-D4:      1.921    50.454  0.0000000       1.445    37.946  0.0000000      -0.552   -21.545  0.0000000      -0.549   -21.497  0.0000000      -0.550   -21.520  0.0000000    
S5-D8:      1.853    44.771  0.0000000       1.636    39.517  0.0000000      -0.572   -20.544  0.0000000      -0.569   -20.498  0.0000000      -0.571   -20.520  0.0000000    
S5-D9:      1.850    44.797  0.0000000       1.615    39.105  0.0000000      -0.568   -20.450  0.0000000      -0.565   -20.404  0.0000000      -0.567   -20.426  0.0000000    
S5-D12:      1.475    34.996  0.0000000       1.535    36.384  0.0000000      -0.493   -17.400  0.0000000      -0.491   -17.360  0.0000000      -0.492   -17.379  0.0000000    
S5-D16:      2.227    55.721  0.0000000       1.630    40.783  0.0000000      -0.632   -23.519  0.0000000      -0.629   -23.467  0.0000000      -0.631   -23.492  0.0000000    

GLM CONTRAST RESULTS
Contrast 1: Left Hand > Baseline
Contrast 2: Right Hand > Baseline

Contrast results per channel for oxy-Hb (t, p values)
S1-D1:     -8.251  0.0000000     -11.700  0.0000000    
S1-D2:     -0.789  0.4301892      -4.964  0.0000007    
S1-D3:     -8.664  0.0000000      -4.054  0.0000509    
S1-D4:     -6.212  0.0000000      -9.612  0.0000000    
S1-D5:    -17.121  0.0000000     -17.944  0.0000000    
S1-D6:    -13.083  0.0000000     -12.668  0.0000000    
S1-D7:     -9.415  0.0000000      -8.597  0.0000000    
S1-D8:     -0.674  0.5005247      -4.623  0.0000038    
S1-D9:    -16.020  0.0000000     -15.175  0.0000000    
S1-D10:    -15.245  0.0000000     -14.344  0.0000000    
S1-D11:    -14.393  0.0000000     -12.733  0.0000000    
S1-D12:    -10.391  0.0000000      -9.075  0.0000000    
S1-D13:    -13.553  0.0000000     -16.413  0.0000000    
S1-D15:      1.728  0.0839897      -3.150  0.0016391    
S1-D16:     17.642  0.0000000      14.876  0.0000000    
S2-D1:    -28.952  0.0000000     -27.063  0.0000000    
S2-D4:    -23.498  0.0000000     -20.655  0.0000000    
S2-D5:    -31.306  0.0000000     -26.858  0.0000000    
S2-D9:    -20.463  0.0000000     -19.126  0.0000000    
S2-D10:    -27.898  0.0000000     -26.006  0.0000000    
S2-D13:    -32.294  0.0000000     -29.262  0.0000000    
S3-D1:    -10.903  0.0000000     -12.986  0.0000000    
S3-D2:    -12.810  0.0000000     -15.713  0.0000000    
S3-D6:    -15.594  0.0000000     -18.755  0.0000000    
S3-D10:     -7.637  0.0000000     -11.836  0.0000000    
S3-D14:    -19.207  0.0000000     -20.214  0.0000000    
S4-D2:     -9.039  0.0000000      -9.129  0.0000000    
S4-D3:     -6.260  0.0000000      -2.531  0.0113822    
S4-D7:     -1.915  0.0555029       1.250  0.2113115    
S4-D11:     -4.292  0.0000179      -5.001  0.0000006    
S4-D12:      2.055  0.0398831       5.089  0.0000004    
S4-D15:    -10.090  0.0000000      -1.803  0.0714038    
S5-D3:     43.769  0.0000000      32.948  0.0000000    
S5-D4:     22.536  0.0000000      18.391  0.0000000    
S5-D8:     27.904  0.0000000      21.953  0.0000000    
S5-D9:     24.821  0.0000000      21.804  0.0000000    
S5-D12:     20.919  0.0000000      21.326  0.0000000    
S5-D16:     45.125  0.0000000      27.427  0.0000000    

Contrast results per channel for deoxy-Hb (t, p values)
S1-D1:     -1.453  0.1463409      -3.328  0.0008783    
S1-D2:    -61.736  0.0000000     -39.459  0.0000000    
S1-D3:    -16.589  0.0000000      -6.815  0.0000000    
S1-D4:    -24.617  0.0000000     -20.471  0.0000000    
S1-D5:    -12.579  0.0000000     -22.675  0.0000000    
S1-D6:    -53.228  0.0000000     -37.540  0.0000000    
S1-D7:    -34.958  0.0000000     -17.762  0.0000000    
S1-D8:     40.347  0.0000000      26.681  0.0000000    
S1-D9:     -2.261  0.0237766     -15.926  0.0000000    
S1-D10:     17.908  0.0000000      -5.183  0.0000002    
S1-D11:    -11.826  0.0000000     -11.611  0.0000000    
S1-D12:      4.784  0.0000017      -2.927  0.0034336    
S1-D13:    -58.012  0.0000000     -46.752  0.0000000    
S1-D15:    -56.700  0.0000000     -28.248  0.0000000    
S1-D16:     31.935  0.0000000      35.494  0.0000000    
S2-D1:    -22.054  0.0000000     -27.531  0.0000000    
S2-D4:     -2.667  0.0076636     -16.031  0.0000000    
S2-D5:    -30.751  0.0000000     -27.809  0.0000000    
S2-D9:    -32.039  0.0000000     -27.447  0.0000000    
S2-D10:    -17.723  0.0000000     -14.128  0.0000000    
S2-D13:     -6.242  0.0000000     -13.527  0.0000000    
S3-D1:      4.204  0.0000265      -8.791  0.0000000    
S3-D2:    -12.069  0.0000000       0.381  0.7030374    
S3-D6:    -22.933  0.0000000     -21.074  0.0000000    
S3-D10:    -23.609  0.0000000     -13.039  0.0000000    
S3-D14:     12.710  0.0000000      -4.021  0.0000585    
S4-D2:    -25.292  0.0000000      -5.174  0.0000002    
S4-D3:     25.701  0.0000000      19.879  0.0000000    
S4-D7:     -6.194  0.0000000       0.097  0.9224432    
S4-D11:    -28.179  0.0000000      -7.553  0.0000000    
S4-D12:      8.985  0.0000000      19.656  0.0000000    
S4-D15:    -20.455  0.0000000     -14.386  0.0000000    
S5-D3:     44.255  0.0000000      40.667  0.0000000    
S5-D4:     51.176  0.0000000      36.861  0.0000000    
S5-D8:     41.981  0.0000000      39.953  0.0000000    
S5-D9:     45.423  0.0000000      39.501  0.0000000    
S5-D12:     33.181  0.0000000      34.944  0.0000000    
S5-D16:     40.068  0.0000000      34.920  0.0000000    

Contrast results per channel for total-Hb (t, p values)
S1-D1:     -9.006  0.0000000     -13.955  0.0000000    
S1-D2:    -39.894  0.0000000     -28.980  0.0000000    
S1-D3:    -15.449  0.0000000      -6.651  0.0000000    
S1-D4:    -20.319  0.0000000     -19.920  0.0000000    
S1-D5:    -22.661  0.0000000     -30.976  0.0000000    
S1-D6:    -35.038  0.0000000     -26.763  0.0000000    
S1-D7:    -23.416  0.0000000     -14.010  0.0000000    
S1-D8:     21.962  0.0000000      11.965  0.0000000    
S1-D9:    -10.015  0.0000000     -17.092  0.0000000    
S1-D10:      1.670  0.0949626     -12.400  0.0000000    
S1-D11:    -14.019  0.0000000     -13.018  0.0000000    
S1-D12:     -3.040  0.0023713      -6.554  0.0000000    
S1-D13:    -49.709  0.0000000     -44.490  0.0000000    
S1-D15:    -32.800  0.0000000     -19.177  0.0000000    
S1-D16:     33.516  0.0000000      33.902  0.0000000    
S2-D1:    -29.658  0.0000000     -31.774  0.0000000    
S2-D4:    -19.608  0.0000000     -27.766  0.0000000    
S2-D5:    -33.442  0.0000000     -29.460  0.0000000    
S2-D9:    -35.723  0.0000000     -31.717  0.0000000    
S2-D10:    -28.666  0.0000000     -25.181  0.0000000    
S2-D13:    -21.908  0.0000000     -24.596  0.0000000    
S3-D1:     -4.636  0.0000036     -15.177  0.0000000    
S3-D2:    -21.608  0.0000000     -13.246  0.0000000    
S3-D6:    -25.129  0.0000000     -26.006  0.0000000    
S3-D10:    -24.341  0.0000000     -19.488  0.0000000    
S3-D14:     -3.824  0.0001324     -15.016  0.0000000    
S4-D2:    -26.668  0.0000000     -11.223  0.0000000    
S4-D3:     13.090  0.0000000      11.776  0.0000000    
S4-D7:     -4.556  0.0000053       0.758  0.4485068    
S4-D11:    -25.198  0.0000000      -9.849  0.0000000    
S4-D12:      8.002  0.0000000      17.943  0.0000000    
S4-D15:    -19.202  0.0000000     -10.126  0.0000000    
S5-D3:     54.023  0.0000000      45.133  0.0000000    
S5-D4:     50.454  0.0000000      37.946  0.0000000    
S5-D8:     44.771  0.0000000      39.517  0.0000000    
S5-D9:     44.797  0.0000000      39.105  0.0000000    
S5-D12:     34.996  0.0000000      36.384  0.0000000    
S5-D16:     55.721  0.0000000      40.783  0.0000000    
