MULTI-STUDY GLM RESULTS

SEPARATE STUDY PREDICTORS:   NO
SEPARATE SUBJECT PREDICTORS: NO

NAME OF MAIN PREDICTORS
Predictor 1: Left Hand
Predictor 2: Right Hand

Model fit per channel for oxy-Hb (beta, t, p values)
S1-D1:     -9.224    -7.559  0.0000000     -25.876   -21.201  0.0000000       5.709     6.982  0.0000000       5.669     6.960  0.0000000       5.742     7.000  0.0000000    
S1-D2:    -27.390   -14.731  0.0000000     -37.179   -19.991  0.0000000      10.500     8.427  0.0000000      10.428     8.401  0.0000000      10.560     8.449  0.0000000    
S1-D3:    -23.471   -14.822  0.0000000     -43.365   -27.378  0.0000000      10.869    10.243  0.0000000      10.794    10.211  0.0000000      10.932    10.270  0.0000000    
S1-D4:    -23.555   -13.354  0.0000000     -44.256   -25.083  0.0000000      11.028     9.330  0.0000000      10.952     9.301  0.0000000      11.091     9.354  0.0000000    
S1-D5:    -23.555   -11.375  0.0000000     -49.948   -24.114  0.0000000      11.954     8.614  0.0000000      11.872     8.587  0.0000000      12.023     8.637  0.0000000    
S1-D6:    -26.301   -13.503  0.0000000     -49.940   -25.633  0.0000000      12.399     9.499  0.0000000      12.314     9.470  0.0000000      12.470     9.525  0.0000000    
S1-D7:    -29.232   -15.988  0.0000000     -42.361   -23.163  0.0000000      11.642     9.502  0.0000000      11.562     9.473  0.0000000      11.709     9.527  0.0000000    
S1-D8:    -38.198   -23.276  0.0000000     -51.234   -31.213  0.0000000      14.543    13.225  0.0000000      14.443    13.184  0.0000000      14.626    13.259  0.0000000    
S1-D9:    -16.877    -7.851  0.0000000     -46.827   -21.779  0.0000000      10.361     7.193  0.0000000      10.289     7.170  0.0000000      10.421     7.212  0.0000000    
S1-D10:    -30.301   -12.194  0.0000000     -58.432   -23.510  0.0000000      14.430     8.666  0.0000000      14.331     8.640  0.0000000      14.513     8.689  0.0000000    
S1-D11:    -32.293   -23.070  0.0000000     -38.560   -27.541  0.0000000      11.521    12.283  0.0000000      11.442    12.246  0.0000000      11.587    12.315  0.0000000    
S1-D12:    -43.289   -18.039  0.0000000     -68.164   -28.399  0.0000000      18.124    11.271  0.0000000      18.000    11.236  0.0000000      18.228    11.301  0.0000000    
S1-D13:    -24.377   -14.835  0.0000000     -43.290   -26.338  0.0000000      11.004     9.994  0.0000000      10.929     9.963  0.0000000      11.068    10.020  0.0000000    
S1-D14:     -0.651    -0.602  0.5473929     -15.863   -14.659  0.0000000       2.687     3.706  0.0002121       2.668     3.694  0.0002224       2.702     3.716  0.0002037    
S1-D15:    -23.859   -15.463  0.0000000     -38.711   -25.082  0.0000000      10.175     9.841  0.0000000      10.105     9.811  0.0000000      10.233     9.867  0.0000000    
S2-D1:     -5.119    -5.154  0.0000003      -9.640    -9.704  0.0000000       2.400     3.606  0.0003122       2.384     3.595  0.0003257       2.414     3.616  0.0003009    
S2-D4:     -0.855    -0.789  0.4302904      -8.334    -7.687  0.0000000       1.495     2.058  0.0396292       1.484     2.051  0.0402598       1.504     2.064  0.0390861    
S2-D5:     -6.084    -6.178  0.0000000     -11.194   -11.364  0.0000000       2.810     4.258  0.0000209       2.791     4.245  0.0000221       2.826     4.269  0.0000199    
S2-D9:      0.416     0.496  0.6200799      -3.733    -4.446  0.0000088       0.540     0.960  0.3373260       0.536     0.956  0.3388934       0.543     0.962  0.3359808    
S2-D12:     -5.192    -5.026  0.0000005     -15.473   -14.975  0.0000000       3.361     4.856  0.0000012       3.338     4.840  0.0000013       3.381     4.869  0.0000011    
S2-D14:    -16.111   -14.961  0.0000000     -20.259   -18.808  0.0000000       5.914     8.195  0.0000000       5.874     8.171  0.0000000       5.948     8.217  0.0000000    
S3-D1:    -35.804   -37.090  0.0000000     -43.673   -45.230  0.0000000      12.923    19.978  0.0000000      12.835    19.918  0.0000000      12.997    20.030  0.0000000    
S3-D2:    -36.753   -30.788  0.0000000     -45.455   -38.068  0.0000000      13.368    16.711  0.0000000      13.276    16.660  0.0000000      13.444    16.754  0.0000000    
S3-D6:    -40.195   -27.360  0.0000000     -53.359   -36.312  0.0000000      15.213    15.453  0.0000000      15.109    15.406  0.0000000      15.300    15.493  0.0000000    
S3-D9:    -19.755   -18.179  0.0000000     -32.838   -30.212  0.0000000       8.553    11.745  0.0000000       8.494    11.709  0.0000000       8.602    11.776  0.0000000    
S3-D10:    -31.715   -23.149  0.0000000     -42.065   -30.696  0.0000000      11.997    13.068  0.0000000      11.916    13.028  0.0000000      12.066    13.102  0.0000000    
S3-D15:    -44.528   -34.495  0.0000000     -54.454   -42.175  0.0000000      16.095    18.607  0.0000000      15.985    18.551  0.0000000      16.187    18.655  0.0000000    
S4-D2:    -22.830   -14.444  0.0000000     -33.259   -21.037  0.0000000       9.121     8.611  0.0000000       9.058     8.585  0.0000000       9.173     8.634  0.0000000    
S4-D3:     -5.223    -2.520  0.0117546     -27.278   -13.158  0.0000000       5.287     3.806  0.0001420       5.250     3.794  0.0001491       5.318     3.817  0.0001361    
S4-D7:    -24.923   -12.569  0.0000000     -35.706   -18.002  0.0000000       9.859     7.420  0.0000000       9.792     7.397  0.0000000       9.916     7.439  0.0000000    
S4-D11:    -19.707   -11.352  0.0000000     -36.289   -20.900  0.0000000       9.106     7.828  0.0000000       9.044     7.804  0.0000000       9.159     7.849  0.0000000    
S4-D16:    -21.532    -6.828  0.0000000     -39.073   -12.387  0.0000000       9.856     4.664  0.0000031       9.788     4.650  0.0000034       9.912     4.676  0.0000030    
S5-D3:    -20.541   -11.946  0.0000000     -41.589   -24.182  0.0000000      10.104     8.770  0.0000000      10.035     8.742  0.0000000      10.162     8.793  0.0000000    
S5-D4:    -47.479   -26.649  0.0000000     -55.410   -31.094  0.0000000      16.731    14.014  0.0000000      16.616    13.971  0.0000000      16.826    14.050  0.0000000    
S5-D8:    -49.183   -21.593  0.0000000     -65.968   -28.956  0.0000000      18.725    12.268  0.0000000      18.597    12.231  0.0000000      18.832    12.300  0.0000000    
S5-D11:    -34.688   -19.681  0.0000000     -50.832   -28.834  0.0000000      13.907    11.775  0.0000000      13.812    11.739  0.0000000      13.986    11.806  0.0000000    
S5-D12:    -24.358   -14.854  0.0000000     -41.436   -25.262  0.0000000      10.700     9.737  0.0000000      10.626     9.707  0.0000000      10.761     9.763  0.0000000    
S5-D13:    -81.221   -32.835  0.0000000     -82.732   -33.439  0.0000000      26.659    16.083  0.0000000      26.477    16.035  0.0000000      26.810    16.124  0.0000000    

Model fit per channel for deoxy-Hb (beta, t, p values)
S1-D1:     -6.837   -24.709  0.0000000      -6.038   -21.817  0.0000000       2.093    11.290  0.0000000       2.079    11.256  0.0000000       2.105    11.319  0.0000000    
S1-D2:     -4.880   -16.314  0.0000000      -8.654   -28.928  0.0000000       2.201    10.981  0.0000000       2.186    10.947  0.0000000       2.214    11.010  0.0000000    
S1-D3:     -4.757   -21.414  0.0000000       1.113     5.009  0.0000006       0.592     3.977  0.0000704       0.588     3.966  0.0000735       0.595     3.985  0.0000681    
S1-D4:     -6.023   -29.093  0.0000000      -2.918   -14.092  0.0000000       1.454    10.477  0.0000000       1.444    10.447  0.0000000       1.462    10.503  0.0000000    
S1-D5:     -1.342    -5.588  0.0000000      -1.270    -5.290  0.0000001       0.425     2.640  0.0083101       0.422     2.632  0.0085093       0.427     2.647  0.0081463    
S1-D6:     -8.117   -26.710  0.0000000     -12.825   -42.194  0.0000000       3.406    16.724  0.0000000       3.382    16.672  0.0000000       3.425    16.768  0.0000000    
S1-D7:     -6.308   -43.765  0.0000000      -8.013   -55.587  0.0000000       2.329    24.112  0.0000000       2.313    24.039  0.0000000       2.342    24.175  0.0000000    
S1-D8:     -4.802   -29.308  0.0000000      -2.997   -18.287  0.0000000       1.268    11.548  0.0000000       1.259    11.514  0.0000000       1.275    11.577  0.0000000    
S1-D9:     -8.720   -30.270  0.0000000     -11.979   -41.575  0.0000000       3.366    17.437  0.0000000       3.343    17.383  0.0000000       3.385    17.482  0.0000000    
S1-D10:     -5.222   -16.996  0.0000000     -12.708   -41.350  0.0000000       2.916    14.163  0.0000000       2.896    14.119  0.0000000       2.933    14.201  0.0000000    
S1-D11:     -1.281    -9.970  0.0000000      -2.019   -15.710  0.0000000       0.537     6.233  0.0000000       0.533     6.214  0.0000000       0.540     6.249  0.0000000    
S1-D12:     -5.267   -33.607  0.0000000      -5.362   -34.206  0.0000000       1.728    16.456  0.0000000       1.717    16.407  0.0000000       1.738    16.499  0.0000000    
S1-D13:     -6.517   -27.434  0.0000000      -3.571   -15.030  0.0000000       1.640    10.303  0.0000000       1.629    10.273  0.0000000       1.649    10.328  0.0000000    
S1-D14:      2.929     9.689  0.0000000       4.173    13.800  0.0000000      -1.155    -5.701  0.0000000      -1.147    -5.683  0.0000000      -1.162    -5.716  0.0000000    
S1-D15:     -6.773   -26.768  0.0000000      -9.106   -35.979  0.0000000       2.582    15.228  0.0000000       2.564    15.182  0.0000000       2.597    15.268  0.0000000    
S2-D1:     24.154    52.356  0.0000000      21.169    45.875  0.0000000      -7.369   -23.837  0.0000000      -7.319   -23.765  0.0000000      -7.411   -23.898  0.0000000    
S2-D4:     17.142    50.619  0.0000000      12.336    36.421  0.0000000      -4.793   -21.120  0.0000000      -4.760   -21.057  0.0000000      -4.820   -21.173  0.0000000    
S2-D5:     27.680    68.167  0.0000000      22.727    55.956  0.0000000      -8.196   -30.120  0.0000000      -8.140   -30.029  0.0000000      -8.242   -30.196  0.0000000    
S2-D9:     22.143    54.994  0.0000000      19.242    47.780  0.0000000      -6.729   -24.940  0.0000000      -6.683   -24.865  0.0000000      -6.767   -25.003  0.0000000    
S2-D12:     16.559    55.670  0.0000000      12.390    41.644  0.0000000      -4.707   -23.614  0.0000000      -4.675   -23.543  0.0000000      -4.733   -23.673  0.0000000    
S2-D14:     16.894    57.522  0.0000000      12.381    42.145  0.0000000      -4.760   -24.184  0.0000000      -4.727   -24.112  0.0000000      -4.786   -24.245  0.0000000    
S3-D1:     -3.443   -12.221  0.0000000      -6.484   -23.012  0.0000000       1.614     8.552  0.0000000       1.603     8.526  0.0000000       1.624     8.575  0.0000000    
S3-D2:      1.068     4.663  0.0000032      -2.235    -9.759  0.0000000       0.190     1.239  0.2154619       0.189     1.234  0.2171485       0.191     1.243  0.2139014    
S3-D6:     -6.841   -31.555  0.0000000     -12.060   -55.617  0.0000000       3.074    21.158  0.0000000       3.053    21.093  0.0000000       3.091    21.214  0.0000000    
S3-D9:     -8.485   -25.885  0.0000000     -11.636   -35.491  0.0000000       3.272    14.896  0.0000000       3.250    14.850  0.0000000       3.291    14.935  0.0000000    
S3-D10:     -1.506    -7.326  0.0000000      -6.407   -31.159  0.0000000       1.287     9.343  0.0000000       1.278     9.314  0.0000000       1.295     9.369  0.0000000    
S3-D15:     -3.299   -27.103  0.0000000      -7.511   -61.682  0.0000000       1.758    21.551  0.0000000       1.746    21.484  0.0000000       1.768    21.609  0.0000000    
S4-D2:     -0.993    -7.028  0.0000000      -4.859   -34.380  0.0000000       0.952    10.053  0.0000000       0.945    10.021  0.0000000       0.957    10.081  0.0000000    
S4-D3:     -6.358   -35.631  0.0000000      -2.264   -12.687  0.0000000       1.402    11.722  0.0000000       1.392    11.688  0.0000000       1.409    11.750  0.0000000    
S4-D7:     -0.761    -6.904  0.0000000      -0.657    -5.959  0.0000000       0.230     3.121  0.0018086       0.229     3.112  0.0018657       0.232     3.129  0.0017592    
S4-D11:     -2.991   -21.372  0.0000000      -2.064   -14.747  0.0000000       0.822     8.764  0.0000000       0.816     8.738  0.0000000       0.826     8.786  0.0000000    
S4-D16:     -0.122    -0.817  0.4139257      -0.270    -1.811  0.0702394       0.064     0.637  0.5238343       0.063     0.636  0.5250176       0.064     0.639  0.5226671    
S5-D3:     -3.915   -21.382  0.0000000       1.118     6.106  0.0000000       0.454     3.703  0.0002146       0.451     3.693  0.0002226       0.457     3.710  0.0002086    
S5-D4:     -2.093   -10.499  0.0000000      -0.770    -3.862  0.0001132       0.465     3.484  0.0004969       0.462     3.474  0.0005151       0.468     3.492  0.0004816    
S5-D8:      0.339     2.165  0.0304083      -0.309    -1.973  0.0485416      -0.005    -0.046  0.9630393      -0.005    -0.046  0.9632680      -0.005    -0.046  0.9631271    
S5-D11:     -1.072    -5.173  0.0000002       1.876     9.050  0.0000000      -0.131    -0.943  0.3455885      -0.130    -0.939  0.3476521      -0.132    -0.947  0.3437310    
S5-D12:     -2.790   -11.357  0.0000000      -1.368    -5.567  0.0000000       0.676     4.106  0.0000407       0.671     4.094  0.0000428       0.680     4.116  0.0000390    
S5-D13:     -5.294   -32.222  0.0000000      -5.951   -36.208  0.0000000       1.828    16.607  0.0000000       1.816    16.557  0.0000000       1.839    16.649  0.0000000    

Model fit per channel for total-Hb (beta, t, p values)
S1-D1:    -16.061   -13.497  0.0000000     -31.914   -26.813  0.0000000       7.802     9.784  0.0000000       7.749     9.754  0.0000000       7.847     9.810  0.0000000    
S1-D2:    -32.270   -18.287  0.0000000     -45.834   -25.967  0.0000000      12.701    10.741  0.0000000      12.614    10.708  0.0000000      12.773    10.769  0.0000000    
S1-D3:    -28.228   -18.714  0.0000000     -42.252   -28.005  0.0000000      11.461    11.339  0.0000000      11.383    11.304  0.0000000      11.527    11.369  0.0000000    
S1-D4:    -29.578   -16.699  0.0000000     -47.174   -26.626  0.0000000      12.481    10.516  0.0000000      12.396    10.483  0.0000000      12.553    10.543  0.0000000    
S1-D5:    -24.897   -11.582  0.0000000     -51.218   -23.820  0.0000000      12.379     8.593  0.0000000      12.293     8.567  0.0000000      12.450     8.616  0.0000000    
S1-D6:    -34.418   -16.147  0.0000000     -62.765   -29.439  0.0000000      15.804    11.065  0.0000000      15.696    11.031  0.0000000      15.895    11.094  0.0000000    
S1-D7:    -35.540   -18.783  0.0000000     -50.375   -26.617  0.0000000      13.971    11.019  0.0000000      13.875    10.985  0.0000000      14.051    11.047  0.0000000    
S1-D8:    -43.000   -26.703  0.0000000     -54.231   -33.670  0.0000000      15.811    14.652  0.0000000      15.703    14.608  0.0000000      15.901    14.690  0.0000000    
S1-D9:    -25.597   -11.014  0.0000000     -58.806   -25.297  0.0000000      13.727     8.814  0.0000000      13.632     8.787  0.0000000      13.806     8.837  0.0000000    
S1-D10:    -35.523   -12.958  0.0000000     -71.140   -25.945  0.0000000      17.346     9.443  0.0000000      17.227     9.414  0.0000000      17.446     9.468  0.0000000    
S1-D11:    -33.574   -24.261  0.0000000     -40.579   -29.316  0.0000000      12.058    13.003  0.0000000      11.975    12.963  0.0000000      12.126    13.036  0.0000000    
S1-D12:    -48.557   -19.554  0.0000000     -73.526   -29.603  0.0000000      19.853    11.931  0.0000000      19.717    11.894  0.0000000      19.966    11.962  0.0000000    
S1-D13:    -30.894   -19.242  0.0000000     -46.861   -29.180  0.0000000      12.644    11.752  0.0000000      12.558    11.716  0.0000000      12.717    11.783  0.0000000    
S1-D14:      2.278     2.189  0.0286259     -11.690   -11.229  0.0000000       1.532     2.196  0.0281139       1.521     2.189  0.0286518       1.541     2.202  0.0276626    
S1-D15:    -30.632   -19.897  0.0000000     -47.816   -31.052  0.0000000      12.757    12.366  0.0000000      12.670    12.328  0.0000000      12.830    12.398  0.0000000    
S2-D1:     19.035    16.300  0.0000000      11.529     9.871  0.0000000      -4.969    -6.350  0.0000000      -4.935    -6.331  0.0000000      -4.997    -6.366  0.0000000    
S2-D4:     16.287    13.431  0.0000000       4.003     3.300  0.0009705      -3.298    -4.059  0.0000498      -3.276    -4.047  0.0000524      -3.316    -4.068  0.0000478    
S2-D5:     21.595    18.874  0.0000000      11.533    10.077  0.0000000      -5.386    -7.024  0.0000000      -5.349    -7.003  0.0000000      -5.416    -7.042  0.0000000    
S2-D9:     22.559    24.532  0.0000000      15.510    16.863  0.0000000      -6.189   -10.044  0.0000000      -6.147   -10.014  0.0000000      -6.224   -10.070  0.0000000    
S2-D12:     11.367     9.876  0.0000000      -3.083    -2.678  0.0074142      -1.346    -1.745  0.0810480      -1.337    -1.740  0.0818537      -1.353    -1.748  0.0804161    
S2-D14:      0.783     0.658  0.5107270      -7.878    -6.620  0.0000000       1.154     1.448  0.1476761       1.146     1.443  0.1489623       1.161     1.452  0.1465062    
S3-D1:    -39.247   -37.788  0.0000000     -50.156   -48.281  0.0000000      14.538    20.888  0.0000000      14.439    20.825  0.0000000      14.621    20.943  0.0000000    
S3-D2:    -35.686   -30.540  0.0000000     -47.689   -40.803  0.0000000      13.558    17.315  0.0000000      13.465    17.262  0.0000000      13.635    17.360  0.0000000    
S3-D6:    -47.036   -28.997  0.0000000     -65.419   -40.321  0.0000000      18.287    16.823  0.0000000      18.162    16.772  0.0000000      18.391    16.867  0.0000000    
S3-D9:    -28.240   -24.182  0.0000000     -44.475   -38.076  0.0000000      11.825    15.111  0.0000000      11.744    15.065  0.0000000      11.892    15.150  0.0000000    
S3-D10:    -33.221   -23.264  0.0000000     -48.472   -33.936  0.0000000      13.285    13.883  0.0000000      13.194    13.840  0.0000000      13.361    13.919  0.0000000    
S3-D15:    -47.828   -35.170  0.0000000     -61.965   -45.555  0.0000000      17.853    19.592  0.0000000      17.731    19.532  0.0000000      17.955    19.643  0.0000000    
S4-D2:    -23.823   -15.344  0.0000000     -38.118   -24.545  0.0000000      10.073     9.682  0.0000000      10.004     9.652  0.0000000      10.130     9.707  0.0000000    
S4-D3:    -11.581    -5.761  0.0000000     -29.543   -14.692  0.0000000       6.688     4.965  0.0000007       6.642     4.949  0.0000008       6.727     4.978  0.0000007    
S4-D7:    -25.684   -13.135  0.0000000     -36.363   -18.593  0.0000000      10.090     7.701  0.0000000      10.021     7.677  0.0000000      10.147     7.721  0.0000000    
S4-D11:    -22.697   -13.175  0.0000000     -38.353   -22.257  0.0000000       9.928     8.600  0.0000000       9.860     8.573  0.0000000       9.985     8.623  0.0000000    
S4-D16:    -21.654    -6.883  0.0000000     -39.343   -12.504  0.0000000       9.920     4.706  0.0000026       9.851     4.691  0.0000028       9.976     4.718  0.0000024    
S5-D3:    -24.456   -14.687  0.0000000     -40.471   -24.298  0.0000000      10.559     9.462  0.0000000      10.486     9.433  0.0000000      10.619     9.487  0.0000000    
S5-D4:    -49.572   -29.030  0.0000000     -56.180   -32.893  0.0000000      17.196    15.028  0.0000000      17.078    14.982  0.0000000      17.293    15.067  0.0000000    
S5-D8:    -48.844   -21.375  0.0000000     -66.277   -28.998  0.0000000      18.720    12.226  0.0000000      18.592    12.188  0.0000000      18.827    12.257  0.0000000    
S5-D11:    -35.761   -21.210  0.0000000     -48.956   -29.029  0.0000000      13.776    12.193  0.0000000      13.682    12.156  0.0000000      13.855    12.225  0.0000000    
S5-D12:    -27.148   -17.712  0.0000000     -42.804   -27.920  0.0000000      11.376    11.076  0.0000000      11.297    11.042  0.0000000      11.441    11.105  0.0000000    
S5-D13:    -86.516   -33.788  0.0000000     -88.683   -34.626  0.0000000      28.487    16.603  0.0000000      28.293    16.553  0.0000000      28.649    16.645  0.0000000    

GLM CONTRAST RESULTS
Contrast 1: Left Hand > Baseline
Contrast 2: Right Hand > Baseline
Contrast 3: Left Hand > Right Hand 

Contrast results per channel for oxy-Hb (t, p values)
S1-D1:     -7.559  0.0000000     -21.201  0.0000000      10.784  0.0000000    
S1-D2:    -14.731  0.0000000     -19.991  0.0000000       4.161  0.0000320    
S1-D3:    -14.822  0.0000000     -27.378  0.0000000       9.928  0.0000000    
S1-D4:    -13.354  0.0000000     -25.083  0.0000000       9.274  0.0000000    
S1-D5:    -11.375  0.0000000     -24.114  0.0000000      10.072  0.0000000    
S1-D6:    -13.503  0.0000000     -25.633  0.0000000       9.591  0.0000000    
S1-D7:    -15.988  0.0000000     -23.163  0.0000000       5.675  0.0000000    
S1-D8:    -23.276  0.0000000     -31.213  0.0000000       6.278  0.0000000    
S1-D9:     -7.851  0.0000000     -21.779  0.0000000      11.011  0.0000000    
S1-D10:    -12.194  0.0000000     -23.510  0.0000000       8.947  0.0000000    
S1-D11:    -23.070  0.0000000     -27.541  0.0000000       3.538  0.0004047    
S1-D12:    -18.039  0.0000000     -28.399  0.0000000       8.192  0.0000000    
S1-D13:    -14.835  0.0000000     -26.338  0.0000000       9.096  0.0000000    
S1-D14:     -0.602  0.5473929     -14.659  0.0000000      11.112  0.0000000    
S1-D15:    -15.463  0.0000000     -25.082  0.0000000       7.607  0.0000000    
S2-D1:     -5.154  0.0000003      -9.704  0.0000000       3.597  0.0003232    
S2-D4:     -0.789  0.4302904      -7.687  0.0000000       5.453  0.0000001    
S2-D5:     -6.178  0.0000000     -11.364  0.0000000       4.100  0.0000416    
S2-D9:      0.496  0.6200799      -4.446  0.0000088       3.906  0.0000944    
S2-D12:     -5.026  0.0000005     -14.975  0.0000000       7.865  0.0000000    
S2-D14:    -14.961  0.0000000     -18.808  0.0000000       3.043  0.0023455    
S3-D1:    -37.090  0.0000000     -45.230  0.0000000       6.441  0.0000000    
S3-D2:    -30.788  0.0000000     -38.068  0.0000000       5.760  0.0000000    
S3-D6:    -27.360  0.0000000     -36.312  0.0000000       7.081  0.0000000    
S3-D9:    -18.179  0.0000000     -30.212  0.0000000       9.515  0.0000000    
S3-D10:    -23.149  0.0000000     -30.696  0.0000000       5.970  0.0000000    
S3-D15:    -34.495  0.0000000     -42.175  0.0000000       6.077  0.0000000    
S4-D2:    -14.444  0.0000000     -21.037  0.0000000       5.214  0.0000002    
S4-D3:     -2.520  0.0117546     -13.158  0.0000000       8.409  0.0000000    
S4-D7:    -12.569  0.0000000     -18.002  0.0000000       4.297  0.0000175    
S4-D11:    -11.352  0.0000000     -20.900  0.0000000       7.549  0.0000000    
S4-D16:     -6.828  0.0000000     -12.387  0.0000000       4.396  0.0000112    
S5-D3:    -11.946  0.0000000     -24.182  0.0000000       9.674  0.0000000    
S5-D4:    -26.649  0.0000000     -31.094  0.0000000       3.518  0.0004369    
S5-D8:    -21.593  0.0000000     -28.956  0.0000000       5.824  0.0000000    
S5-D11:    -19.681  0.0000000     -28.834  0.0000000       7.239  0.0000000    
S5-D12:    -14.854  0.0000000     -25.262  0.0000000       8.230  0.0000000    
S5-D13:    -32.835  0.0000000     -33.439  0.0000000       0.483  0.6293473    

Contrast results per channel for deoxy-Hb (t, p values)
S1-D1:    -24.709  0.0000000     -21.817  0.0000000      -2.282  0.0225246    
S1-D2:    -16.314  0.0000000     -28.928  0.0000000       9.973  0.0000000    
S1-D3:    -21.414  0.0000000       5.009  0.0000006     -20.882  0.0000000    
S1-D4:    -29.093  0.0000000     -14.092  0.0000000     -11.852  0.0000000    
S1-D5:     -5.588  0.0000000      -5.290  0.0000001      -0.235  0.8141041    
S1-D6:    -26.710  0.0000000     -42.194  0.0000000      12.244  0.0000000    
S1-D7:    -43.765  0.0000000     -55.587  0.0000000       9.353  0.0000000    
S1-D8:    -29.308  0.0000000     -18.287  0.0000000      -8.706  0.0000000    
S1-D9:    -30.270  0.0000000     -41.575  0.0000000       8.942  0.0000000    
S1-D10:    -16.996  0.0000000     -41.350  0.0000000      19.254  0.0000000    
S1-D11:     -9.970  0.0000000     -15.710  0.0000000       4.539  0.0000057    
S1-D12:    -33.607  0.0000000     -34.206  0.0000000       0.479  0.6316064    
S1-D13:    -27.434  0.0000000     -15.030  0.0000000      -9.800  0.0000000    
S1-D14:      9.689  0.0000000      13.800  0.0000000      -3.251  0.0011533    
S1-D15:    -26.768  0.0000000     -35.979  0.0000000       7.286  0.0000000    
S2-D1:     52.356  0.0000000      45.875  0.0000000       5.113  0.0000003    
S2-D4:     50.619  0.0000000      36.421  0.0000000      11.214  0.0000000    
S2-D5:     68.167  0.0000000      55.956  0.0000000       9.639  0.0000000    
S2-D9:     54.994  0.0000000      47.780  0.0000000       5.692  0.0000000    
S2-D12:     55.670  0.0000000      41.644  0.0000000      11.077  0.0000000    
S2-D14:     57.522  0.0000000      42.145  0.0000000      12.144  0.0000000    
S3-D1:    -12.221  0.0000000     -23.012  0.0000000       8.532  0.0000000    
S3-D2:      4.663  0.0000032      -9.759  0.0000000      11.399  0.0000000    
S3-D6:    -31.555  0.0000000     -55.617  0.0000000      19.026  0.0000000    
S3-D9:    -25.885  0.0000000     -35.491  0.0000000       7.598  0.0000000    
S3-D10:     -7.326  0.0000000     -31.159  0.0000000      18.840  0.0000000    
S3-D15:    -27.103  0.0000000     -61.682  0.0000000      27.338  0.0000000    
S4-D2:     -7.028  0.0000000     -34.380  0.0000000      21.622  0.0000000    
S4-D3:    -35.631  0.0000000     -12.687  0.0000000     -18.130  0.0000000    
S4-D7:     -6.904  0.0000000      -5.959  0.0000000      -0.746  0.4559004    
S4-D11:    -21.372  0.0000000     -14.747  0.0000000      -5.233  0.0000002    
S4-D16:     -0.817  0.4139257      -1.811  0.0702394       0.785  0.4321853    
S5-D3:    -21.382  0.0000000       6.106  0.0000000     -21.724  0.0000000    
S5-D4:    -10.499  0.0000000      -3.862  0.0001132      -5.244  0.0000002    
S5-D8:      2.165  0.0304083      -1.973  0.0485416       3.270  0.0010778    
S5-D11:     -5.173  0.0000002       9.050  0.0000000     -11.241  0.0000000    
S5-D12:    -11.357  0.0000000      -5.567  0.0000000      -4.575  0.0000048    
S5-D13:    -32.222  0.0000000     -36.208  0.0000000       3.157  0.0016017    

Contrast results per channel for total-Hb (t, p values)
S1-D1:    -13.497  0.0000000     -26.813  0.0000000      10.528  0.0000000    
S1-D2:    -18.287  0.0000000     -25.967  0.0000000       6.074  0.0000000    
S1-D3:    -18.714  0.0000000     -28.005  0.0000000       7.347  0.0000000    
S1-D4:    -16.699  0.0000000     -26.626  0.0000000       7.850  0.0000000    
S1-D5:    -11.582  0.0000000     -23.820  0.0000000       9.676  0.0000000    
S1-D6:    -16.147  0.0000000     -29.439  0.0000000      10.509  0.0000000    
S1-D7:    -18.783  0.0000000     -26.617  0.0000000       6.196  0.0000000    
S1-D8:    -26.703  0.0000000     -33.670  0.0000000       5.512  0.0000000    
S1-D9:    -11.014  0.0000000     -25.297  0.0000000      11.292  0.0000000    
S1-D10:    -12.958  0.0000000     -25.945  0.0000000      10.268  0.0000000    
S1-D11:    -24.261  0.0000000     -29.316  0.0000000       4.000  0.0000637    
S1-D12:    -19.554  0.0000000     -29.603  0.0000000       7.947  0.0000000    
S1-D13:    -19.242  0.0000000     -29.180  0.0000000       7.859  0.0000000    
S1-D14:      2.189  0.0286259     -11.229  0.0000000      10.606  0.0000000    
S1-D15:    -19.897  0.0000000     -31.052  0.0000000       8.821  0.0000000    
S2-D1:     16.300  0.0000000       9.871  0.0000000       5.079  0.0000004    
S2-D4:     13.431  0.0000000       3.300  0.0009705       8.006  0.0000000    
S2-D5:     18.874  0.0000000      10.077  0.0000000       6.950  0.0000000    
S2-D9:     24.532  0.0000000      16.863  0.0000000       6.058  0.0000000    
S2-D12:      9.876  0.0000000      -2.678  0.0074142       9.922  0.0000000    
S2-D14:      0.658  0.5107270      -6.620  0.0000000       5.753  0.0000000    
S3-D1:    -37.788  0.0000000     -48.281  0.0000000       8.301  0.0000000    
S3-D2:    -30.540  0.0000000     -40.803  0.0000000       8.118  0.0000000    
S3-D6:    -28.997  0.0000000     -40.321  0.0000000       8.956  0.0000000    
S3-D9:    -24.182  0.0000000     -38.076  0.0000000      10.987  0.0000000    
S3-D10:    -23.264  0.0000000     -33.936  0.0000000       8.440  0.0000000    
S3-D15:    -35.170  0.0000000     -45.555  0.0000000       8.215  0.0000000    
S4-D2:    -15.344  0.0000000     -24.545  0.0000000       7.276  0.0000000    
S4-D3:     -5.761  0.0000000     -14.692  0.0000000       7.060  0.0000000    
S4-D7:    -13.135  0.0000000     -18.593  0.0000000       4.316  0.0000161    
S4-D11:    -13.175  0.0000000     -22.257  0.0000000       7.182  0.0000000    
S4-D16:     -6.883  0.0000000     -12.504  0.0000000       4.444  0.0000089    
S5-D3:    -14.687  0.0000000     -24.298  0.0000000       7.600  0.0000000    
S5-D4:    -29.030  0.0000000     -32.893  0.0000000       3.058  0.0022317    
S5-D8:    -21.375  0.0000000     -28.998  0.0000000       6.029  0.0000000    
S5-D11:    -21.210  0.0000000     -29.029  0.0000000       6.185  0.0000000    
S5-D12:    -17.712  0.0000000     -27.920  0.0000000       8.072  0.0000000    
S5-D13:    -33.788  0.0000000     -34.626  0.0000000       0.669  0.5036236    
