GLM RESULTS

Model fit per channel for Oxy(beta, t, p values)
S1-D1:     -0.487    -1.597  0.1108381      -0.197    -0.568  0.5705143      -0.095     0.873  0.3828164    
S1-D2:     -0.061    -0.211  0.8333335      -0.210    -0.643  0.5205904       0.067    -0.142  0.8872966    
S1-D3:     -0.061    -0.188  0.8507044      -0.410    -1.111  0.2670634       0.104     0.505  0.6139145    
S2-D2:     -0.119    -0.492  0.6230651      -0.247    -0.912  0.3623433       0.093    -0.538  0.5906689    
S2-D4:      0.112     0.511  0.6094177      -0.175    -0.709  0.4784789       0.012    -0.724  0.4696273    
S2-D9:     -0.159    -0.641  0.5219564      -0.191    -0.700  0.4844097      -0.141     0.032  0.9746308    
S3-D1:     -0.104    -0.267  0.7894750      -0.118    -0.267  0.7898761       0.150     0.437  0.6619160    
S3-D3:     -0.060    -0.174  0.8623001      -0.335    -0.846  0.3977143       0.173     0.711  0.4776690    
S3-D5:     -0.202    -0.551  0.5820693      -0.078    -0.185  0.8530139       0.006     0.669  0.5034800    
S4-D2:     -0.106    -0.340  0.7339643      -0.163    -0.473  0.6362982      -0.035    -0.138  0.8899550    
S4-D3:     -0.082    -0.320  0.7488786      -0.179    -0.622  0.5342695       0.227    -0.537  0.5917670    
S4-D4:      0.144     0.451  0.6519986       0.168     0.486  0.6268895      -0.074    -0.778  0.4367548    
S4-D6:      0.113     0.325  0.7455656       0.419     1.105  0.2697588      -0.111    -1.054  0.2923569    
S5-D3:      0.085     0.314  0.7540073       0.021     0.070  0.9445044      -0.294    -0.016  0.9871542    
S5-D5:      0.114     0.551  0.5817576       0.239     1.041  0.2981627      -0.360    -0.847  0.3970802    
S5-D6:     -0.180    -0.571  0.5680385       0.258     0.727  0.4674611      -0.077    -0.431  0.6666038    
S5-D7:     -0.166    -0.484  0.6286992       0.283     0.743  0.4574936      -0.139    -0.482  0.6296763    
S6-D5:      0.057     0.435  0.6636240       0.118     0.797  0.4260369      -0.415     0.701  0.4836038    
S6-D7:      0.136     0.475  0.6349456       0.014     0.045  0.9643577      -0.488    -0.070  0.9444425    
S7-D6:     -0.199    -0.851  0.3953552       0.194     0.739  0.4601387      -0.326    -0.611  0.5414712    
S7-D7:      0.024     0.082  0.9343672       0.344     1.078  0.2814534      -0.108    -0.967  0.3340224    
S7-D8:     -0.139    -0.456  0.6488760       0.085     0.254  0.7999452      -0.196    -0.432  0.6662102    
S7-D14:     -0.193    -0.759  0.4484352      -0.104    -0.361  0.7180265      -0.196    -0.271  0.7868057    
S8-D7:      0.340     0.809  0.4186290       0.157     0.343  0.7319352       0.057    -0.901  0.3681967    
S8-D8:     -0.097    -0.306  0.7596367       0.077     0.229  0.8190992      -0.093    -0.200  0.8416079    
S9-D4:      0.028     0.094  0.9248959      -0.232    -0.713  0.4761472      -0.163    -0.095  0.9242915    
S9-D6:      0.073     0.287  0.7742762       0.386     1.359  0.1747104      -0.212    -1.087  0.2776952    
S9-D12:      0.201     0.817  0.4140153       0.163     0.592  0.5541237      -0.120    -0.931  0.3520196    
S9-D14:      0.018     0.086  0.9318410       0.158     0.674  0.5003468      -0.155    -0.772  0.4403303    
S10-D9:      0.026     0.092  0.9268608      -0.185    -0.574  0.5660337      -0.158    -0.102  0.9184973    
S10-D10:      0.031     0.076  0.9398223      -0.034    -0.071  0.9432325      -0.227     0.434  0.6644285    
S10-D11:      0.680     2.074  0.0385262       0.158     0.448  0.6543934      -0.427    -1.270  0.2047265    
S11-D4:      0.133     0.314  0.7534620       0.124     0.264  0.7917671      -0.146    -0.592  0.5542844    
S11-D9:      0.121     0.599  0.5496596      -0.030    -0.130  0.8966051      -0.206    -0.572  0.5674094    
S11-D11:      0.271     0.884  0.3768314       0.198     0.592  0.5542915      -0.103    -1.072  0.2842801    
S11-D12:      0.318     1.106  0.2691869       0.054     0.166  0.8680072      -0.134    -0.836  0.4035298    
S12-D10:     -0.224    -0.513  0.6079831      -0.137    -0.273  0.7851785       0.152     0.314  0.7535075    
S12-D11:     -0.039    -0.178  0.8591232      -0.008    -0.033  0.9733019      -0.362     0.818  0.4137950    
S12-D13:     -0.119    -0.260  0.7948441      -0.126    -0.245  0.8067449       0.127     0.411  0.6812107    
S13-D11:      0.222     1.148  0.2512547      -0.110    -0.499  0.6179298      -0.223    -0.041  0.9672446    
S13-D12:     -0.064    -0.234  0.8152943      -0.204    -0.675  0.4998748      -0.041    -0.160  0.8726862    
S13-D13:      0.396     1.042  0.2979064       0.424     0.987  0.3241057      -0.019    -0.380  0.7041125    
S13-D15:      0.263     0.879  0.3795298       0.109     0.327  0.7440296      -0.084    -0.827  0.4086405    
S14-D12:      0.278     1.116  0.2647582       0.659     2.370  0.0181000      -0.157    -1.675  0.0944307    
S14-D14:      0.022     0.110  0.9125919       0.035     0.154  0.8775461      -0.184    -0.568  0.5704070    
S14-D15:      0.386     1.220  0.2229024       0.006     0.017  0.9866047      -0.187    -0.856  0.3922297    
S14-D16:     -0.017    -0.042  0.9666628       0.586     1.374  0.1698239      -0.230    -0.777  0.4376762    
S15-D13:      0.280     0.920  0.3578125       0.214     0.622  0.5344899       0.061    -0.280  0.7798817    
S15-D15:      0.148     0.344  0.7312016       0.168     0.351  0.7258531      -0.055    -0.404  0.6862528    
S16-D15:     -0.220    -0.612  0.5410454       0.106     0.268  0.7886155      -0.038    -0.204  0.8382997    
S16-D16:      0.148     0.360  0.7186216       0.404     0.896  0.3708218       0.053    -0.936  0.3495275    

Model fit per channel for DeOxy(beta, t, p values)
S1-D1:     -0.268    -1.333  0.1830862      -0.036    -0.158  0.8747962       0.392     0.095  0.9241685    
S1-D2:      0.197     0.575  0.5654304      -0.118    -0.303  0.7623028       0.406    -0.605  0.5450982    
S1-D3:     -0.188    -0.391  0.6960745       0.134     0.243  0.8079788       0.145     0.236  0.8135373    
S2-D2:      0.335     1.133  0.2575039      -0.190    -0.571  0.5681034       0.258    -0.774  0.4393360    
S2-D4:      0.691     1.697  0.0902329       0.472     1.041  0.2983931      -0.057    -1.353  0.1767285    
S2-D9:      0.355     1.216  0.2243047       0.322     0.985  0.3251085      -0.025    -0.860  0.3899597    
S3-D1:     -0.349    -1.025  0.3057998      -0.095    -0.247  0.8053380       0.336     0.473  0.6363789    
S3-D3:     -0.197    -0.539  0.5901516      -0.157    -0.375  0.7077332      -0.254     0.831  0.4062829    
S3-D5:     -0.117    -0.316  0.7524780      -0.049    -0.115  0.9088745       0.278     0.285  0.7759489    
S4-D2:     -0.675    -1.509  0.1317371      -1.245    -2.605  0.0094183       0.285     2.134  0.0332568    
S4-D3:      0.099     0.191  0.8483002      -0.156    -0.278  0.7813684      -0.092     0.124  0.9013174    
S4-D4:     -0.245    -0.507  0.6125643      -0.563    -1.110  0.2673212       0.167     0.679  0.4971357    
S4-D6:     -0.360    -0.625  0.5319638      -0.239    -0.380  0.7038476       0.409     0.365  0.7153512    
S5-D3:     -0.155    -0.561  0.5747727       0.097     0.309  0.7575074       0.143     0.344  0.7307936    
S5-D5:     -0.047    -0.147  0.8828799       0.111     0.305  0.7602214       0.171     0.402  0.6874969    
S5-D6:     -0.031    -0.089  0.9290379      -0.176    -0.445  0.6561580       0.071    -0.006  0.9950028    
S5-D7:     -0.152    -0.279  0.7801366      -0.150    -0.254  0.7993757      -0.092     0.561  0.5748782    
S6-D5:     -0.055    -0.328  0.7427356      -0.061    -0.325  0.7455500       0.226    -0.004  0.9971884    
S6-D7:     -0.120    -0.298  0.7654819      -0.391    -0.891  0.3735113      -0.328     1.086  0.2779651    
S7-D6:      0.272     0.703  0.4824156      -0.324    -0.735  0.4628500       0.087     0.054  0.9569188    
S7-D7:     -0.091    -0.213  0.8310598       0.195     0.409  0.6824186       0.058    -0.116  0.9073614    
S7-D8:     -0.276    -0.527  0.5984898      -0.105    -0.181  0.8561037       0.244    -0.237  0.8131198    
S7-D14:      0.125     0.344  0.7311688      -0.270    -0.669  0.5040389       0.100    -0.011  0.9911393    
S8-D7:      1.011     1.593  0.1116010       0.593     0.867  0.3863547      -0.356    -1.415  0.1575408    
S8-D8:     -0.233    -0.575  0.5652029      -0.210    -0.458  0.6470629       0.263    -0.234  0.8147459    
S9-D4:     -0.044    -0.097  0.9226880      -0.882    -1.802  0.0720730       0.537     0.737  0.4613735    
S9-D6:     -0.036    -0.100  0.9201624      -0.935    -2.297  0.0219765       0.374     1.132  0.2582554    
S9-D12:     -0.388    -0.864  0.3878151      -0.858    -1.714  0.0871068       0.292     1.453  0.1468693    
S9-D14:      0.107     0.323  0.7470762      -0.556    -1.486  0.1378758       0.102     0.122  0.9033080    
S10-D9:     -0.218    -0.519  0.6042587       0.300     0.653  0.5138316       0.290    -0.337  0.7361867    
S10-D10:     -0.123    -1.007  0.3144630      -0.100    -0.715  0.4751831       0.417    -0.167  0.8673728    
S10-D11:     -0.417    -0.930  0.3525537      -1.021    -2.046  0.0411975      -0.155     1.266  0.2061355    
S11-D4:     -0.030    -0.072  0.9422542      -0.388    -0.835  0.4041612       0.309     0.049  0.9611812    
S11-D9:     -0.002    -0.007  0.9947947      -0.453    -1.354  0.1761724       0.063     0.723  0.4702242    
S11-D11:     -0.385    -0.835  0.4042852      -0.884    -1.785  0.0747227       0.230     1.298  0.1948835    
S11-D12:      0.073     0.146  0.8839872      -0.267    -0.493  0.6220936       0.096     0.153  0.8783413    
S12-D10:     -0.611    -1.363  0.1734572      -0.187    -0.362  0.7173891       0.137     0.438  0.6613094    
S12-D11:     -0.220    -1.262  0.2074778      -0.092    -0.464  0.6431227       0.312     0.288  0.7732009    
S12-D13:     -0.450    -1.337  0.1817931      -0.187    -0.497  0.6196003       0.211     0.795  0.4268593    
S13-D11:     -0.197    -0.635  0.5256493      -0.573    -1.643  0.1008780      -0.056     1.092  0.2753415    
S13-D12:      0.342     0.767  0.4433274      -0.568    -1.154  0.2489463       0.200    -0.034  0.9732307    
S13-D13:     -0.400    -0.867  0.3863016      -0.236    -0.455  0.6492503       0.224     0.878  0.3803296    
S13-D15:      0.199     0.585  0.5588818       0.113     0.295  0.7678090      -0.195    -0.081  0.9353235    
S14-D12:      0.309     0.547  0.5846089      -0.378    -0.604  0.5460155      -0.067    -0.036  0.9715408    
S14-D14:     -0.262    -0.641  0.5216381      -0.331    -0.724  0.4690882       0.230     0.423  0.6725361    
S14-D15:     -1.311    -2.952  0.0032881      -0.232    -0.470  0.6384971       0.165     1.800  0.0724110    
S14-D16:     -0.112    -0.201  0.8406954      -0.545    -0.909  0.3636246       0.506     0.231  0.8175730    
S15-D13:     -0.326    -0.748  0.4545375      -0.101    -0.202  0.8399271       0.029     0.419  0.6753729    
S15-D15:     -0.378    -0.991  0.3220725      -0.272    -0.628  0.5301001       0.022     1.067  0.2865713    
S16-D15:     -0.214    -0.479  0.6318556      -0.007    -0.015  0.9883159       0.188     0.253  0.8006718    
S16-D16:      0.133     0.367  0.7139639       0.010     0.025  0.9802772       0.111    -0.498  0.6184735    

Model fit per channel for Total(beta, t, p values)
S1-D1:     -0.120    -0.483  0.6289993      -0.176    -0.621  0.5349555       0.048     0.607  0.5442305    
S1-D2:      0.091     0.210  0.8337569      -0.425    -0.879  0.3797933       0.130    -0.192  0.8478354    
S1-D3:     -0.034    -0.088  0.9302178      -0.461    -1.066  0.2867454       0.160     0.653  0.5143324    
S2-D2:     -0.178    -0.656  0.5122271      -0.231    -0.762  0.4460859       0.111    -0.415  0.6785370    
S2-D4:     -0.029    -0.135  0.8926141      -0.134    -0.552  0.5812877       0.004    -0.537  0.5915010    
S2-D9:     -0.018    -0.067  0.9463619      -0.146    -0.486  0.6268640      -0.137    -0.383  0.7018211    
S3-D1:     -0.167    -0.387  0.6990746      -0.093    -0.188  0.8512331       0.227     0.305  0.7608270    
S3-D3:     -0.105    -0.185  0.8534970      -0.255    -0.394  0.6940348       0.050     0.629  0.5298971    
S3-D5:     -0.358    -0.802  0.4228698      -0.208    -0.410  0.6815977       0.094     0.820  0.4125566    
S4-D2:     -0.040    -0.122  0.9025949      -0.264    -0.735  0.4624274      -0.008    -0.146  0.8837539    
S4-D3:     -0.261    -0.815  0.4151466      -0.165    -0.457  0.6475989       0.217    -0.339  0.7350646    
S4-D4:     -0.303    -1.069  0.2856416      -0.175    -0.561  0.5752634      -0.045    -0.147  0.8828937    
S4-D6:     -0.217    -0.719  0.4725748       0.155     0.482  0.6302311      -0.055    -0.071  0.9436761    
S5-D3:      0.131     0.395  0.6926398       0.031     0.082  0.9345848      -0.262     0.410  0.6816694    
S5-D5:      0.028     0.139  0.8896753       0.177     0.775  0.4388407      -0.321    -0.055  0.9560771    
S5-D6:     -0.137    -0.497  0.6194798       0.171     0.556  0.5786810      -0.064    -0.474  0.6356519    
S5-D7:     -0.039    -0.117  0.9067578       0.186     0.497  0.6191985      -0.150    -0.424  0.6716401    
S6-D5:     -0.060    -0.405  0.6856177       0.087     0.525  0.5997079      -0.392     1.076  0.2824317    
S6-D7:      0.405     1.374  0.1698391       0.295     0.913  0.3614441      -0.488    -0.956  0.3392592    
S7-D6:     -0.072    -0.258  0.7964918       0.153     0.482  0.6302189      -0.305    -0.442  0.6585917    
S7-D7:     -0.052    -0.169  0.8660893       0.173     0.506  0.6132662      -0.090    -0.594  0.5527839    
S7-D8:     -0.323    -0.806  0.4207336      -0.168    -0.375  0.7076082      -0.160    -0.310  0.7567637    
S7-D14:     -0.202    -0.810  0.4180829       0.016     0.056  0.9551348      -0.181    -0.316  0.7524283    
S8-D7:     -0.277    -0.812  0.4170050      -0.042    -0.115  0.9082923      -0.008     0.213  0.8316909    
S8-D8:     -0.374    -1.221  0.2226216      -0.143    -0.427  0.6691849      -0.046    -0.167  0.8677118    
S9-D4:      0.107     0.406  0.6847908       0.049     0.170  0.8650086      -0.102    -0.680  0.4965387    
S9-D6:      0.119     0.432  0.6658528       0.401     1.314  0.1893377      -0.184    -1.107  0.2687820    
S9-D12:      0.223     0.984  0.3253627       0.057     0.221  0.8248836      -0.095    -0.787  0.4318270    
S9-D14:      0.022     0.098  0.9222322       0.064     0.250  0.8023008      -0.147    -0.560  0.5759935    
S10-D9:      0.119     0.410  0.6822912      -0.108    -0.331  0.7409409      -0.111    -0.374  0.7087464    
S10-D10:      0.069     0.251  0.8020663      -0.102    -0.329  0.7420422      -0.013     0.500  0.6174345    
S10-D11:      0.156     0.687  0.4920603      -0.350    -1.395  0.1636944      -0.399     0.264  0.7919126    
S11-D4:     -0.149    -0.506  0.6128013      -0.274    -0.832  0.4057253      -0.100    -0.389  0.6973049    
S11-D9:      0.110     0.603  0.5464585      -0.037    -0.177  0.8596323      -0.186    -0.580  0.5624749    
S11-D11:      0.306     1.082  0.2799049       0.113     0.363  0.7164698      -0.068    -1.280  0.2009053    
S11-D12:      0.314     1.049  0.2946035       0.144     0.434  0.6645533      -0.127    -1.060  0.2896260    
S12-D10:     -0.384    -0.759  0.4479477      -0.139    -0.240  0.8104358       0.169     0.396  0.6920014    
S12-D11:      0.069     0.212  0.8322943      -0.067    -0.186  0.8522359      -0.245     0.595  0.5523694    
S12-D13:      0.107     0.181  0.8565158       0.100     0.149  0.8813274       0.173     0.140  0.8886387    
S13-D11:      0.275     1.864  0.0628924      -0.190    -1.102  0.2707339      -0.200     0.126  0.9001546    
S13-D12:      0.055     0.191  0.8483555      -0.137    -0.426  0.6701870      -0.015    -0.608  0.5436574    
S13-D13:      0.170     0.298  0.7659203       0.290     0.445  0.6561686       0.039    -0.020  0.9842649    
S13-D15:      0.088     0.335  0.7374044       0.094     0.318  0.7507626      -0.105    -0.623  0.5336822    
S14-D12:      0.045     0.197  0.8440533       0.085     0.328  0.7429720      -0.156    -0.507  0.6125846    
S14-D14:     -0.017    -0.082  0.9346025       0.022     0.094  0.9254744      -0.139    -0.433  0.6649600    
S14-D15:      0.008     0.028  0.9777510      -0.052    -0.171  0.8645608      -0.163    -0.288  0.7731792    
S14-D16:      0.132     0.331  0.7407012       0.401     0.913  0.3613718      -0.099    -0.887  0.3752230    
S15-D13:      0.078     0.214  0.8307695      -0.069    -0.169  0.8658137       0.063     0.165  0.8688794    
S15-D15:      0.186     0.441  0.6590709       0.223     0.477  0.6334054      -0.045    -0.295  0.7682551    
S16-D15:      0.156     0.405  0.6855792       0.410     0.971  0.3318617      -0.009    -0.863  0.3883268    
S16-D16:      0.037     0.112  0.9106571       0.228     0.619  0.5363517       0.065    -0.915  0.3604065    


GLM CONTRAST RESULTS
Contrast 1: Supination > Baseline

Contrast results per channel for Oxy(t, p values)
S1-D1:     -0.568  0.5705143    
S1-D2:     -0.643  0.5205904    
S1-D3:     -1.111  0.2670634    
S2-D2:     -0.912  0.3623433    
S2-D4:     -0.709  0.4784789    
S2-D9:     -0.700  0.4844097    
S3-D1:     -0.267  0.7898761    
S3-D3:     -0.846  0.3977143    
S3-D5:     -0.185  0.8530139    
S4-D2:     -0.473  0.6362982    
S4-D3:     -0.622  0.5342695    
S4-D4:      0.486  0.6268895    
S4-D6:      1.105  0.2697588    
S5-D3:      0.070  0.9445044    
S5-D5:      1.041  0.2981627    
S5-D6:      0.727  0.4674611    
S5-D7:      0.743  0.4574936    
S6-D5:      0.797  0.4260369    
S6-D7:      0.045  0.9643577    
S7-D6:      0.739  0.4601387    
S7-D7:      1.078  0.2814534    
S7-D8:      0.254  0.7999452    
S7-D14:     -0.361  0.7180265    
S8-D7:      0.343  0.7319352    
S8-D8:      0.229  0.8190992    
S9-D4:     -0.713  0.4761472    
S9-D6:      1.359  0.1747104    
S9-D12:      0.592  0.5541237    
S9-D14:      0.674  0.5003468    
S10-D9:     -0.574  0.5660337    
S10-D10:     -0.071  0.9432325    
S10-D11:      0.448  0.6543934    
S11-D4:      0.264  0.7917671    
S11-D9:     -0.130  0.8966051    
S11-D11:      0.592  0.5542915    
S11-D12:      0.166  0.8680072    
S12-D10:     -0.273  0.7851785    
S12-D11:     -0.033  0.9733019    
S12-D13:     -0.245  0.8067449    
S13-D11:     -0.499  0.6179298    
S13-D12:     -0.675  0.4998748    
S13-D13:      0.987  0.3241057    
S13-D15:      0.327  0.7440296    
S14-D12:      2.370  0.0181000    
S14-D14:      0.154  0.8775461    
S14-D15:      0.017  0.9866047    
S14-D16:      1.374  0.1698239    
S15-D13:      0.622  0.5344899    
S15-D15:      0.351  0.7258531    
S16-D15:      0.268  0.7886155    
S16-D16:      0.896  0.3708218    
Contrast results per channel for DeOxy(t, p values)
S1-D1:     -0.158  0.8747962    
S1-D2:     -0.303  0.7623028    
S1-D3:      0.243  0.8079788    
S2-D2:     -0.571  0.5681034    
S2-D4:      1.041  0.2983931    
S2-D9:      0.985  0.3251085    
S3-D1:     -0.247  0.8053380    
S3-D3:     -0.375  0.7077332    
S3-D5:     -0.115  0.9088745    
S4-D2:     -2.605  0.0094183    
S4-D3:     -0.278  0.7813684    
S4-D4:     -1.110  0.2673212    
S4-D6:     -0.380  0.7038476    
S5-D3:      0.309  0.7575074    
S5-D5:      0.305  0.7602214    
S5-D6:     -0.445  0.6561580    
S5-D7:     -0.254  0.7993757    
S6-D5:     -0.325  0.7455500    
S6-D7:     -0.891  0.3735113    
S7-D6:     -0.735  0.4628500    
S7-D7:      0.409  0.6824186    
S7-D8:     -0.181  0.8561037    
S7-D14:     -0.669  0.5040389    
S8-D7:      0.867  0.3863547    
S8-D8:     -0.458  0.6470629    
S9-D4:     -1.802  0.0720730    
S9-D6:     -2.297  0.0219765    
S9-D12:     -1.714  0.0871068    
S9-D14:     -1.486  0.1378758    
S10-D9:      0.653  0.5138316    
S10-D10:     -0.715  0.4751831    
S10-D11:     -2.046  0.0411975    
S11-D4:     -0.835  0.4041612    
S11-D9:     -1.354  0.1761724    
S11-D11:     -1.785  0.0747227    
S11-D12:     -0.493  0.6220936    
S12-D10:     -0.362  0.7173891    
S12-D11:     -0.464  0.6431227    
S12-D13:     -0.497  0.6196003    
S13-D11:     -1.643  0.1008780    
S13-D12:     -1.154  0.2489463    
S13-D13:     -0.455  0.6492503    
S13-D15:      0.295  0.7678090    
S14-D12:     -0.604  0.5460155    
S14-D14:     -0.724  0.4690882    
S14-D15:     -0.470  0.6384971    
S14-D16:     -0.909  0.3636246    
S15-D13:     -0.202  0.8399271    
S15-D15:     -0.628  0.5301001    
S16-D15:     -0.015  0.9883159    
S16-D16:      0.025  0.9802772    
Contrast results per channel for Total(t, p values)
S1-D1:     -0.621  0.5349555    
S1-D2:     -0.879  0.3797933    
S1-D3:     -1.066  0.2867454    
S2-D2:     -0.762  0.4460859    
S2-D4:     -0.552  0.5812877    
S2-D9:     -0.486  0.6268640    
S3-D1:     -0.188  0.8512331    
S3-D3:     -0.394  0.6940348    
S3-D5:     -0.410  0.6815977    
S4-D2:     -0.735  0.4624274    
S4-D3:     -0.457  0.6475989    
S4-D4:     -0.561  0.5752634    
S4-D6:      0.482  0.6302311    
S5-D3:      0.082  0.9345848    
S5-D5:      0.775  0.4388407    
S5-D6:      0.556  0.5786810    
S5-D7:      0.497  0.6191985    
S6-D5:      0.525  0.5997079    
S6-D7:      0.913  0.3614441    
S7-D6:      0.482  0.6302189    
S7-D7:      0.506  0.6132662    
S7-D8:     -0.375  0.7076082    
S7-D14:      0.056  0.9551348    
S8-D7:     -0.115  0.9082923    
S8-D8:     -0.427  0.6691849    
S9-D4:      0.170  0.8650086    
S9-D6:      1.314  0.1893377    
S9-D12:      0.221  0.8248836    
S9-D14:      0.250  0.8023008    
S10-D9:     -0.331  0.7409409    
S10-D10:     -0.329  0.7420422    
S10-D11:     -1.395  0.1636944    
S11-D4:     -0.832  0.4057253    
S11-D9:     -0.177  0.8596323    
S11-D11:      0.363  0.7164698    
S11-D12:      0.434  0.6645533    
S12-D10:     -0.240  0.8104358    
S12-D11:     -0.186  0.8522359    
S12-D13:      0.149  0.8813274    
S13-D11:     -1.102  0.2707339    
S13-D12:     -0.426  0.6701870    
S13-D13:      0.445  0.6561686    
S13-D15:      0.318  0.7507626    
S14-D12:      0.328  0.7429720    
S14-D14:      0.094  0.9254744    
S14-D15:     -0.171  0.8645608    
S14-D16:      0.913  0.3613718    
S15-D13:     -0.169  0.8658137    
S15-D15:      0.477  0.6334054    
S16-D15:      0.971  0.3318617    
S16-D16:      0.619  0.5363517    
Explained VarianceOxy(R squared)
S1-D1:      0.000  0.0664554    0.0000000    
S1-D2:      0.000  0.0276109    0.0000000    
S1-D3:      0.000  0.0463322    0.0000000    
S2-D2:      0.000  0.0415937    0.0000000    
S2-D4:      0.000  0.0396000    0.0000000    
S2-D9:      0.000  0.0356295    0.0000000    
S3-D1:      0.000  0.0139609    0.0000000    
S3-D3:      0.000  0.0352833    0.0000000    
S3-D5:      0.000  0.0230666    0.0000000    
S4-D2:      0.000  0.0230824    0.0000000    
S4-D3:      0.000  0.0273310    0.0000000    
S4-D4:      0.000  0.0243075    0.0000000    
S4-D6:      0.000  0.0458870    0.0000000    
S5-D3:      0.000  0.0131837    0.0000000    
S5-D5:      0.000  0.0471925    0.0000000    
S5-D6:      0.000  0.0410608    0.0000000    
S5-D7:      0.000  0.0410442    0.0000000    
S6-D5:      0.000  0.0368792    0.0000000    
S6-D7:      0.000  0.0197404    0.0000000    
S7-D6:      0.000  0.0511881    0.0000000    
S7-D7:      0.000  0.0454092    0.0000000    
S7-D8:      0.000  0.0246050    0.0000000    
S7-D14:      0.000  0.0338239    0.0000000    
S8-D7:      0.000  0.0340998    0.0000000    
S8-D8:      0.000  0.0195598    0.0000000    
S9-D4:      0.000  0.0308503    0.0000000    
S9-D6:      0.000  0.0564209    0.0000000    
S9-D12:      0.000  0.0395006    0.0000000    
S9-D14:      0.000  0.0280238    0.0000000    
S10-D9:      0.000  0.0246332    0.0000000    
S10-D10:      0.000  0.0045634    0.0000000    
S10-D11:      0.000  0.0859808    0.0000000    
S11-D4:      0.000  0.0156171    0.0000000    
S11-D9:      0.000  0.0255027    0.0000000    
S11-D11:      0.000  0.0399818    0.0000000    
S11-D12:      0.000  0.0459155    0.0000000    
S12-D10:      0.000  0.0219876    0.0000000    
S12-D11:      0.000  0.0074254    0.0000000    
S12-D13:      0.000  0.0131733    0.0000000    
S13-D11:      0.000  0.0520062    0.0000000    
S13-D12:      0.000  0.0285421    0.0000000    
S13-D13:      0.000  0.0508277    0.0000000    
S13-D15:      0.000  0.0375563    0.0000000    
S14-D12:      0.000  0.1043511    0.0000000    
S14-D14:      0.000  0.0074905    0.0000000    
S14-D15:      0.000  0.0510208    0.0000000    
S14-D16:      0.000  0.0610826    0.0000000    
S15-D13:      0.000  0.0409027    0.0000000    
S15-D15:      0.000  0.0178873    0.0000000    
S16-D15:      0.000  0.0323880    0.0000000    
S16-D16:      0.000  0.0374933    0.0000000    
Explained VarianceDeOxy(R squared)
S1-D1:      0.000  0.0553896    0.0000000    
S1-D2:      0.000  0.0293991    0.0000000    
S1-D3:      0.000  0.0233826    0.0000000    
S2-D2:      0.000  0.0586690    0.0000000    
S2-D4:      0.000  0.0753854    0.0000000    
S2-D9:      0.000  0.0613027    0.0000000    
S3-D1:      0.000  0.0426081    0.0000000    
S3-D3:      0.000  0.0250757    0.0000000    
S3-D5:      0.000  0.0132634    0.0000000    
S4-D2:      0.000  0.1089473    0.0000000    
S4-D3:      0.000  0.0175885    0.0000000    
S4-D4:      0.000  0.0464168    0.0000000    
S4-D6:      0.000  0.0264868    0.0000000    
S5-D3:      0.000  0.0290744    0.0000000    
S5-D5:      0.000  0.0156764    0.0000000    
S5-D6:      0.000  0.0186546    0.0000000    
S5-D7:      0.000  0.0131660    0.0000000    
S6-D5:      0.000  0.0174823    0.0000000    
S6-D7:      0.000  0.0369891    0.0000000    
S7-D6:      0.000  0.0498091    0.0000000    
S7-D7:      0.000  0.0245656    0.0000000    
S7-D8:      0.000  0.0220779    0.0000000    
S7-D14:      0.000  0.0397237    0.0000000    
S8-D7:      0.000  0.0661192    0.0000000    
S8-D8:      0.000  0.0270439    0.0000000    
S9-D4:      0.000  0.0825651    0.0000000    
S9-D6:      0.000  0.1017520    0.0000000    
S9-D12:      0.000  0.0714122    0.0000000    
S9-D14:      0.000  0.0660388    0.0000000    
S10-D9:      0.000  0.0412786    0.0000000    
S10-D10:      0.000  0.0496417    0.0000000    
S10-D11:      0.000  0.0861640    0.0000000    
S11-D4:      0.000  0.0351930    0.0000000    
S11-D9:      0.000  0.0570464    0.0000000    
S11-D11:      0.000  0.0740181    0.0000000    
S11-D12:      0.000  0.0283272    0.0000000    
S12-D10:      0.000  0.0565997    0.0000000    
S12-D11:      0.000  0.0528930    0.0000000    
S12-D13:      0.000  0.0554887    0.0000000    
S13-D11:      0.000  0.0692162    0.0000000    
S13-D12:      0.000  0.0760160    0.0000000    
S13-D13:      0.000  0.0364253    0.0000000    
S13-D15:      0.000  0.0246378    0.0000000    
S14-D12:      0.000  0.0413090    0.0000000    
S14-D14:      0.000  0.0352278    0.0000000    
S14-D15:      0.000  0.1282904    0.0000000    
S14-D16:      0.000  0.0399850    0.0000000    
S15-D13:      0.000  0.0310895    0.0000000    
S15-D15:      0.000  0.0435170    0.0000000    
S16-D15:      0.000  0.0239083    0.0000000    
S16-D16:      0.000  0.0156789    0.0000000    
Explained VarianceTotal(R squared)
S1-D1:      0.000  0.0317298    0.0000000    
S1-D2:      0.000  0.0411622    0.0000000    
S1-D3:      0.000  0.0466824    0.0000000    
S2-D2:      0.000  0.0388292    0.0000000    
S2-D4:      0.000  0.0236454    0.0000000    
S2-D9:      0.000  0.0202273    0.0000000    
S3-D1:      0.000  0.0166260    0.0000000    
S3-D3:      0.000  0.0167076    0.0000000    
S3-D5:      0.000  0.0347667    0.0000000    
S4-D2:      0.000  0.0307005    0.0000000    
S4-D3:      0.000  0.0368839    0.0000000    
S4-D4:      0.000  0.0469572    0.0000000    
S4-D6:      0.000  0.0437380    0.0000000    
S5-D3:      0.000  0.0165539    0.0000000    
S5-D5:      0.000  0.0321922    0.0000000    
S5-D6:      0.000  0.0338852    0.0000000    
S5-D7:      0.000  0.0222286    0.0000000    
S6-D5:      0.000  0.0295057    0.0000000    
S6-D7:      0.000  0.0630651    0.0000000    
S7-D6:      0.000  0.0240074    0.0000000    
S7-D7:      0.000  0.0234984    0.0000000    
S7-D8:      0.000  0.0353162    0.0000000    
S7-D14:      0.000  0.0339003    0.0000000    
S8-D7:      0.000  0.0337641    0.0000000    
S8-D8:      0.000  0.0506738    0.0000000    
S9-D4:      0.000  0.0174929    0.0000000    
S9-D6:      0.000  0.0550523    0.0000000    
S9-D12:      0.000  0.0416222    0.0000000    
S9-D14:      0.000  0.0110434    0.0000000    
S10-D9:      0.000  0.0225596    0.0000000    
S10-D10:      0.000  0.0182423    0.0000000    
S10-D11:      0.000  0.0674039    0.0000000    
S11-D4:      0.000  0.0365472    0.0000000    
S11-D9:      0.000  0.0264221    0.0000000    
S11-D11:      0.000  0.0449229    0.0000000    
S11-D12:      0.000  0.0442234    0.0000000    
S12-D10:      0.000  0.0316807    0.0000000    
S12-D11:      0.000  0.0139173    0.0000000    
S12-D13:      0.000  0.0086237    0.0000000    
S13-D11:      0.000  0.0897111    0.0000000    
S13-D12:      0.000  0.0209136    0.0000000    
S13-D13:      0.000  0.0199416    0.0000000    
S13-D15:      0.000  0.0183864    0.0000000    
S14-D12:      0.000  0.0156592    0.0000000    
S14-D14:      0.000  0.0053382    0.0000000    
S14-D15:      0.000  0.0072868    0.0000000    
S14-D16:      0.000  0.0381927    0.0000000    
S15-D13:      0.000  0.0132999    0.0000000    
S15-D15:      0.000  0.0230017    0.0000000    
S16-D15:      0.000  0.0413273    0.0000000    
S16-D16:      0.000  0.0258256    0.0000000    
