GLM RESULTS

Model fit per channel for Oxy(beta, t, p values)
S1-D1:      0.000     0.193  0.8473238       0.000     0.507  0.6120818       0.290  1319.547  0.0000000    
S1-D2:      0.000     0.068  0.9454128       0.000     0.081  0.9351517       0.221  1037.715  0.0000000    
S1-D3:     -0.000    -1.141  0.2541117      -0.000    -0.808  0.4195212       0.239  1730.253  0.0000000    
S2-D2:     -0.000    -0.255  0.7985503       0.000     0.394  0.6940484       0.089  1509.252  0.0000000    
S2-D4:      0.000     1.518  0.1294827       0.000     0.863  0.3883145       0.055  1390.075  0.0000000    
S2-D9:      0.000     0.033  0.9733118       0.000     0.441  0.6591983       0.150   826.962  0.0000000    
S3-D1:     -0.000    -0.241  0.8098795       0.000     0.181  0.8565042       0.361   197.939  0.0000000    
S3-D3:     -0.000    -0.850  0.3957642      -0.000    -0.127  0.8989100       0.223  1591.420  0.0000000    
S3-D5:      0.000     0.784  0.4332615      -0.000    -0.039  0.9690478       0.311   157.017  0.0000000    
S4-D2:     -0.000    -0.160  0.8732188       0.000     0.405  0.6857468       0.137  1368.482  0.0000000    
S4-D3:      0.000     0.082  0.9349274      -0.000    -0.104  0.9170568       0.195  1820.194  0.0000000    
S4-D4:      0.000     0.061  0.9511964       0.000     0.136  0.8919472      -0.051   180.070  0.0000000    
S4-D6:      0.000     0.091  0.9279043      -0.000    -0.043  0.9657511       0.087  1111.739  0.0000000    
S5-D3:     -0.000    -0.547  0.5846707       0.000     0.140  0.8889624       0.195  4074.372  0.0000000    
S5-D5:     -0.000    -0.319  0.7501040      -0.000    -0.135  0.8928188       0.172  2987.050  0.0000000    
S5-D6:     -0.000    -0.415  0.6784758       0.000     2.094  0.0366981       0.037  5979.220  0.0000000    
S5-D7:     -0.000    -0.301  0.7637806       0.000     0.290  0.7718757       0.048  3197.486  0.0000000    
S6-D5:     -0.000    -0.845  0.3986468       0.000     0.323  0.7464685       0.187  3483.964  0.0000000    
S6-D7:     -0.000    -0.055  0.9557734       0.000     0.432  0.6657408       0.136  2331.438  0.0000000    
S7-D6:      0.000     0.398  0.6904296       0.000     0.481  0.6304556      -0.053  2227.232  0.0000000    
S7-D7:      0.000     0.098  0.9219494       0.000     0.036  0.9712539      -0.191   845.326  0.0000000    
S7-D8:     -0.000    -0.188  0.8510276      -0.000    -0.204  0.8388114       0.066   785.851  0.0000000    
S7-D14:     -0.000    -0.020  0.9841374       0.000     0.383  0.7015922       0.104  1311.673  0.0000000    
S8-D7:     -0.000    -0.071  0.9434922       0.000     0.613  0.5404055       0.074   883.635  0.0000000    
S8-D8:     -0.000    -0.062  0.9506808      -0.000    -0.119  0.9053827       0.183   685.966  0.0000000    
S9-D4:      0.000     0.414  0.6792522       0.000     0.025  0.9797289      -0.103   572.515  0.0000000    
S9-D6:     -0.000    -0.272  0.7856602       0.000     0.104  0.9170519      -0.078   270.345  0.0000000    
S9-D12:      0.000     0.840  0.4011762       0.000     1.519  0.1293900      -0.074  4665.911  0.0000000    
S9-D14:      0.000     0.074  0.9410933       0.000     0.070  0.9446048      -0.094  4180.358  0.0000000    
S10-D9:     -0.000    -0.135  0.8927502      -0.000    -0.218  0.8271414       0.165  1058.985  0.0000000    
S10-D10:     -0.000    -0.130  0.8962428       0.000     0.014  0.9888460       0.216   157.603  0.0000000    
S10-D11:     -0.000    -0.409  0.6830158       0.000     0.936  0.3494772       0.232   542.082  0.0000000    
S11-D4:      0.000     1.143  0.2536698       0.000     1.198  0.2313533       0.107  1821.551  0.0000000    
S11-D9:     -0.000    -0.268  0.7889174       0.000     0.591  0.5548978       0.125  3030.405  0.0000000    
S11-D11:      0.000     0.649  0.5168197       0.000     0.600  0.5489971       0.131  1062.200  0.0000000    
S11-D12:     -0.000    -0.668  0.5042051       0.000     0.224  0.8228177       0.073  4982.947  0.0000000    
S12-D10:      0.000     0.086  0.9316651      -0.000    -0.088  0.9295370       0.233   721.862  0.0000000    
S12-D11:     -0.000    -0.550  0.5825419       0.000     0.614  0.5397107       0.231  1521.833  0.0000000    
S12-D13:      0.000     0.296  0.7669623      -0.000    -0.216  0.8292158       0.205   829.025  0.0000000    
S13-D11:     -0.000    -0.591  0.5550625       0.000     0.087  0.9306313       0.118  1041.207  0.0000000    
S13-D12:      0.000     0.068  0.9457535      -0.000    -0.079  0.9368049      -0.039   551.990  0.0000000    
S13-D13:      0.000     0.128  0.8983778       0.000     0.014  0.9890960       0.005  1619.127  0.0000000    
S13-D15:      0.000     0.696  0.4864837       0.000     1.071  0.2847397      -0.161  3384.710  0.0000000    
S14-D12:      0.000     1.523  0.1282023       0.000     1.003  0.3160315      -0.133  4281.294  0.0000000    
S14-D14:     -0.000    -0.381  0.7030090      -0.000    -0.215  0.8298358      -0.025  8961.075  0.0000000    
S14-D15:     -0.000    -0.176  0.8603412       0.000     0.021  0.9829213      -0.127  2141.984  0.0000000    
S14-D16:     -0.000    -0.130  0.8965200      -0.000    -0.050  0.9604317       0.046  1285.432  0.0000000    
S15-D13:      0.000     0.582  0.5607319       0.000     0.986  0.3244499       0.091  2199.141  0.0000000    
S15-D15:     -0.000    -0.182  0.8555815       0.000     0.197  0.8438535      -0.121   242.588  0.0000000    
S16-D15:      0.000     0.370  0.7111984       0.000     0.405  0.6858267      -0.034   833.130  0.0000000    
S16-D16:     -0.000    -0.388  0.6978179       0.000     0.302  0.7627478       0.095   501.852  0.0000000    

Model fit per channel for DeOxy(beta, t, p values)
S1-D1:      0.000     0.161  0.8720532      -0.000    -0.207  0.8361259       0.022   746.042  0.0000000    
S1-D2:     -0.000    -0.881  0.3784809      -0.000    -0.445  0.6564825       0.175  2442.467  0.0000000    
S1-D3:      0.000     0.239  0.8115525       0.000     0.112  0.9111988      -0.048  1273.473  0.0000000    
S2-D2:      0.000     0.034  0.9725611      -0.000    -0.226  0.8208886       0.096  -1138.947  0.0000000    
S2-D4:     -0.000    -0.275  0.7837795       0.000     0.026  0.9790976       0.343  -584.631  0.0000000    
S2-D9:     -0.000    -0.395  0.6929129       0.000     0.050  0.9603755       0.214  -2036.185  0.0000000    
S3-D1:     -0.000    -0.639  0.5232442      -0.000    -0.237  0.8130752       0.074   254.918  0.0000000    
S3-D3:     -0.000    -0.299  0.7649362      -0.000    -0.093  0.9255607       0.132  2911.361  0.0000000    
S3-D5:     -0.000    -0.209  0.8341963       0.000     0.042  0.9667669      -0.473   -93.517  0.0000000    
S4-D2:      0.000     0.623  0.5335682       0.000     0.509  0.6105965       0.228  -4173.334  0.0000000    
S4-D3:     -0.000    -0.115  0.9085100       0.000     0.054  0.9571008       0.331  -1800.226  0.0000000    
S4-D4:      0.000     0.377  0.7063150      -0.000    -0.077  0.9384602      -0.059  -7164.556  0.0000000    
S4-D6:     -0.000    -0.148  0.8826002      -0.000    -0.332  0.7400779       0.170  -1235.097  0.0000000    
S5-D3:     -0.000    -1.212  0.2258879      -0.000    -0.749  0.4543284       0.018  -703.351  0.0000000    
S5-D5:      0.000     1.550  0.1217563       0.000     0.937  0.3493728      -0.088  -1566.253  0.0000000    
S5-D6:     -0.000    -0.027  0.9785927      -0.000    -0.006  0.9952442       0.159    20.544  0.0000000    
S5-D7:     -0.000    -0.765  0.4443942      -0.000    -0.990  0.3223347      -0.118     8.763  0.0000000    
S6-D5:      0.000     0.073  0.9417700      -0.000    -0.172  0.8633782      -0.428  -6491.899  0.0000000    
S6-D7:     -0.000    -0.003  0.9976842       0.000     0.291  0.7708463      -0.304  -108.723  0.0000000    
S7-D6:     -0.000    -1.226  0.2207261       0.000     0.249  0.8031373      -0.028  4520.900  0.0000000    
S7-D7:      0.000     0.491  0.6238248       0.000     0.278  0.7813240      -0.282  -921.243  0.0000000    
S7-D8:      0.000     0.474  0.6356223      -0.000    -0.006  0.9954731      -0.066  1048.424  0.0000000    
S7-D14:     -0.000    -0.105  0.9164651       0.000     0.047  0.9628387       0.298    95.544  0.0000000    
S8-D7:      0.000     0.002  0.9980074       0.000     0.374  0.7083754       0.109   229.508  0.0000000    
S8-D8:      0.000     0.434  0.6642644       0.000     0.450  0.6525759       0.136   591.750  0.0000000    
S9-D4:      0.000     0.010  0.9920373      -0.000    -0.009  0.9931512       0.209  -689.317  0.0000000    
S9-D6:      0.000     2.512  0.0122710       0.000     0.282  0.7778211       0.217  -2759.416  0.0000000    
S9-D12:     -0.000    -0.355  0.7224998      -0.000    -0.289  0.7724152       0.263  -2439.751  0.0000000    
S9-D14:     -0.000    -0.543  0.5871244       0.000     0.034  0.9730491       0.062  -430.898  0.0000000    
S10-D9:      0.000     1.516  0.1300442       0.000     0.784  0.4335627       0.346  5905.740  0.0000000    
S10-D10:     -0.000    -1.653  0.0988571       0.000     0.560  0.5759868       0.121  3149.756  0.0000000    
S10-D11:      0.000     0.345  0.7299435      -0.000    -0.057  0.9542652       0.134  2994.609  0.0000000    
S11-D4:      0.000     0.185  0.8534053      -0.000    -0.385  0.7000599       0.309  -3902.966  0.0000000    
S11-D9:     -0.000    -0.508  0.6117404      -0.000    -1.349  0.1779634       0.267  1461.192  0.0000000    
S11-D11:      0.000     0.460  0.6455138      -0.000    -0.156  0.8757584       0.461  -881.727  0.0000000    
S11-D12:     -0.000    -0.092  0.9268304      -0.000    -0.183  0.8545089       0.484    21.195  0.0000000    
S12-D10:      0.000     0.468  0.6402036       0.000     0.803  0.4225298       0.087  6714.330  0.0000000    
S12-D11:      0.000     0.248  0.8038568       0.000     0.023  0.9820373      -0.103   110.207  0.0000000    
S12-D13:      0.000     1.107  0.2686538       0.000     0.168  0.8662781      -0.059  2686.150  0.0000000    
S13-D11:      0.000     0.079  0.9371475       0.000     0.190  0.8494914       0.126  1041.707  0.0000000    
S13-D12:     -0.000    -0.246  0.8058035      -0.000    -0.100  0.9202911       0.126   101.302  0.0000000    
S13-D13:     -0.000    -0.237  0.8129958       0.000     0.201  0.8408023      -0.051   160.754  0.0000000    
S13-D15:     -0.000    -1.653  0.0989157      -0.000    -0.484  0.6287569       0.025  3410.023  0.0000000    
S14-D12:      0.000     0.377  0.7064736       0.000     0.450  0.6528886       0.063   481.207  0.0000000    
S14-D14:     -0.000    -0.279  0.7805049       0.000     0.361  0.7180280      -0.108  -521.732  0.0000000    
S14-D15:      0.000     0.430  0.6674380      -0.000    -0.180  0.8575672       0.095   222.302  0.0000000    
S14-D16:      0.000     0.731  0.4648764      -0.000    -0.385  0.7003937       0.146   593.461  0.0000000    
S15-D13:     -0.000    -0.079  0.9368037       0.000     0.125  0.9004070      -0.118   -32.767  0.0000000    
S15-D15:      0.000     0.794  0.4273389       0.000     0.692  0.4893050       0.049  1475.240  0.0000000    
S16-D15:      0.000     1.198  0.2313492       0.000     1.165  0.2446366      -0.041  2343.558  0.0000000    
S16-D16:      0.000     0.079  0.9373052       0.000     0.099  0.9212735       0.114    20.215  0.0000000    

Model fit per channel for Total(beta, t, p values)
S1-D1:     -0.000    -0.349  0.7270644      -0.000    -0.336  0.7368828       0.286  1310.397  0.0000000    
S1-D2:      0.000     0.181  0.8563938      -0.000    -0.213  0.8317607       0.229   434.926  0.0000000    
S1-D3:      0.000     0.701  0.4836683      -0.000    -0.085  0.9321076       0.232  1801.378  0.0000000    
S2-D2:      0.000     0.057  0.9543939      -0.000    -0.256  0.7983144       0.105   443.162  0.0000000    
S2-D4:     -0.000    -0.209  0.8347807      -0.000    -0.482  0.6302168       0.106   950.285  0.0000000    
S2-D9:      0.000     0.336  0.7370156      -0.000    -0.090  0.9284789       0.189  1254.461  0.0000000    
S3-D1:      0.000     0.623  0.5334814       0.000     0.158  0.8746410       0.374    14.045  0.0000000    
S3-D3:      0.000     0.202  0.8397806       0.000     0.099  0.9211063       0.226   468.925  0.0000000    
S3-D5:     -0.000    -0.385  0.7001291       0.000     0.064  0.9486466       0.249  3352.336  0.0000000    
S4-D2:     -0.000    -0.260  0.7949170      -0.000    -0.783  0.4336900       0.157   482.657  0.0000000    
S4-D3:      0.000     0.207  0.8361282      -0.000    -0.878  0.3804255       0.225  2454.300  0.0000000    
S4-D4:      0.000     0.143  0.8865247      -0.000    -0.088  0.9297181      -0.057    54.064  0.0000000    
S4-D6:      0.000     0.219  0.8269218       0.000     2.086  0.0374011       0.105  9240.462  0.0000000    
S5-D3:     -0.000    -0.168  0.8668936       0.000     0.219  0.8269329       0.200  1439.230  0.0000000    
S5-D5:     -0.000    -0.580  0.5619397      -0.000    -0.386  0.6996594       0.170  3028.716  0.0000000    
S5-D6:      0.000     0.388  0.6979764       0.000     0.036  0.9714461       0.050  5811.049  0.0000000    
S5-D7:      0.000     0.227  0.8206540       0.000     0.917  0.3596901       0.039  3417.423  0.0000000    
S6-D5:     -0.000    -0.148  0.8827578       0.000     0.561  0.5747602       0.146  4842.034  0.0000000    
S6-D7:     -0.000    -0.165  0.8689830       0.000     0.484  0.6282531       0.116  3150.054  0.0000000    
S7-D6:      0.000     0.133  0.8944766       0.000     0.006  0.9955040      -0.054  1301.024  0.0000000    
S7-D7:     -0.000    -0.111  0.9119345       0.000     0.312  0.7547792      -0.213  3215.416  0.0000000    
S7-D8:      0.000     0.209  0.8343791      -0.000    -1.062  0.2888799       0.054  1346.740  0.0000000    
S7-D14:      0.000     0.196  0.8448382       0.000     0.047  0.9624824       0.129  1054.687  0.0000000    
S8-D7:     -0.000    -0.520  0.6029087      -0.000    -0.122  0.9025532       0.080   768.267  0.0000000    
S8-D8:      0.000     0.441  0.6590809       0.000     0.518  0.6044505       0.186   989.648  0.0000000    
S9-D4:      0.000     0.036  0.9715081      -0.000    -0.038  0.9696439      -0.078   550.538  0.0000000    
S9-D6:      0.000     0.096  0.9238658      -0.000    -0.012  0.9907019      -0.049   341.619  0.0000000    
S9-D12:     -0.000    -0.112  0.9106540      -0.000    -0.296  0.7675109      -0.037  3234.635  0.0000000    
S9-D14:     -0.000    -1.065  0.2873400      -0.000    -0.353  0.7243295      -0.090  4974.744  0.0000000    
S10-D9:      0.000     0.266  0.7899790       0.000     0.017  0.9863940       0.197   542.989  0.0000000    
S10-D10:      0.000     1.211  0.2261739       0.000     0.490  0.6240128       0.221   774.399  0.0000000    
S10-D11:     -0.000    -0.242  0.8092118      -0.000    -0.053  0.9576683       0.255   137.076  0.0000000    
S11-D4:     -0.000    -0.045  0.9639294       0.000     0.114  0.9091311       0.147   834.953  0.0000000    
S11-D9:      0.000     1.285  0.1992510      -0.000    -0.596  0.5514453       0.146   656.362  0.0000000    
S11-D11:      0.000     0.134  0.8938385      -0.000    -0.093  0.9259778       0.185  1095.397  0.0000000    
S11-D12:     -0.000    -0.940  0.3475870      -0.000    -0.866  0.3866241       0.117  3200.113  0.0000000    
S12-D10:     -0.000    -0.127  0.8991452      -0.000    -0.005  0.9959594       0.239   273.642  0.0000000    
S12-D11:     -0.000    -0.102  0.9187168      -0.000    -0.487  0.6262498       0.226   571.036  0.0000000    
S12-D13:      0.000     0.009  0.9926448       0.000     1.918  0.0556348       0.204  1266.546  0.0000000    
S13-D11:      0.000     1.011  0.3125860       0.000     2.453  0.0144650       0.127  2286.183  0.0000000    
S13-D12:     -0.000    -0.230  0.8184408       0.000     0.154  0.8779187      -0.026   177.631  0.0000000    
S13-D13:      0.000     0.259  0.7955004       0.000     0.376  0.7067974      -0.002  1525.124  0.0000000    
S13-D15:     -0.000    -0.198  0.8429043       0.000     0.106  0.9158179      -0.156   702.424  0.0000000    
S14-D12:      0.000     0.036  0.9715313       0.000     0.067  0.9464044      -0.118  3181.558  0.0000000    
S14-D14:     -0.000    -0.324  0.7459550       0.000     1.214  0.2250838      -0.031  9882.775  0.0000000    
S14-D15:     -0.000    -0.549  0.5835404       0.000     0.443  0.6580778      -0.114  2049.728  0.0000000    
S14-D16:      0.000     0.094  0.9254449       0.000     0.674  0.5007654       0.057   837.873  0.0000000    
S15-D13:      0.000     0.396  0.6923209       0.000     0.502  0.6158049       0.085  1788.413  0.0000000    
S15-D15:     -0.000    -0.204  0.8381081       0.000     0.060  0.9523666      -0.114   212.489  0.0000000    
S16-D15:     -0.000    -0.402  0.6874611      -0.000    -0.299  0.7653223      -0.036   511.161  0.0000000    
S16-D16:      0.000     0.220  0.8262550       0.000     0.404  0.6861025       0.099  1420.503  0.0000000    


GLM CONTRAST RESULTS
Contrast 1: Supination > Rest 

Contrast results per channel for Oxy(t, p values)
S1-D1:      0.254  0.7998538    
S1-D2:      0.014  0.9889387    
S1-D3:      0.180  0.8570480    
S2-D2:      0.454  0.6497264    
S2-D4:     -0.385  0.7005322    
S2-D9:      0.305  0.7601975    
S3-D1:      0.276  0.7824599    
S3-D3:      0.422  0.6728784    
S3-D5:     -0.522  0.6017692    
S4-D2:      0.421  0.6737350    
S4-D3:     -0.146  0.8836415    
S4-D4:      0.058  0.9534197    
S4-D6:     -0.095  0.9240839    
S5-D3:      0.494  0.6216332    
S5-D5:      0.114  0.9094985    
S5-D6:      1.788  0.0742742    
S5-D7:      0.403  0.6872882    
S6-D5:      0.803  0.4220305    
S6-D7:      0.334  0.7385549    
S7-D6:      0.088  0.9299673    
S7-D7:     -0.041  0.9676693    
S7-D8:     -0.022  0.9824891    
S7-D14:      0.293  0.7693642    
S8-D7:      0.523  0.6013198    
S8-D8:     -0.043  0.9658985    
S9-D4:     -0.260  0.7951987    
S9-D6:      0.235  0.8144356    
S9-D12:      0.579  0.5631236    
S9-D14:      0.002  0.9987346    
S10-D9:     -0.074  0.9411002    
S10-D10:      0.094  0.9251157    
S10-D11:      0.997  0.3192301    
S11-D4:      0.155  0.8772024    
S11-D9:      0.689  0.4913930    
S11-D11:     -0.009  0.9925077    
S11-D12:      0.642  0.5208078    
S12-D10:     -0.121  0.9039897    
S12-D11:      0.772  0.4404519    
S12-D13:     -0.353  0.7242774    
S13-D11:      0.479  0.6322202    
S13-D12:     -0.093  0.9255870    
S13-D13:     -0.074  0.9413685    
S13-D15:      0.341  0.7335340    
S14-D12:     -0.285  0.7759374    
S14-D14:      0.097  0.9225346    
S14-D15:      0.136  0.8918666    
S14-D16:      0.054  0.9571601    
S15-D13:      0.317  0.7514167    
S15-D15:      0.246  0.8060968    
S16-D15:      0.049  0.9608846    
S16-D16:      0.432  0.6656621    
Contrast results per channel for DeOxy(t, p values)
S1-D1:     -0.270  0.7875674    
S1-D2:      0.273  0.7847755    
S1-D3:     -0.081  0.9356603    
S2-D2:     -0.181  0.8562833    
S2-D4:      0.212  0.8325582    
S2-D9:      0.317  0.7513158    
S3-D1:      0.266  0.7902708    
S3-D3:      0.139  0.8893349    
S3-D5:      0.170  0.8651412    
S4-D2:     -0.037  0.9703425    
S4-D3:      0.100  0.9204876    
S4-D4:     -0.334  0.7385120    
S4-D6:     -0.159  0.8738225    
S5-D3:      0.264  0.7921690    
S5-D5:     -0.377  0.7063166    
S5-D6:      0.013  0.9899592    
S5-D7:     -0.282  0.7779606    
S6-D5:     -0.180  0.8569531    
S6-D7:      0.222  0.8244057    
S7-D6:      1.084  0.2789147    
S7-D7:     -0.132  0.8952976    
S7-D8:     -0.340  0.7339338    
S7-D14:      0.100  0.9200466    
S8-D7:      0.256  0.7984131    
S8-D8:      0.038  0.9694740    
S9-D4:     -0.014  0.9890827    
S9-D6:     -1.608  0.1083017    
S9-D12:      0.015  0.9882112    
S9-D14:      0.375  0.7075763    
S10-D9:     -0.438  0.6618006    
S10-D10:      1.521  0.1287091    
S10-D11:     -0.281  0.7790068    
S11-D4:     -0.488  0.6260678    
S11-D9:     -0.714  0.4753988    
S11-D11:     -0.446  0.6554536    
S11-D12:     -0.085  0.9319373    
S12-D10:      0.282  0.7780622    
S12-D11:     -0.128  0.8985020    
S12-D13:     -0.635  0.5259822    
S13-D11:      0.082  0.9345878    
S13-D12:      0.092  0.9264093    
S13-D13:      0.284  0.7764232    
S13-D15:      0.794  0.4276638    
S14-D12:      0.076  0.9396775    
S14-D14:      0.443  0.6578921    
S14-D15:     -0.410  0.6819116    
S14-D16:     -0.694  0.4879531    
S15-D13:      0.152  0.8793794    
S15-D15:     -0.026  0.9791287    
S16-D15:      0.060  0.9520594    
S16-D16:      0.018  0.9856524    
Contrast results per channel for Total(t, p values)
S1-D1:     -0.007  0.9940651    
S1-D2:     -0.293  0.7699501    
S1-D3:     -0.519  0.6036252    
S2-D2:     -0.224  0.8226020    
S2-D4:     -0.240  0.8107909    
S2-D9:     -0.303  0.7618341    
S3-D1:     -0.320  0.7491285    
S3-D3:     -0.066  0.9477154    
S3-D5:      0.300  0.7644753    
S4-D2:     -0.442  0.6585518    
S4-D3:     -0.851  0.3951991    
S4-D4:     -0.156  0.8759978    
S4-D6:      1.545  0.1229767    
S5-D3:      0.284  0.7765261    
S5-D5:      0.105  0.9164365    
S5-D6:     -0.236  0.8132857    
S5-D7:      0.509  0.6111870    
S6-D5:      0.512  0.6086485    
S6-D7:      0.434  0.6646808    
S7-D6:     -0.089  0.9288699    
S7-D7:      0.329  0.7422047    
S7-D8:     -0.950  0.3425214    
S7-D14:     -0.100  0.9207394    
S8-D7:      0.268  0.7887816    
S8-D8:      0.087  0.9306643    
S9-D4:     -0.052  0.9583429    
S9-D6:     -0.076  0.9394137    
S9-D12:     -0.148  0.8825923    
S9-D14:      0.485  0.6278412    
S10-D9:     -0.177  0.8593241    
S10-D10:     -0.472  0.6372986    
S10-D11:      0.115  0.9085597    
S11-D4:      0.121  0.9033591    
S11-D9:     -1.494  0.1356212    
S11-D11:     -0.162  0.8713527    
S11-D12:     -0.027  0.9788379    
S12-D10:      0.075  0.9405538    
S12-D11:     -0.272  0.7856739    
S12-D13:      1.448  0.1480632    
S13-D11:      1.156  0.2481329    
S13-D12:      0.233  0.8158052    
S13-D13:      0.099  0.9214372    
S13-D15:      0.205  0.8377050    
S14-D12:      0.028  0.9780416    
S14-D14:      1.173  0.2414110    
S14-D15:      0.736  0.4620484    
S14-D16:      0.449  0.6537676    
S15-D13:      0.101  0.9194300    
S15-D15:      0.164  0.8701255    
S16-D15:      0.044  0.9652702    
S16-D16:      0.149  0.8814900    
Explained VarianceOxy(R squared)
S1-D1:      0.163  0.4043403    0.0000000    
S1-D2:      0.162  0.4027882    0.0000000    
S1-D3:      0.184  0.4287103    0.0000000    
S2-D2:      0.119  0.3455113    0.0000000    
S2-D4:      0.045  0.2132647    0.0000000    
S2-D9:      0.108  0.3291617    0.0000000    
S3-D1:      0.247  0.4967728    0.0000000    
S3-D3:      0.146  0.3816233    0.0000000    
S3-D5:      0.241  0.4908567    0.0000000    
S4-D2:      0.136  0.3684078    0.0000000    
S4-D3:      0.122  0.3499279    0.0000000    
S4-D4:      0.079  0.2816080    0.0000000    
S4-D6:      0.138  0.3717862    0.0000000    
S5-D3:      0.176  0.4201138    0.0000000    
S5-D5:      0.205  0.4523019    0.0000000    
S5-D6:      0.108  0.3284873    0.0000000    
S5-D7:      0.113  0.3356976    0.0000000    
S6-D5:      0.165  0.4061922    0.0000000    
S6-D7:      0.168  0.4099029    0.0000000    
S7-D6:      0.075  0.2741196    0.0000000    
S7-D7:      0.062  0.2497287    0.0000000    
S7-D8:      0.071  0.2658688    0.0000000    
S7-D14:      0.076  0.2754325    0.0000000    
S8-D7:      0.103  0.3211344    0.0000000    
S8-D8:      0.153  0.3910863    0.0000000    
S9-D4:      0.059  0.2431337    0.0000000    
S9-D6:      0.109  0.3302670    0.0000000    
S9-D12:      0.059  0.2424550    0.0000000    
S9-D14:      0.106  0.3251481    0.0000000    
S10-D9:      0.106  0.3250375    0.0000000    
S10-D10:      0.160  0.4000121    0.0000000    
S10-D11:      0.125  0.3534649    0.0000000    
S11-D4:      0.045  0.2110412    0.0000000    
S11-D9:      0.075  0.2746689    0.0000000    
S11-D11:      0.049  0.2206161    0.0000000    
S11-D12:      0.057  0.2383336    0.0000000    
S12-D10:      0.146  0.3817861    0.0000000    
S12-D11:      0.145  0.3812643    0.0000000    
S12-D13:      0.094  0.3059124    0.0000000    
S13-D11:      0.094  0.3063898    0.0000000    
S13-D12:      0.083  0.2885435    0.0000000    
S13-D13:      0.080  0.2835691    0.0000000    
S13-D15:      0.085  0.2918112    0.0000000    
S14-D12:      0.047  0.2172031    0.0000000    
S14-D14:      0.078  0.2795408    0.0000000    
S14-D15:      0.062  0.2488615    0.0000000    
S14-D16:      0.064  0.2527454    0.0000000    
S15-D13:      0.112  0.3343975    0.0000000    
S15-D15:      0.077  0.2767266    0.0000000    
S16-D15:      0.050  0.2232764    0.0000000    
S16-D16:      0.060  0.2449563    0.0000000    
Explained VarianceDeOxy(R squared)
S1-D1:      0.162  0.4021292    0.0000000    
S1-D2:      0.085  0.2917992    0.0000000    
S1-D3:      0.196  0.4422803    0.0000000    
S2-D2:      0.133  0.3644620    0.0000000    
S2-D4:      0.136  0.3691055    0.0000000    
S2-D9:      0.135  0.3676667    0.0000000    
S3-D1:      0.036  0.1886004    0.0000000    
S3-D3:      0.028  0.1659765    0.0000000    
S3-D5:      0.354  0.5949344    0.0000000    
S4-D2:      0.092  0.3026995    0.0000000    
S4-D3:      0.110  0.3316394    0.0000000    
S4-D4:      0.022  0.1491055    0.0000000    
S4-D6:      0.047  0.2175612    0.0000000    
S5-D3:      0.078  0.2789630    0.0000000    
S5-D5:      0.128  0.3571189    0.0000000    
S5-D6:      0.047  0.2167506    0.0000000    
S5-D7:      0.040  0.2006891    0.0000000    
S6-D5:      0.156  0.3945744    0.0000000    
S6-D7:      0.167  0.4092523    0.0000000    
S7-D6:      0.020  0.1398059    0.0000000    
S7-D7:      0.051  0.2260905    0.0000000    
S7-D8:      0.004  0.0667008    0.0000000    
S7-D14:      0.085  0.2916008    0.0000000    
S8-D7:      0.061  0.2472865    0.0000000    
S8-D8:      0.044  0.2087299    0.0000000    
S9-D4:      0.058  0.2414835    0.0000000    
S9-D6:      0.053  0.2310559    0.0000000    
S9-D12:      0.129  0.3591882    0.0000000    
S9-D14:      0.212  0.4607775    0.0000000    
S10-D9:      0.082  0.2855186    0.0000000    
S10-D10:      0.171  0.4136281    0.0000000    
S10-D11:      0.128  0.3584110    0.0000000    
S11-D4:      0.064  0.2521888    0.0000000    
S11-D9:      0.046  0.2133319    0.0000000    
S11-D11:      0.207  0.4545238    0.0000000    
S11-D12:      0.240  0.4903611    0.0000000    
S12-D10:      0.021  0.1440444    0.0000000    
S12-D11:      0.160  0.4003616    0.0000000    
S12-D13:      0.012  0.1090597    0.0000000    
S13-D11:      0.030  0.1730889    0.0000000    
S13-D12:      0.059  0.2421737    0.0000000    
S13-D13:      0.002  0.0453634    0.0000000    
S13-D15:      0.001  0.0316144    0.0000000    
S14-D12:      0.093  0.3046599    0.0000000    
S14-D14:      0.020  0.1424534    0.0000000    
S14-D15:      0.013  0.1159623    0.0000000    
S14-D16:      0.024  0.1555725    0.0000000    
S15-D13:      0.086  0.2938536    0.0000000    
S15-D15:      0.010  0.1020941    0.0000000    
S16-D15:      0.004  0.0669308    0.0000000    
S16-D16:      0.033  0.1823041    0.0000000    
Explained VarianceTotal(R squared)
S1-D1:      0.127  0.3560437    0.0000000    
S1-D2:      0.130  0.3603737    0.0000000    
S1-D3:      0.145  0.3809090    0.0000000    
S2-D2:      0.106  0.3262027    0.0000000    
S2-D4:      0.052  0.2283944    0.0000000    
S2-D9:      0.107  0.3270857    0.0000000    
S3-D1:      0.227  0.4762324    0.0000000    
S3-D3:      0.128  0.3576978    0.0000000    
S3-D5:      0.193  0.4392577    0.0000000    
S4-D2:      0.109  0.3299569    0.0000000    
S4-D3:      0.128  0.3571957    0.0000000    
S4-D4:      0.084  0.2900281    0.0000000    
S4-D6:      0.136  0.3687902    0.0000000    
S5-D3:      0.177  0.4206772    0.0000000    
S5-D5:      0.201  0.4477729    0.0000000    
S5-D6:      0.116  0.3403546    0.0000000    
S5-D7:      0.126  0.3543640    0.0000000    
S6-D5:      0.170  0.4122487    0.0000000    
S6-D7:      0.159  0.3987265    0.0000000    
S7-D6:      0.079  0.2807098    0.0000000    
S7-D7:      0.061  0.2466374    0.0000000    
S7-D8:      0.065  0.2558137    0.0000000    
S7-D14:      0.075  0.2745759    0.0000000    
S8-D7:      0.106  0.3254295    0.0000000    
S8-D8:      0.161  0.4007013    0.0000000    
S9-D4:      0.056  0.2360187    0.0000000    
S9-D6:      0.102  0.3187558    0.0000000    
S9-D12:      0.046  0.2153449    0.0000000    
S9-D14:      0.082  0.2865902    0.0000000    
S10-D9:      0.098  0.3122590    0.0000000    
S10-D10:      0.127  0.3558840    0.0000000    
S10-D11:      0.108  0.3291252    0.0000000    
S11-D4:      0.048  0.2184713    0.0000000    
S11-D9:      0.072  0.2680074    0.0000000    
S11-D11:      0.068  0.2602622    0.0000000    
S11-D12:      0.069  0.2632416    0.0000000    
S12-D10:      0.138  0.3718042    0.0000000    
S12-D11:      0.122  0.3497392    0.0000000    
S12-D13:      0.095  0.3078448    0.0000000    
S13-D11:      0.085  0.2919664    0.0000000    
S13-D12:      0.075  0.2745488    0.0000000    
S13-D13:      0.080  0.2821792    0.0000000    
S13-D15:      0.083  0.2881554    0.0000000    
S14-D12:      0.053  0.2294960    0.0000000    
S14-D14:      0.070  0.2638579    0.0000000    
S14-D15:      0.062  0.2497879    0.0000000    
S14-D16:      0.062  0.2493584    0.0000000    
S15-D13:      0.109  0.3295313    0.0000000    
S15-D15:      0.076  0.2759597    0.0000000    
S16-D15:      0.048  0.2199429    0.0000000    
S16-D16:      0.055  0.2346060    0.0000000    
