GLM RESULTS

Model fit per channel for Oxy(beta, t, p values)
S1-D1:      0.000     0.129  0.8972602       0.000     0.201  0.8404101       0.376     1.534  0.1256168    
S1-D2:      0.000     0.112  0.9108182       0.000     0.297  0.7662917       0.164     0.381  0.7034956    
S1-D3:     -0.000    -0.045  0.9640990       0.000     0.119  0.9053846       0.162    -3.602  0.0003417    
S2-D2:      0.000     0.087  0.9303091       0.000     0.304  0.7608548      -0.014    -4.266  0.0000231    
S2-D4:      0.000     0.027  0.9786817       0.000     0.172  0.8633550       0.366     1.129  0.2594916    
S2-D9:      0.000     0.115  0.9088396       0.000     0.282  0.7782046       0.261    -3.029  0.0025543    
S3-D1:      0.000     0.208  0.8350241       0.000     0.053  0.9579238       0.497     3.055  0.0023519    
S3-D3:      0.000     0.256  0.7980814       0.000     0.272  0.7859103       0.275     2.458  0.0142436    
S3-D5:      0.001     0.486  0.6271156       0.000     0.074  0.9410737       0.392     0.866  0.3867728    
S4-D2:      0.000     0.401  0.6884546       0.000     0.346  0.7296475       0.139    -2.394  0.0169534    
S4-D3:      0.001     0.484  0.6285417       0.000     0.247  0.8050284       0.280     1.116  0.2648676    
S4-D4:      0.000     0.030  0.9757351      -0.000    -0.061  0.9516678      -0.166     6.520  0.0000000    
S4-D6:      0.000     0.354  0.7233555       0.000     0.358  0.7201513       0.308    -3.759  0.0001873    
S5-D3:      0.001     0.441  0.6591446       0.000     0.027  0.9786041       0.319     2.136  0.0330474    
S5-D5:      0.001     0.521  0.6028366      -0.000    -0.002  0.9981510       0.183     0.769  0.4421957    
S5-D6:      0.001     0.445  0.6564628       0.000     0.059  0.9531867       0.109    -2.046  0.0411910    
S5-D7:      0.001     0.509  0.6106392       0.000     0.062  0.9506840      -0.028    -1.951  0.0514864    
S6-D5:     -0.000    -0.016  0.9874961      -0.000    -0.357  0.7211493       0.169     2.933  0.0034779    
S6-D7:     -0.000    -0.045  0.9642002      -0.000    -0.342  0.7324759       0.116     4.272  0.0000224    
S7-D6:      0.000     0.467  0.6408068       0.000     0.099  0.9209110       0.053     2.002  0.0457394    
S7-D7:      0.001     0.673  0.5012288       0.000     0.119  0.9052976      -0.443     0.741  0.4591911    
S7-D8:     -0.000    -0.132  0.8953301      -0.000    -0.462  0.6440606       0.126    -3.439  0.0006234    
S7-D14:      0.001     0.448  0.6540820      -0.000    -0.163  0.8707813       0.579     1.618  0.1062127    
S8-D7:      0.000     0.376  0.7072571      -0.000    -0.282  0.7784038       0.215     0.986  0.3244926    
S8-D8:      0.000     0.274  0.7844892      -0.000    -0.297  0.7663828       0.321     1.604  0.1091904    
S9-D4:      0.000     0.302  0.7623870      -0.000    -0.166  0.8681671      -0.314     1.968  0.0495634    
S9-D6:     -0.000    -0.108  0.9141623      -0.000    -0.288  0.7732252      -0.209     5.733  0.0000000    
S9-D12:     -0.000    -0.271  0.7866085      -0.000    -0.419  0.6756908      -0.277     4.783  0.0000022    
S9-D14:      0.001     0.292  0.7704310      -0.001    -0.333  0.7393583      -0.161     0.965  0.3348732    
S10-D9:      0.000     0.378  0.7053251      -0.000    -0.289  0.7724114       0.012    -1.964  0.0499581    
S10-D10:      0.000     0.060  0.9523460      -0.000    -0.372  0.7101018      -0.124     2.428  0.0154663    
S10-D11:      0.000     0.047  0.9622702      -0.000    -0.134  0.8931564       0.020     4.455  0.0000100    
S11-D4:     -0.000    -0.175  0.8609742      -0.000    -0.038  0.9695930       0.337    -9.602  0.0000000    
S11-D9:      0.000     0.413  0.6796777      -0.000    -0.381  0.7030295       0.184    -3.756  0.0001890    
S11-D11:      0.000     0.248  0.8041142      -0.000    -0.228  0.8197571       0.048    -0.747  0.4555113    
S11-D12:      0.000     0.377  0.7059573      -0.000    -0.130  0.8962933       0.173    -2.145  0.0323523    
S12-D10:     -0.000    -0.032  0.9745655      -0.001    -0.575  0.5655640      -0.076    -1.721  0.0856746    
S12-D11:      0.000     0.090  0.9284595      -0.000    -0.239  0.8108207      -0.066    -5.717  0.0000000    
S12-D13:      0.000     0.037  0.9702162      -0.000    -0.304  0.7616022      -0.105     0.475  0.6350831    
S13-D11:      0.000     0.467  0.6405374      -0.000    -0.051  0.9591771       0.008    -3.724  0.0002145    
S13-D12:      0.000     0.172  0.8635783      -0.001    -0.343  0.7319976      -0.232    -2.200  0.0282126    
S13-D13:      0.000     0.124  0.9015669      -0.001    -0.384  0.7010591      -0.400    -1.833  0.0673537    
S13-D15:      0.000     0.029  0.9769039      -0.002    -0.440  0.6598720      -0.593    -1.956  0.0509768    
S14-D12:      0.000     0.073  0.9414825      -0.001    -0.439  0.6604918      -0.206    -2.587  0.0099145    
S14-D14:      0.000     0.073  0.9417665      -0.001    -0.463  0.6433719       0.217     0.540  0.5897080    
S14-D15:      0.000     0.005  0.9959522      -0.000    -0.428  0.6691421      -0.221    -2.984  0.0029592    
S14-D16:      0.000     0.096  0.9233592      -0.001    -0.472  0.6372869       0.372    -2.453  0.0144354    
S15-D13:      0.000     0.033  0.9738668      -0.000    -0.306  0.7596187      -0.068    -4.441  0.0000106    
S15-D15:     -0.000    -0.014  0.9890643      -0.000    -0.224  0.8224524      -0.517    -3.313  0.0009769    
S16-D15:      0.000     0.120  0.9042212      -0.000    -0.174  0.8620489       0.124    -5.511  0.0000001    
S16-D16:      0.000     0.167  0.8676970      -0.000    -0.199  0.8424493       0.443     4.557  0.0000063    

Model fit per channel for DeOxy(beta, t, p values)
S1-D1:      0.000     0.493  0.6225134       0.000     0.462  0.6443307       1.362   146.883  0.0000000    
S1-D2:      0.000     0.333  0.7388726       0.000     0.187  0.8520102       1.425     6.438  0.0000000    
S1-D3:      0.000     0.321  0.7486740       0.001     0.816  0.4150184       0.913     2.802  0.0052426    
S2-D2:     -0.000    -0.214  0.8305458      -0.001    -0.353  0.7244812       0.934     8.060  0.0000000    
S2-D4:     -0.000    -0.306  0.7594632      -0.000    -0.555  0.5794311       1.646    62.653  0.0000000    
S2-D9:     -0.001    -0.419  0.6751699      -0.001    -0.384  0.7009949       1.409     6.456  0.0000000    
S3-D1:      0.000     0.154  0.8777199      -0.000    -0.213  0.8315262       1.658  -175.976  0.0000000    
S3-D3:     -0.000    -0.104  0.9174744       0.000     0.212  0.8322413       1.289    -8.801  0.0000000    
S3-D5:      0.005     0.825  0.4095148       0.001     0.182  0.8553833      -0.887     1.464  0.1437229    
S4-D2:      0.001     0.224  0.8230520      -0.001    -0.324  0.7461611       1.184     4.181  0.0000332    
S4-D3:      0.000     0.151  0.8803224      -0.001    -0.189  0.8502262       1.288     4.137  0.0000402    
S4-D4:     -0.001    -0.296  0.7671475      -0.001    -0.258  0.7967632       0.230    -1.299  0.1942733    
S4-D6:     -0.000    -0.238  0.8121841      -0.000    -0.327  0.7440521       0.882     3.569  0.0003860    
S5-D3:     -0.000    -0.058  0.9536367       0.000     0.319  0.7498428       0.372    -2.421  0.0157751    
S5-D5:     -0.000    -0.117  0.9071457       0.000     0.080  0.9365001       0.888    -4.208  0.0000296    
S5-D6:      0.000     0.188  0.8509812      -0.000    -0.476  0.6339697       1.009    -7.998  0.0000000    
S5-D7:      0.001     0.587  0.5573658      -0.000    -0.089  0.9292963       0.105    -1.014  0.3107855    
S6-D5:      0.003     0.801  0.4234744       0.001     0.375  0.7080158      -0.447    -1.231  0.2186884    
S6-D7:     -0.000    -0.231  0.8176489      -0.001    -0.374  0.7086683       0.256    -1.125  0.2611914    
S7-D6:      0.002     0.866  0.3869785       0.001     0.450  0.6531883       0.411    -1.754  0.0799115    
S7-D7:      0.000     0.084  0.9329582       0.000     0.501  0.6167191      -0.079     1.407  0.1600775    
S7-D8:      0.000     0.072  0.9424187       0.000     0.050  0.9598483       0.537     4.514  0.0000076    
S7-D14:      0.000     0.293  0.7699725       0.001     0.464  0.6429129       1.333   -10.359  0.0000000    
S8-D7:      0.000     0.023  0.9820205       0.000     0.100  0.9204004       0.958    -5.460  0.0000001    
S8-D8:      0.002     0.640  0.5221677       0.001     0.227  0.8208881       0.698     1.217  0.2240340    
S9-D4:      0.000     0.077  0.9384084       0.000     0.493  0.6221103       0.925    49.724  0.0000000    
S9-D6:      0.001     0.402  0.6881773      -0.000    -0.186  0.8528668       1.371     2.906  0.0037909    
S9-D12:      0.000     0.097  0.9230077       0.000     0.059  0.9528082       1.437    81.065  0.0000000    
S9-D14:      0.000     0.191  0.8484420       0.000     0.149  0.8818328       0.813   177.853  0.0000000    
S10-D9:      0.001     0.095  0.9245044      -0.000    -0.071  0.9433583       1.376     1.853  0.0644077    
S10-D10:     -0.000    -0.217  0.8283892      -0.001    -0.547  0.5843689       0.995    -7.994  0.0000000    
S10-D11:     -0.000    -0.348  0.7279061       0.000     0.046  0.9636018       1.195    34.835  0.0000000    
S11-D4:     -0.003    -0.481  0.6308935       0.000     0.009  0.9931536       1.094     2.135  0.0331972    
S11-D9:     -0.002    -0.469  0.6390454       0.001     0.205  0.8379483       1.158     1.114  0.2656027    
S11-D11:      0.003     0.651  0.5150061       0.002     0.337  0.7364213       1.160    -3.238  0.0012696    
S11-D12:      0.001     0.478  0.6325750       0.001     0.258  0.7967551       1.306     3.476  0.0005446    
S12-D10:      0.000     0.266  0.7904036      -0.000    -0.193  0.8468772       1.300    -6.700  0.0000000    
S12-D11:     -0.000    -0.011  0.9912699       0.000     0.289  0.7726911       0.896    16.123  0.0000000    
S12-D13:      0.001     0.092  0.9266719      -0.003    -0.382  0.7026710       1.146    -1.873  0.0615452    
S13-D11:     -0.000    -0.212  0.8320984      -0.000    -0.472  0.6369769       0.804    85.829  0.0000000    
S13-D12:      0.000     0.366  0.7146590       0.000     0.223  0.8234118       1.075   -43.452  0.0000000    
S13-D13:      0.001     0.164  0.8694626      -0.001    -0.255  0.7986148       1.061     2.903  0.0038268    
S13-D15:      0.002     0.351  0.7257946      -0.002    -0.255  0.7991562       0.586     0.604  0.5459558    
S14-D12:     -0.001    -0.199  0.8423052      -0.002    -0.421  0.6739057       0.709     0.971  0.3321006    
S14-D14:     -0.000    -0.913  0.3616500      -0.000    -0.516  0.6062234       0.331     3.652  0.0002830    
S14-D15:     -0.000    -0.142  0.8869965      -0.001    -0.390  0.6966786       0.880    -2.851  0.0045086    
S14-D16:      0.001     0.289  0.7730595       0.001     0.243  0.8082078       1.074     2.922  0.0036125    
S15-D13:     -0.001    -0.187  0.8521102      -0.000    -0.074  0.9414042       0.925     2.333  0.0199547    
S15-D15:      0.000     0.522  0.6018369       0.000     0.463  0.6433024       1.222     3.914  0.0001009    
S16-D15:     -0.001    -0.389  0.6971923      -0.000    -0.069  0.9449397       0.883     5.262  0.0000002    
S16-D16:     -0.000    -0.233  0.8159227       0.000     0.108  0.9137948       1.289   -99.988  0.0000000    

Model fit per channel for Total(beta, t, p values)
S1-D1:      0.001     0.204  0.8384226       0.001     0.214  0.8308102       0.535     0.118  0.9062014    
S1-D2:      0.000     0.122  0.9028390       0.000     0.359  0.7199636       0.329     1.896  0.0584832    
S1-D3:      0.000     0.126  0.8998364       0.001     0.404  0.6862157       0.259    -1.625  0.1046350    
S2-D2:      0.000     0.283  0.7774831       0.000     0.447  0.6550164       0.121    -8.081  0.0000000    
S2-D4:      0.001     0.169  0.8654610       0.001     0.126  0.9001083       0.603    -2.177  0.0298306    
S2-D9:      0.000     0.118  0.9061296       0.000     0.243  0.8083168       0.495     0.565  0.5724301    
S3-D1:      0.002     0.517  0.6056072       0.001     0.330  0.7415609       0.801    -7.502  0.0000000    
S3-D3:      0.001     0.382  0.7022676       0.001     0.507  0.6123786       0.446    -2.504  0.0125407    
S3-D5:      0.001     0.527  0.5984696       0.000     0.092  0.9266253       0.279    -1.430  0.1533429    
S4-D2:      0.000     0.418  0.6761734       0.000     0.191  0.8486327       0.281    -2.821  0.0049487    
S4-D3:      0.001     0.483  0.6291554       0.000     0.188  0.8507059       0.409     1.621  0.1055595    
S4-D4:      0.000     0.083  0.9341253      -0.000    -0.029  0.9768566      -0.128     1.104  0.2699653    
S4-D6:      0.000     0.353  0.7243259       0.000     0.359  0.7195861       0.409    -3.301  0.0010206    
S5-D3:      0.001     0.451  0.6524193       0.000     0.045  0.9639571       0.369     2.157  0.0314020    
S5-D5:      0.001     0.511  0.6096274       0.000     0.004  0.9970736       0.271     0.614  0.5394451    
S5-D6:      0.001     0.443  0.6576624       0.000     0.034  0.9726531       0.199    -2.424  0.0156380    
S5-D7:      0.001     0.521  0.6023271       0.000     0.054  0.9572911      -0.020    -2.057  0.0401376    
S6-D5:      0.000     0.030  0.9764730      -0.000    -0.364  0.7161860       0.126     1.458  0.1454452    
S6-D7:     -0.000    -0.069  0.9452188      -0.000    -0.374  0.7081685       0.142     4.129  0.0000415    
S7-D6:      0.001     0.715  0.4746781       0.000     0.079  0.9367297       0.097    -2.131  0.0335128    
S7-D7:      0.001     0.721  0.4711535       0.000     0.186  0.8523326      -0.417     2.690  0.0073362    
S7-D8:      0.000     0.343  0.7320784      -0.000    -0.204  0.8383003       0.184    -2.057  0.0401598    
S7-D14:     -0.000    -0.051  0.9592743      -0.000    -0.411  0.6809060       0.680    -8.409  0.0000000    
S8-D7:      0.000     0.342  0.7324233      -0.000    -0.259  0.7953442       0.297     0.456  0.6485573    
S8-D8:      0.001     0.315  0.7530709      -0.000    -0.235  0.8140317       0.381     1.065  0.2872774    
S9-D4:     -0.000    -0.360  0.7186794      -0.000    -0.409  0.6826977      -0.203    -7.893  0.0000000    
S9-D6:     -0.000    -0.251  0.8018447      -0.000    -0.344  0.7310958      -0.036     4.893  0.0000013    
S9-D12:      0.000     0.295  0.7677657      -0.000    -0.274  0.7839257      -0.077     0.580  0.5618137    
S9-D14:     -0.000    -0.517  0.6050061      -0.000    -0.651  0.5155637      -0.086    -2.855  0.0044460    
S10-D9:      0.000     0.320  0.7493652      -0.000    -0.261  0.7945264       0.189    -1.966  0.0497245    
S10-D10:      0.000     0.167  0.8677531      -0.000    -0.433  0.6648128       0.000     0.923  0.3566130    
S10-D11:      0.000     0.356  0.7222799      -0.000    -0.245  0.8062101       0.200     0.665  0.5065981    
S11-D4:      0.001     0.247  0.8052172      -0.001    -0.129  0.8974852       0.479    -3.203  0.0014286    
S11-D9:     -0.000    -0.293  0.7696052      -0.000    -0.021  0.9835018       0.294    -5.907  0.0000000    
S11-D11:      0.001     0.359  0.7199633      -0.000    -0.184  0.8536990       0.206    -1.630  0.1035188    
S11-D12:     -0.000    -0.175  0.8612876      -0.000    -0.034  0.9727751       0.293    -9.483  0.0000000    
S12-D10:     -0.000    -0.129  0.8975219      -0.000    -0.391  0.6962061       0.067    -5.848  0.0000000    
S12-D11:      0.000     0.069  0.9450373      -0.000    -0.244  0.8075335       0.050    -5.493  0.0000001    
S12-D13:      0.000     0.039  0.9690530      -0.000    -0.296  0.7673279       0.074     0.755  0.4502544    
S13-D11:      0.000     0.461  0.6446790      -0.000    -0.067  0.9467230       0.106    -3.939  0.0000911    
S13-D12:      0.000     0.202  0.8402745      -0.001    -0.357  0.7213895      -0.122    -2.249  0.0248750    
S13-D13:      0.000     0.143  0.8861242      -0.001    -0.381  0.7035396      -0.266    -1.722  0.0855726    
S13-D15:      0.000     0.054  0.9573198      -0.001    -0.401  0.6887418      -0.526    -1.596  0.1109425    
S14-D12:     -0.000    -0.037  0.9708249      -0.000    -0.353  0.7240367      -0.116     6.744  0.0000000    
S14-D14:      0.000     0.062  0.9502104      -0.001    -0.476  0.6344987       0.233     0.512  0.6088638    
S14-D15:      0.000     0.039  0.9690123      -0.000    -0.433  0.6654446      -0.125    -2.589  0.0098649    
S14-D16:      0.000     0.058  0.9541413      -0.001    -0.487  0.6262135       0.446    -3.734  0.0002062    
S15-D13:      0.000     0.036  0.9714862      -0.000    -0.278  0.7812386       0.008    -4.489  0.0000086    
S15-D15:     -0.000    -0.016  0.9876132      -0.000    -0.213  0.8312029      -0.398    -2.804  0.0052158    
S16-D15:     -0.000    -0.149  0.8813551      -0.000    -0.320  0.7492918       0.200    -2.311  0.0211898    
S16-D16:      0.000     0.131  0.8956288      -0.000    -0.257  0.7969713       0.522     4.851  0.0000016    


GLM CONTRAST RESULTS
Contrast 1: Supination > Baseline
Contrast 2: Rest + Supination > Baseline
Contrast 3: Supination > Rest 
Contrast 4: Rest > Supination 

Contrast results per channel for Oxy(t, p values)
S1-D1:      0.201  0.8404101       0.218  0.8275756       0.069  0.9449378      -0.069  0.9449378    
S1-D2:      0.297  0.7662917       0.274  0.7837993       0.159  0.8740587      -0.159  0.8740587    
S1-D3:      0.119  0.9053846       0.053  0.9577676       0.132  0.8946701      -0.132  0.8946701    
S2-D2:      0.304  0.7608548       0.257  0.7973469       0.191  0.8487470      -0.191  0.8487470    
S2-D4:      0.172  0.8633550       0.135  0.8923850       0.119  0.9049384      -0.119  0.9049384    
S2-D9:      0.282  0.7782046       0.262  0.7934792       0.147  0.8831570      -0.147  0.8831570    
S3-D1:      0.053  0.9579238       0.162  0.8713956      -0.113  0.9096717       0.113  0.9096717    
S3-D3:      0.272  0.7859103       0.342  0.7322734       0.033  0.9734273      -0.033  0.9734273    
S3-D5:      0.074  0.9410737       0.354  0.7233783      -0.296  0.7676622       0.296  0.7676622    
S4-D2:      0.346  0.7296475       0.468  0.6402659      -0.013  0.9897499       0.013  0.9897499    
S4-D3:      0.247  0.8050284       0.473  0.6365324      -0.154  0.8775240       0.154  0.8775240    
S4-D4:     -0.061  0.9516678      -0.022  0.9822656      -0.075  0.9405208       0.075  0.9405208    
S4-D6:      0.358  0.7201513       0.449  0.6535749       0.034  0.9725559      -0.034  0.9725559    
S5-D3:      0.027  0.9786041       0.294  0.7690193      -0.301  0.7635977       0.301  0.7635977    
S5-D5:     -0.002  0.9981510       0.323  0.7467406      -0.382  0.7022443       0.382  0.7022443    
S5-D6:      0.059  0.9531867       0.318  0.7506619      -0.278  0.7810914       0.278  0.7810914    
S5-D7:      0.062  0.9506840       0.360  0.7187865      -0.323  0.7471454       0.323  0.7471454    
S6-D5:     -0.357  0.7211493      -0.245  0.8063941      -0.298  0.7654923       0.298  0.7654923    
S6-D7:     -0.342  0.7324759      -0.255  0.7989688      -0.258  0.7965684       0.258  0.7965684    
S7-D6:      0.099  0.9209110       0.352  0.7246625      -0.268  0.7888547       0.268  0.7888547    
S7-D7:      0.119  0.9052976       0.503  0.6152783      -0.395  0.6928928       0.395  0.6928928    
S7-D8:     -0.462  0.6440606      -0.385  0.7001965      -0.296  0.7670383       0.296  0.7670383    
S7-D14:     -0.163  0.8707813       0.168  0.8668219      -0.458  0.6468934       0.458  0.6468934    
S8-D7:     -0.282  0.7784038       0.040  0.9679358      -0.503  0.6148998       0.503  0.6148998    
S8-D8:     -0.297  0.7663828      -0.034  0.9727309      -0.439  0.6605412       0.439  0.6605412    
S9-D4:     -0.166  0.8681671       0.074  0.9408285      -0.355  0.7226094       0.355  0.7226094    
S9-D6:     -0.288  0.7732252      -0.258  0.7966049      -0.162  0.8712141       0.162  0.8712141    
S9-D12:     -0.419  0.6756908      -0.442  0.6583880      -0.149  0.8818178       0.149  0.8818178    
S9-D14:     -0.333  0.7393583      -0.047  0.9623306      -0.484  0.6284318       0.484  0.6284318    
S10-D9:     -0.289  0.7724114       0.037  0.9707898      -0.510  0.6102256       0.510  0.6102256    
S10-D10:     -0.372  0.7101018      -0.214  0.8304607      -0.357  0.7214484       0.357  0.7214484    
S10-D11:     -0.134  0.8931564      -0.061  0.9510511      -0.150  0.8808270       0.150  0.8808270    
S11-D4:     -0.038  0.9695930      -0.129  0.8970414       0.103  0.9177489      -0.103  0.9177489    
S11-D9:     -0.381  0.7030295      -0.005  0.9958882      -0.615  0.5389217       0.615  0.5389217    
S11-D11:     -0.228  0.8197571      -0.002  0.9981196      -0.367  0.7134611       0.367  0.7134611    
S11-D12:     -0.130  0.8962933       0.145  0.8848920      -0.384  0.7012174       0.384  0.7012174    
S12-D10:     -0.575  0.5655640      -0.415  0.6779571      -0.442  0.6585843       0.442  0.6585843    
S12-D11:     -0.239  0.8108207      -0.105  0.9160343      -0.275  0.7833790       0.275  0.7833790    
S12-D13:     -0.304  0.7616022      -0.183  0.8549635      -0.280  0.7798656       0.280  0.7798656    
S13-D11:     -0.051  0.9591771       0.251  0.8021634      -0.394  0.6938942       0.394  0.6938942    
S13-D12:     -0.343  0.7319976      -0.129  0.8975753      -0.403  0.6869165       0.403  0.6869165    
S13-D13:     -0.384  0.7010591      -0.187  0.8514808      -0.401  0.6882131       0.401  0.6882131    
S13-D15:     -0.440  0.6598720      -0.286  0.7748501      -0.375  0.7078590       0.375  0.7078590    
S14-D12:     -0.439  0.6604918      -0.257  0.7976003      -0.410  0.6821031       0.410  0.6821031    
S14-D14:     -0.463  0.6433719      -0.273  0.7851151      -0.430  0.6675986       0.430  0.6675986    
S14-D15:     -0.428  0.6691421      -0.278  0.7813911      -0.381  0.7032756       0.381  0.7032756    
S14-D16:     -0.472  0.6372869      -0.265  0.7912458      -0.452  0.6513343       0.452  0.6513343    
S15-D13:     -0.306  0.7596187      -0.183  0.8551852      -0.293  0.7698986       0.293  0.7698986    
S15-D15:     -0.224  0.8224524      -0.163  0.8705933      -0.172  0.8636949       0.172  0.8636949    
S16-D15:     -0.174  0.8620489      -0.044  0.9652962      -0.244  0.8076803       0.244  0.8076803    
S16-D16:     -0.199  0.8424493      -0.033  0.9739354      -0.291  0.7712129       0.291  0.7712129    
Contrast results per channel for DeOxy(t, p values)
S1-D1:      0.462  0.6443307       0.598  0.5501820       0.017  0.9863930      -0.017  0.9863930    
S1-D2:      0.187  0.8520102       0.336  0.7373149      -0.093  0.9256773       0.093  0.9256773    
S1-D3:      0.816  0.4150184       0.745  0.4563717       0.440  0.6599958      -0.440  0.6599958    
S2-D2:     -0.353  0.7244812      -0.378  0.7054659      -0.127  0.8988322       0.127  0.8988322    
S2-D4:     -0.555  0.5794311      -0.556  0.5784886      -0.236  0.8135252       0.236  0.8135252    
S2-D9:     -0.384  0.7009949      -0.530  0.5962645      -0.003  0.9978972       0.003  0.9978972    
S3-D1:     -0.213  0.8315262      -0.049  0.9607279      -0.309  0.7577349       0.309  0.7577349    
S3-D3:      0.212  0.8322413       0.080  0.9363241       0.255  0.7987596      -0.255  0.7987596    
S3-D5:      0.182  0.8553833       0.650  0.5161310      -0.451  0.6522029       0.451  0.6522029    
S4-D2:     -0.324  0.7461611      -0.084  0.9332413      -0.424  0.6715033       0.424  0.6715033    
S4-D3:     -0.189  0.8502262      -0.036  0.9710423      -0.263  0.7929251       0.263  0.7929251    
S4-D4:     -0.258  0.7967632      -0.362  0.7175880       0.009  0.9931841      -0.009  0.9931841    
S4-D6:     -0.327  0.7440521      -0.371  0.7107954      -0.091  0.9274899       0.091  0.9274899    
S5-D3:      0.319  0.7498428       0.184  0.8541549       0.299  0.7648770      -0.299  0.7648770    
S5-D5:      0.080  0.9365001      -0.018  0.9857204       0.149  0.8814059      -0.149  0.8814059    
S5-D6:     -0.476  0.6339697      -0.210  0.8339970      -0.528  0.5977596       0.528  0.5977596    
S5-D7:     -0.089  0.9292963       0.305  0.7606774      -0.501  0.6162743       0.501  0.6162743    
S6-D5:      0.375  0.7080158       0.763  0.4456731      -0.282  0.7780660       0.282  0.7780660    
S6-D7:     -0.374  0.7086683      -0.402  0.6876477      -0.133  0.8943390       0.133  0.8943390    
S7-D6:      0.450  0.6531883       0.850  0.3955877      -0.270  0.7874323       0.270  0.7874323    
S7-D7:      0.501  0.6167191       0.388  0.6981806       0.357  0.7211921      -0.357  0.7211921    
S7-D8:      0.050  0.9598483       0.079  0.9366799      -0.012  0.9902817       0.012  0.9902817    
S7-D14:      0.464  0.6429129       0.503  0.6150098       0.160  0.8728315      -0.160  0.8728315    
S8-D7:      0.100  0.9204004       0.083  0.9336628       0.064  0.9491307      -0.064  0.9491307    
S8-D8:      0.227  0.8208881       0.560  0.5753859      -0.283  0.7769875       0.283  0.7769875    
S9-D4:      0.493  0.6221103       0.362  0.7173190       0.392  0.6954890      -0.392  0.6954890    
S9-D6:     -0.186  0.8528668       0.124  0.9014914      -0.440  0.6599076       0.440  0.6599076    
S9-D12:      0.059  0.9528082       0.096  0.9239267      -0.024  0.9807246       0.024  0.9807246    
S9-D14:      0.149  0.8818328       0.206  0.8368560      -0.020  0.9843101       0.020  0.9843101    
S10-D9:     -0.071  0.9433583       0.011  0.9915110      -0.125  0.9009360       0.125  0.9009360    
S10-D10:     -0.547  0.5843689      -0.513  0.6083403      -0.283  0.7769360       0.283  0.7769360    
S10-D11:      0.046  0.9636018      -0.178  0.8586750       0.307  0.7586475      -0.307  0.7586475    
S11-D4:      0.009  0.9931536      -0.296  0.7671696       0.356  0.7219377      -0.356  0.7219377    
S11-D9:      0.205  0.8379483      -0.152  0.8795782       0.508  0.6113496      -0.508  0.6113496    
S11-D11:      0.337  0.7364213       0.642  0.5212525      -0.204  0.8386948       0.204  0.8386948    
S11-D12:      0.258  0.7967551       0.475  0.6347140      -0.142  0.8874139       0.142  0.8874139    
S12-D10:     -0.193  0.8468772       0.033  0.9738446      -0.350  0.7266632       0.350  0.7266632    
S12-D11:      0.289  0.7726911       0.185  0.8531268       0.258  0.7967770      -0.258  0.7967770    
S12-D13:     -0.382  0.7026710      -0.207  0.8359263      -0.369  0.7121909       0.369  0.7121909    
S13-D11:     -0.472  0.6369769      -0.432  0.6657591      -0.252  0.8010291       0.252  0.8010291    
S13-D12:      0.223  0.8234118       0.367  0.7135485      -0.091  0.9277566       0.091  0.9277566    
S13-D13:     -0.255  0.7986148      -0.073  0.9414789      -0.325  0.7455180       0.325  0.7455180    
S13-D15:     -0.255  0.7991562       0.045  0.9640022      -0.456  0.6485048       0.456  0.6485048    
S14-D12:     -0.421  0.6739057      -0.418  0.6761498      -0.191  0.8486042       0.191  0.8486042    
S14-D14:     -0.516  0.6062234      -0.911  0.3628959       0.255  0.7984473      -0.255  0.7984473    
S14-D15:     -0.390  0.6966786      -0.359  0.7198878      -0.209  0.8341758       0.209  0.8341758    
S14-D16:      0.243  0.8082078       0.352  0.7246753      -0.016  0.9873922       0.016  0.9873922    
S15-D13:     -0.074  0.9414042      -0.168  0.8669728       0.077  0.9388541      -0.077  0.9388541    
S15-D15:      0.463  0.6433024       0.623  0.5333785      -0.006  0.9955568       0.006  0.9955568    
S16-D15:     -0.069  0.9449397      -0.289  0.7723962       0.230  0.8184844      -0.230  0.8184844    
S16-D16:      0.108  0.9137948      -0.066  0.9476767       0.280  0.7793894      -0.280  0.7793894    
Contrast results per channel for Total(t, p values)
S1-D1:      0.214  0.8308102       0.275  0.7834138       0.023  0.9813121      -0.023  0.9813121    
S1-D2:      0.359  0.7199636       0.319  0.7495044       0.204  0.8382576      -0.204  0.8382576    
S1-D3:      0.404  0.6862157       0.357  0.7211546       0.234  0.8147155      -0.234  0.8147155    
S2-D2:      0.447  0.6550164       0.463  0.6432506       0.168  0.8667834      -0.168  0.8667834    
S2-D4:      0.126  0.9001083       0.194  0.8464875      -0.023  0.9813825       0.023  0.9813825    
S2-D9:      0.243  0.8083168       0.241  0.8098997       0.110  0.9125028      -0.110  0.9125028    
S3-D1:      0.330  0.7415609       0.552  0.5808528      -0.112  0.9110261       0.112  0.9110261    
S3-D3:      0.507  0.6123786       0.590  0.5551539       0.128  0.8978979      -0.128  0.8978979    
S3-D5:      0.092  0.9266253       0.392  0.6949116      -0.310  0.7562969       0.310  0.7562969    
S4-D2:      0.191  0.8486327       0.375  0.7075463      -0.160  0.8731056       0.160  0.8731056    
S4-D3:      0.188  0.8507059       0.432  0.6659935      -0.201  0.8409398       0.201  0.8409398    
S4-D4:     -0.029  0.9768566       0.032  0.9748091      -0.084  0.9331835       0.084  0.9331835    
S4-D6:      0.359  0.7195861       0.448  0.6539904       0.036  0.9711822      -0.036  0.9711822    
S5-D3:      0.045  0.9639571       0.312  0.7549051      -0.293  0.7697701       0.293  0.7697701    
S5-D5:      0.004  0.9970736       0.321  0.7482028      -0.371  0.7111311       0.371  0.7111311    
S5-D6:      0.034  0.9726531       0.300  0.7642164      -0.297  0.7669467       0.297  0.7669467    
S5-D7:      0.054  0.9572911       0.362  0.7175129      -0.338  0.7355093       0.338  0.7355093    
S6-D5:     -0.364  0.7161860      -0.223  0.8238003      -0.340  0.7343443       0.340  0.7343443    
S6-D7:     -0.374  0.7081685      -0.291  0.7713378      -0.267  0.7893047       0.267  0.7893047    
S7-D6:      0.079  0.9367297       0.500  0.6169363      -0.459  0.6461634       0.459  0.6461634    
S7-D7:      0.186  0.8523326       0.579  0.5626131      -0.376  0.7069426       0.376  0.7069426    
S7-D8:     -0.204  0.8383003       0.073  0.9420362      -0.417  0.6770854       0.417  0.6770854    
S7-D14:     -0.411  0.6809060      -0.306  0.7597303      -0.310  0.7565650       0.310  0.7565650    
S8-D7:     -0.259  0.7953442       0.034  0.9725532      -0.461  0.6452454       0.461  0.6452454    
S8-D8:     -0.235  0.8140317       0.034  0.9727145      -0.419  0.6751125       0.419  0.6751125    
S9-D4:     -0.409  0.6826977      -0.485  0.6275314      -0.074  0.9413029       0.074  0.9413029    
S9-D6:     -0.344  0.7310958      -0.376  0.7067539      -0.103  0.9181883       0.103  0.9181883    
S9-D12:     -0.274  0.7839257      -0.005  0.9961427      -0.440  0.6602748       0.440  0.6602748    
S9-D14:     -0.651  0.5155637      -0.734  0.4630774      -0.163  0.8704779       0.163  0.8704779    
S10-D9:     -0.261  0.7945264       0.020  0.9841738      -0.444  0.6572381       0.444  0.6572381    
S10-D10:     -0.433  0.6648128      -0.195  0.8458250      -0.473  0.6362968       0.473  0.6362968    
S10-D11:     -0.245  0.8062101       0.053  0.9581371      -0.459  0.6461156       0.459  0.6461156    
S11-D4:     -0.129  0.8974852       0.067  0.9469820      -0.283  0.7772708       0.283  0.7772708    
S11-D9:     -0.021  0.9835018      -0.187  0.8514377       0.211  0.8327931      -0.211  0.8327931    
S11-D11:     -0.184  0.8536990       0.097  0.9230557      -0.411  0.6811625       0.411  0.6811625    
S11-D12:     -0.034  0.9727751      -0.124  0.9010697       0.109  0.9130874      -0.109  0.9130874    
S12-D10:     -0.391  0.6962061      -0.338  0.7357387      -0.235  0.8144688       0.235  0.8144688    
S12-D11:     -0.244  0.8075335      -0.121  0.9040786      -0.264  0.7922444       0.264  0.7922444    
S12-D13:     -0.296  0.7673279      -0.176  0.8599965      -0.276  0.7829812       0.276  0.7829812    
S13-D11:     -0.067  0.9467230       0.236  0.8131575      -0.403  0.6873577       0.403  0.6873577    
S13-D12:     -0.357  0.7213895      -0.120  0.9045835      -0.437  0.6624485       0.437  0.6624485    
S13-D13:     -0.381  0.7035396      -0.173  0.8628915      -0.413  0.6795348       0.413  0.6795348    
S13-D15:     -0.401  0.6887418      -0.243  0.8079690      -0.362  0.7174581       0.362  0.7174581    
S14-D12:     -0.353  0.7240367      -0.254  0.7997574      -0.282  0.7782262       0.282  0.7782262    
S14-D14:     -0.476  0.6344987      -0.288  0.7735122      -0.432  0.6659475       0.432  0.6659475    
S14-D15:     -0.433  0.6654446      -0.261  0.7941311      -0.412  0.6802185       0.412  0.6802185    
S14-D16:     -0.487  0.6262135      -0.301  0.7638845      -0.434  0.6642666       0.434  0.6642666    
S15-D13:     -0.278  0.7812386      -0.162  0.8711508      -0.270  0.7873024       0.270  0.7873024    
S15-D15:     -0.213  0.8312029      -0.156  0.8758078      -0.161  0.8718723       0.161  0.8718723    
S16-D15:     -0.320  0.7492918      -0.313  0.7545805      -0.150  0.8811364       0.150  0.8811364    
S16-D16:     -0.257  0.7969713      -0.094  0.9249616      -0.311  0.7560366       0.311  0.7560366    
Explained VarianceOxy(R squared)
S1-D1:      0.066  0.2566574    0.0000000    
S1-D2:      0.062  0.2492626    0.0000000    
S1-D3:      0.069  0.2635406    0.0000000    
S2-D2:      0.057  0.2381802    0.0000000    
S2-D4:      0.025  0.1593749    0.0000000    
S2-D9:      0.052  0.2273886    0.0000000    
S3-D1:      0.103  0.3204295    0.0000000    
S3-D3:      0.064  0.2533405    0.0000000    
S3-D5:      0.101  0.3177652    0.0000000    
S4-D2:      0.061  0.2476406    0.0000000    
S4-D3:      0.052  0.2280385    0.0000000    
S4-D4:      0.040  0.1997856    0.0000000    
S4-D6:      0.061  0.2470155    0.0000000    
S5-D3:      0.073  0.2697209    0.0000000    
S5-D5:      0.088  0.2970211    0.0000000    
S5-D6:      0.052  0.2271796    0.0000000    
S5-D7:      0.057  0.2389295    0.0000000    
S6-D5:      0.070  0.2637708    0.0000000    
S6-D7:      0.078  0.2798616    0.0000000    
S7-D6:      0.035  0.1874204    0.0000000    
S7-D7:      0.044  0.2103250    0.0000000    
S7-D8:      0.032  0.1781871    0.0000000    
S7-D14:      0.056  0.2362816    0.0000000    
S8-D7:      0.054  0.2320735    0.0000000    
S8-D8:      0.064  0.2533344    0.0000000    
S9-D4:      0.037  0.1918087    0.0000000    
S9-D6:      0.057  0.2383846    0.0000000    
S9-D12:      0.038  0.1943395    0.0000000    
S9-D14:      0.049  0.2215822    0.0000000    
S10-D9:      0.052  0.2281648    0.0000000    
S10-D10:      0.071  0.2672608    0.0000000    
S10-D11:      0.054  0.2323544    0.0000000    
S11-D4:      0.028  0.1669214    0.0000000    
S11-D9:      0.043  0.2073684    0.0000000    
S11-D11:      0.022  0.1492514    0.0000000    
S11-D12:      0.030  0.1745812    0.0000000    
S12-D10:      0.061  0.2466012    0.0000000    
S12-D11:      0.061  0.2463727    0.0000000    
S12-D13:      0.046  0.2137733    0.0000000    
S13-D11:      0.048  0.2182385    0.0000000    
S13-D12:      0.050  0.2240665    0.0000000    
S13-D13:      0.057  0.2390986    0.0000000    
S13-D15:      0.071  0.2659883    0.0000000    
S14-D12:      0.025  0.1573662    0.0000000    
S14-D14:      0.038  0.1942548    0.0000000    
S14-D15:      0.034  0.1842642    0.0000000    
S14-D16:      0.039  0.1968856    0.0000000    
S15-D13:      0.056  0.2360148    0.0000000    
S15-D15:      0.064  0.2524036    0.0000000    
S16-D15:      0.029  0.1705140    0.0000000    
S16-D16:      0.043  0.2064469    0.0000000    
Explained VarianceDeOxy(R squared)
S1-D1:      0.250  0.4999187    0.0000000    
S1-D2:      0.182  0.4268942    0.0000000    
S1-D3:      0.159  0.3985154    0.0000000    
S2-D2:      0.107  0.3265956    0.0000000    
S2-D4:      0.229  0.4784671    0.0000000    
S2-D9:      0.196  0.4428775    0.0000000    
S3-D1:      0.247  0.4967377    0.0000000    
S3-D3:      0.140  0.3743539    0.0000000    
S3-D5:      0.095  0.3081295    0.0000000    
S4-D2:      0.130  0.3606948    0.0000000    
S4-D3:      0.142  0.3771320    0.0000000    
S4-D4:      0.019  0.1386579    0.0000000    
S4-D6:      0.066  0.2561814    0.0000000    
S5-D3:      0.017  0.1292421    0.0000000    
S5-D5:      0.086  0.2924596    0.0000000    
S5-D6:      0.105  0.3241000    0.0000000    
S5-D7:      0.027  0.1632727    0.0000000    
S6-D5:      0.018  0.1323999    0.0000000    
S6-D7:      0.045  0.2114858    0.0000000    
S7-D6:      0.035  0.1859477    0.0000000    
S7-D7:      0.005  0.0701583    0.0000000    
S7-D8:      0.026  0.1624121    0.0000000    
S7-D14:      0.156  0.3945869    0.0000000    
S8-D7:      0.096  0.3094696    0.0000000    
S8-D8:      0.054  0.2313919    0.0000000    
S9-D4:      0.073  0.2695903    0.0000000    
S9-D6:      0.159  0.3982114    0.0000000    
S9-D12:      0.189  0.4348825    0.0000000    
S9-D14:      0.134  0.3657749    0.0000000    
S10-D9:      0.159  0.3993628    0.0000000    
S10-D10:      0.124  0.3520272    0.0000000    
S10-D11:      0.171  0.4132735    0.0000000    
S11-D4:      0.102  0.3199455    0.0000000    
S11-D9:      0.114  0.3374192    0.0000000    
S11-D11:      0.155  0.3939778    0.0000000    
S11-D12:      0.172  0.4152610    0.0000000    
S12-D10:      0.151  0.3890261    0.0000000    
S12-D11:      0.125  0.3537028    0.0000000    
S12-D13:      0.119  0.3455206    0.0000000    
S13-D11:      0.055  0.2340200    0.0000000    
S13-D12:      0.104  0.3218575    0.0000000    
S13-D13:      0.095  0.3083346    0.0000000    
S13-D15:      0.030  0.1721062    0.0000000    
S14-D12:      0.093  0.3050514    0.0000000    
S14-D14:      0.009  0.0964465    0.0000000    
S14-D15:      0.074  0.2716801    0.0000000    
S14-D16:      0.104  0.3226805    0.0000000    
S15-D13:      0.101  0.3181137    0.0000000    
S15-D15:      0.131  0.3617034    0.0000000    
S16-D15:      0.069  0.2625986    0.0000000    
S16-D16:      0.141  0.3758031    0.0000000    
Explained VarianceTotal(R squared)
S1-D1:      0.060  0.2447613    0.0000000    
S1-D2:      0.056  0.2361965    0.0000000    
S1-D3:      0.056  0.2371951    0.0000000    
S2-D2:      0.049  0.2203788    0.0000000    
S2-D4:      0.044  0.2099123    0.0000000    
S2-D9:      0.058  0.2405345    0.0000000    
S3-D1:      0.123  0.3512205    0.0000000    
S3-D3:      0.067  0.2593777    0.0000000    
S3-D5:      0.081  0.2843793    0.0000000    
S4-D2:      0.053  0.2295696    0.0000000    
S4-D3:      0.059  0.2431626    0.0000000    
S4-D4:      0.042  0.2056979    0.0000000    
S4-D6:      0.064  0.2533006    0.0000000    
S5-D3:      0.074  0.2715120    0.0000000    
S5-D5:      0.090  0.2999219    0.0000000    
S5-D6:      0.057  0.2385563    0.0000000    
S5-D7:      0.064  0.2523015    0.0000000    
S6-D5:      0.073  0.2708072    0.0000000    
S6-D7:      0.076  0.2754374    0.0000000    
S7-D6:      0.039  0.1983093    0.0000000    
S7-D7:      0.041  0.2017563    0.0000000    
S7-D8:      0.032  0.1781039    0.0000000    
S7-D14:      0.065  0.2547838    0.0000000    
S8-D7:      0.057  0.2380456    0.0000000    
S8-D8:      0.066  0.2569050    0.0000000    
S9-D4:      0.032  0.1784444    0.0000000    
S9-D6:      0.049  0.2223357    0.0000000    
S9-D12:      0.027  0.1632003    0.0000000    
S9-D14:      0.038  0.1953904    0.0000000    
S10-D9:      0.047  0.2169904    0.0000000    
S10-D10:      0.053  0.2293188    0.0000000    
S10-D11:      0.044  0.2090311    0.0000000    
S11-D4:      0.036  0.1901810    0.0000000    
S11-D9:      0.045  0.2113797    0.0000000    
S11-D11:      0.031  0.1755235    0.0000000    
S11-D12:      0.039  0.1964291    0.0000000    
S12-D10:      0.054  0.2324225    0.0000000    
S12-D11:      0.050  0.2232553    0.0000000    
S12-D13:      0.043  0.2068038    0.0000000    
S13-D11:      0.044  0.2106111    0.0000000    
S13-D12:      0.042  0.2057151    0.0000000    
S13-D13:      0.049  0.2203506    0.0000000    
S13-D15:      0.064  0.2536152    0.0000000    
S14-D12:      0.027  0.1645362    0.0000000    
S14-D14:      0.036  0.1907028    0.0000000    
S14-D15:      0.033  0.1805717    0.0000000    
S14-D16:      0.043  0.2076007    0.0000000    
S15-D13:      0.053  0.2302700    0.0000000    
S15-D15:      0.055  0.2349134    0.0000000    
S16-D15:      0.030  0.1727893    0.0000000    
S16-D16:      0.046  0.2146667    0.0000000    
