GLM RESULTS

Model fit per channel for Oxy(beta, t, p values)
S1-D1:     -0.000    -0.206  0.8365465      -0.000    -0.188  0.8512388       0.000     0.043  0.9658733       0.000     0.186  0.8528785      -0.622   -32.794  0.0000000    
S1-D2:     -0.003    -0.414  0.6789302       0.004     0.376  0.7069899       0.003     0.333  0.7391448      -0.002    -0.241  0.8098396      -0.656    -2.996  0.0028586    
S1-D3:      0.000     0.165  0.8689754      -0.000    -0.013  0.9894397       0.000     0.077  0.9388783      -0.000    -0.055  0.9561721      -0.596   -14.785  0.0000000    
S2-D2:     -0.009    -0.799  0.4244514       0.003     0.214  0.8306907       0.003     0.200  0.8412260      -0.007    -0.547  0.5843838      -0.693     4.792  0.0000021    
S2-D4:     -0.003    -0.433  0.6648827      -0.000    -0.009  0.9926344       0.004     0.438  0.6617025       0.002     0.166  0.8678471      -0.437    -3.434  0.0006392    
S2-D9:     -0.012    -0.587  0.5573286       0.011     0.433  0.6654373       0.019     0.727  0.4674605       0.002     0.085  0.9320845      -0.656    -3.814  0.0001522    
S3-D1:     -0.000    -0.081  0.9357438       0.000     0.058  0.9535303       0.000     0.018  0.9855884      -0.000    -0.021  0.9831125      -0.526  -171.355  0.0000000    
S3-D3:      0.000     0.645  0.5194469       0.000     0.719  0.4725968       0.000     0.008  0.9933087      -0.000    -0.470  0.6387880      -0.505  1507.362  0.0000000    
S3-D5:     -0.000    -0.114  0.9091278      -0.000    -0.090  0.9283255      -0.000    -0.049  0.9608743       0.000     0.050  0.9604718      -0.346  -102.263  0.0000000    
S4-D2:     -0.000    -0.123  0.9020290      -0.000    -0.080  0.9363156      -0.000    -0.059  0.9532060      -0.000    -0.008  0.9939209      -0.702    61.444  0.0000000    
S4-D3:     -0.005    -0.692  0.4894837      -0.001    -0.071  0.9436424       0.003     0.357  0.7212027       0.001     0.082  0.9343749      -0.605    -3.196  0.0014742    
S4-D4:     -0.001    -0.326  0.7449106      -0.000    -0.128  0.8980677      -0.000    -0.023  0.9818618      -0.000    -0.005  0.9960638      -0.545   -12.088  0.0000000    
S4-D6:     -0.000    -0.300  0.7642367      -0.000    -0.145  0.8843917      -0.000    -0.071  0.9432842      -0.000    -0.121  0.9034512      -0.578     0.660  0.5095119    
S5-D3:     -0.000    -0.177  0.8593429      -0.000    -0.046  0.9632719      -0.000    -0.084  0.9327323      -0.000    -0.031  0.9754491      -0.637  -139.962  0.0000000    
S5-D5:     -0.000    -0.208  0.8356830       0.000     0.293  0.7695273      -0.000    -0.116  0.9077361      -0.000    -0.211  0.8325778      -0.393  -235.733  0.0000000    
S5-D6:     -0.004    -0.572  0.5673012      -0.001    -0.158  0.8745036      -0.002    -0.273  0.7853231      -0.002    -0.187  0.8517370      -0.542     6.675  0.0000000    
S5-D7:     -0.000    -0.065  0.9480148       0.000     0.309  0.7572654      -0.000    -0.136  0.8920320      -0.000    -0.285  0.7754952      -0.563  -391.404  0.0000000    
S6-D5:     -0.006    -0.310  0.7569694      -0.005    -0.217  0.8281020       0.002     0.090  0.9284130       0.009     0.351  0.7258690      -0.488    -3.788  0.0001684    
S6-D7:     -0.000    -0.192  0.8478846       0.000     0.162  0.8716462      -0.000    -0.082  0.9348495      -0.000    -0.102  0.9188367      -0.525  -297.410  0.0000000    
S7-D6:     -0.000    -0.153  0.8785997       0.000     0.079  0.9372007      -0.000    -0.097  0.9225181      -0.000    -0.044  0.9652473      -0.620   101.574  0.0000000    
S7-D7:     -0.000    -0.303  0.7620824       0.000     0.200  0.8416516      -0.000    -0.219  0.8265582      -0.000    -0.235  0.8141725      -0.599  -105.912  0.0000000    
S7-D8:     -0.000    -0.222  0.8245690      -0.000    -0.144  0.8853143      -0.000    -0.076  0.9395946       0.000     0.085  0.9322446      -0.553     2.271  0.0235487    
S7-D14:     -0.022    -0.779  0.4361696      -0.013    -0.365  0.7153723      -0.024    -0.689  0.4912612      -0.022    -0.644  0.5197933      -0.631     4.312  0.0000192    
S8-D7:     -0.004    -0.188  0.8510011       0.006     0.188  0.8508257       0.004     0.149  0.8818460       0.012     0.427  0.6695704      -0.573    -3.699  0.0002384    
S8-D8:      0.005     0.149  0.8815893      -0.003    -0.084  0.9329301       0.022     0.564  0.5728483       0.017     0.451  0.6524140      -0.531    -4.326  0.0000180    
S9-D4:     -0.000    -0.191  0.8487421      -0.000    -0.139  0.8897313      -0.000    -0.134  0.8937418       0.000     0.125  0.9007692      -0.480    27.962  0.0000000    
S9-D6:     -0.001    -0.108  0.9141576      -0.003    -0.287  0.7738863       0.000     0.007  0.9942059       0.003     0.308  0.7583466      -0.663    -5.294  0.0000002    
S9-D12:      0.006     0.164  0.8695023       0.011     0.253  0.8001482       0.015     0.356  0.7217838       0.021     0.497  0.6191910      -0.556    -4.864  0.0000015    
S9-D14:     -0.004    -0.362  0.7177398      -0.007    -0.594  0.5524816      -0.005    -0.404  0.6862766       0.004     0.321  0.7481912      -0.199     4.943  0.0000010    
S10-D9:     -0.000    -0.314  0.7536466      -0.000    -0.345  0.7305431      -0.000    -0.026  0.9793446       0.000     0.303  0.7617854      -0.500   -71.318  0.0000000    
S10-D10:     -0.000    -0.039  0.9685607      -0.007    -0.779  0.4360634      -0.001    -0.132  0.8948490       0.004     0.510  0.6105761      -0.607     3.981  0.0000777    
S10-D11:     -0.000    -0.213  0.8317624      -0.000    -0.165  0.8690574      -0.000    -0.074  0.9411023       0.000     0.179  0.8582937      -0.635    10.346  0.0000000    
S11-D4:     -0.000    -0.195  0.8455761      -0.001    -0.288  0.7736578      -0.000    -0.153  0.8782407       0.000     0.176  0.8604923      -0.467    -9.433  0.0000000    
S11-D9:     -0.000    -0.162  0.8712040      -0.000    -0.189  0.8500280       0.000     0.017  0.9861358      -0.000    -0.003  0.9974226      -0.435   -19.609  0.0000000    
S11-D11:     -0.000    -0.138  0.8905638      -0.001    -0.284  0.7765206      -0.000    -0.120  0.9048641       0.001     0.261  0.7942879      -0.526    -3.494  0.0005135    
S11-D12:     -0.003    -0.237  0.8129039      -0.008    -0.603  0.5465841      -0.004    -0.291  0.7715393      -0.002    -0.148  0.8823368      -0.462     5.377  0.0000001    
S12-D10:     -0.000    -0.322  0.7477792      -0.000    -0.109  0.9135589      -0.000    -0.114  0.9093683       0.000     0.266  0.7905917      -0.184    19.807  0.0000000    
S12-D11:      0.013     0.531  0.5958895      -0.019    -0.634  0.5261522       0.006     0.180  0.8573797       0.010     0.343  0.7319022      -0.656    -3.388  0.0007546    
S12-D13:      0.015     0.563  0.5737147      -0.008    -0.245  0.8065781       0.018     0.540  0.5895115       0.018     0.557  0.5780768      -0.455    -4.658  0.0000040    
S13-D11:      0.000     0.102  0.9186438      -0.000    -0.144  0.8853291       0.000     0.083  0.9335200       0.001     0.169  0.8655452      -0.557     8.455  0.0000000    
S13-D12:      0.015     0.503  0.6148858       0.010     0.268  0.7886437       0.023     0.635  0.5257471       0.010     0.284  0.7768327      -0.725    -3.689  0.0002476    
S13-D13:     -0.000    -0.114  0.9093176      -0.000    -0.062  0.9502908       0.000     0.030  0.9759954       0.000     0.199  0.8422562      -0.758    11.534  0.0000000    
S13-D15:     -0.000    -0.672  0.5018882      -0.000    -0.161  0.8717857       0.000     0.007  0.9940469       0.000     0.620  0.5358059      -0.612  1267.736  0.0000000    
S14-D12:      0.013     0.327  0.7440820       0.013     0.276  0.7827606       0.022     0.466  0.6412845       0.000     0.009  0.9928790      -0.739    -7.209  0.0000000    
S14-D14:      0.020     0.855  0.3930379      -0.013    -0.431  0.6663343      -0.000    -0.010  0.9920871       0.012     0.401  0.6883023      -0.381    -2.886  0.0040591    
S14-D15:      0.026     1.000  0.3178096       0.000     0.015  0.9881253       0.007     0.218  0.8274469       0.006     0.200  0.8415454      -0.575    -2.677  0.0076561    
S14-D16:      0.016     0.340  0.7337301       0.028     0.472  0.6371592       0.038     0.645  0.5189284       0.007     0.112  0.9107501      -0.548    -3.719  0.0002200    
S15-D13:      0.008     0.491  0.6237072       0.003     0.144  0.8858593       0.000     0.020  0.9843330      -0.004    -0.205  0.8374527      -0.373     3.052  0.0023851    
S15-D15:      0.031     0.863  0.3882923       0.034     0.751  0.4531425       0.040     0.882  0.3783769       0.006     0.138  0.8906322      -0.662    -3.503  0.0004963    
S16-D15:      0.036     0.739  0.4599178       0.034     0.557  0.5777668       0.051     0.840  0.4012609      -0.008    -0.126  0.8999853      -0.561    -3.405  0.0007081    
S16-D16:      0.011     0.398  0.6909135       0.027     0.780  0.4357115       0.010     0.299  0.7647466      -0.028    -0.820  0.4125539      -0.519    -1.577  0.1152893    

Model fit per channel for DeOxy(beta, t, p values)
S1-D1:     -0.003    -0.679  0.4976938      -0.001    -0.180  0.8574965       0.002     0.313  0.7543448      -0.000    -0.007  0.9941369       0.071     1.004  0.3160363    
S1-D2:     -0.002    -0.310  0.7565852      -0.002    -0.192  0.8480895       0.001     0.105  0.9165280       0.000     0.021  0.9836227       0.015    -4.962  0.0000009    
S1-D3:      0.003     0.327  0.7440417       0.000     0.035  0.9723072      -0.003    -0.268  0.7884533       0.001     0.066  0.9472866       0.169    -2.175  0.0300836    
S2-D2:     -0.003    -0.197  0.8440971       0.005     0.273  0.7848649       0.007     0.371  0.7107920      -0.004    -0.252  0.8009714       0.320     2.605  0.0094448    
S2-D4:     -0.000    -0.100  0.9200094      -0.000    -0.108  0.9143504      -0.000    -0.060  0.9521801       0.000     0.044  0.9647366      -0.271    92.032  0.0000000    
S2-D9:     -0.000    -0.007  0.9946482      -0.000    -0.004  0.9966746       0.000     0.083  0.9342510      -0.000    -0.059  0.9532720       0.534   -46.487  0.0000000    
S3-D1:     -0.000    -0.055  0.9565374      -0.000    -0.162  0.8713208       0.000     0.005  0.9957160       0.000     0.044  0.9647235      -0.043    -3.961  0.0000844    
S3-D3:     -0.004    -0.454  0.6498699       0.000     0.015  0.9883326      -0.000    -0.010  0.9916307      -0.001    -0.111  0.9120222       0.248    -3.294  0.0010511    
S3-D5:     -0.000    -0.226  0.8211900       0.000     0.108  0.9138839      -0.000    -0.069  0.9448371      -0.000    -0.159  0.8736135      -0.201    -1.721  0.0857194    
S4-D2:      0.002     0.186  0.8521483       0.002     0.181  0.8561275       0.000     0.018  0.9854318      -0.002    -0.130  0.8963009      -0.077     4.356  0.0000158    
S4-D3:     -0.000    -0.284  0.7765692      -0.000    -0.075  0.9398744       0.000     0.433  0.6651665       0.000     0.560  0.5759107      -0.020  2414.656  0.0000000    
S4-D4:     -0.002    -0.456  0.6487142      -0.002    -0.304  0.7611269      -0.002    -0.450  0.6526167       0.002     0.398  0.6907592       0.118     2.722  0.0066899    
S4-D6:     -0.001    -0.083  0.9341382       0.001     0.063  0.9501464      -0.005    -0.357  0.7210738       0.003     0.206  0.8372493      -0.222    -3.929  0.0000961    
S5-D3:      0.000     0.079  0.9367274       0.000     0.594  0.5527306       0.000     0.329  0.7420821      -0.000    -0.322  0.7478101       0.508   -36.710  0.0000000    
S5-D5:      0.005     0.572  0.5675071      -0.003    -0.321  0.7483783       0.000     0.002  0.9985269       0.002     0.236  0.8133743       0.381    -1.769  0.0775110    
S5-D6:      0.002     0.163  0.8704568       0.004     0.236  0.8137573       0.001     0.060  0.9518143       0.007     0.384  0.7013523       0.101    -7.096  0.0000000    
S5-D7:     -0.000    -0.309  0.7573169       0.000     0.194  0.8461411       0.000     0.134  0.8938307      -0.000    -0.211  0.8332103       0.035     6.117  0.0000000    
S6-D5:     -0.007    -0.471  0.6378913       0.016     0.811  0.4175948       0.002     0.079  0.9370114      -0.003    -0.163  0.8706410      -0.296    -5.134  0.0000004    
S6-D7:     -0.000    -0.036  0.9715750      -0.002    -0.284  0.7765428      -0.003    -0.338  0.7357884       0.003     0.395  0.6927723       0.333    -2.389  0.0172306    
S7-D6:     -0.000    -0.139  0.8891225       0.000     0.151  0.8798600      -0.000    -0.133  0.8940365      -0.000    -0.060  0.9518917      -0.165    -8.316  0.0000000    
S7-D7:     -0.000    -0.059  0.9527039       0.000     0.135  0.8922935      -0.000    -0.083  0.9335081      -0.000    -0.123  0.9025472      -0.541    45.644  0.0000000    
S7-D8:     -0.000    -0.264  0.7919730      -0.001    -0.355  0.7230491      -0.001    -0.304  0.7609425      -0.000    -0.128  0.8981216      -0.483   -38.695  0.0000000    
S7-D14:     -0.000    -0.167  0.8675153      -0.000    -0.045  0.9643176      -0.000    -0.034  0.9726478       0.000     0.047  0.9624534      -0.607     9.280  0.0000000    
S8-D7:     -0.000    -0.141  0.8878561      -0.001    -0.540  0.5893805       0.000     0.019  0.9844652       0.000     0.344  0.7308188      -0.005    54.003  0.0000000    
S8-D8:     -0.001    -0.337  0.7365879      -0.001    -0.274  0.7842338      -0.001    -0.121  0.9039464      -0.000    -0.051  0.9594565       0.124     4.679  0.0000036    
S9-D4:     -0.000    -0.243  0.8083850      -0.000    -0.087  0.9303945      -0.000    -0.278  0.7811437      -0.000    -0.043  0.9657059      -0.284    50.758  0.0000000    
S9-D6:      0.000     0.007  0.9944761       0.000     0.078  0.9375687       0.000     0.118  0.9060376       0.000     0.074  0.9411919      -0.630  -146.342  0.0000000    
S9-D12:      0.000     0.063  0.9495695      -0.000    -0.174  0.8619975      -0.000    -0.272  0.7857367       0.000     0.190  0.8495205       0.055     5.760  0.0000000    
S9-D14:      0.000     0.149  0.8813833       0.000     0.248  0.8043149       0.000     0.049  0.9611597      -0.000    -0.210  0.8333810       0.095   214.242  0.0000000    
S10-D9:     -0.000    -0.191  0.8488699       0.000     0.014  0.9886308      -0.000    -0.146  0.8841700      -0.000    -0.047  0.9621518      -0.289   268.263  0.0000000    
S10-D10:      0.001     0.102  0.9187273       0.001     0.184  0.8543726       0.002     0.326  0.7444482      -0.003    -0.461  0.6451570       0.235     1.072  0.2843797    
S10-D11:     -0.000    -0.247  0.8050799      -0.000    -0.192  0.8479480      -0.000    -0.479  0.6322333       0.000     0.123  0.9022671       0.294     7.767  0.0000000    
S11-D4:     -0.000    -0.142  0.8874443      -0.000    -0.075  0.9399287      -0.000    -0.100  0.9203096      -0.000    -0.255  0.7986702       0.057   104.977  0.0000000    
S11-D9:      0.000     0.224  0.8230223      -0.000    -0.132  0.8951382      -0.000    -0.517  0.6054027       0.000     0.765  0.4444472      -0.214   112.774  0.0000000    
S11-D11:     -0.001    -0.496  0.6199778      -0.001    -0.285  0.7754276      -0.000    -0.024  0.9807673       0.000     0.042  0.9661850      -0.120    49.676  0.0000000    
S11-D12:     -0.000    -0.202  0.8399052       0.000     0.114  0.9091326      -0.000    -0.153  0.8783731      -0.000    -0.132  0.8946501      -0.258   364.064  0.0000000    
S12-D10:     -0.001    -0.238  0.8119633      -0.003    -0.454  0.6498915      -0.000    -0.042  0.9667885       0.003     0.459  0.6466806       0.093     0.823  0.4107121    
S12-D11:      0.000     1.035  0.3009115       0.000     0.121  0.9034513       0.000     0.709  0.4787443      -0.000    -0.148  0.8820822       0.303  -223.064  0.0000000    
S12-D13:     -0.001    -0.186  0.8527947      -0.004    -0.358  0.7204385      -0.001    -0.092  0.9268481       0.000     0.025  0.9797531       0.260     5.668  0.0000000    
S13-D11:      0.009     0.723  0.4702443      -0.013    -0.779  0.4360450       0.001     0.079  0.9368481      -0.007    -0.446  0.6558345       0.138     3.717  0.0002221    
S13-D12:      0.000     0.076  0.9397707       0.000     0.140  0.8885178       0.000     0.088  0.9297686       0.000     0.012  0.9906803       0.173   -42.657  0.0000000    
S13-D13:      0.000     0.099  0.9215640      -0.000    -0.096  0.9231876       0.000     0.073  0.9418891       0.000     0.129  0.8972279       0.160   302.951  0.0000000    
S13-D15:     -0.002    -0.271  0.7863723      -0.009    -0.983  0.3259669      -0.001    -0.098  0.9217034       0.003     0.345  0.7304827       0.162     0.991  0.3220338    
S14-D12:      0.000     0.074  0.9406648      -0.000    -0.053  0.9576494       0.000     0.147  0.8834827       0.001     0.205  0.8373906      -0.143    -0.922  0.3570383    
S14-D14:      0.002     0.304  0.7614362       0.004     0.457  0.6479327      -0.003    -0.417  0.6764939       0.001     0.068  0.9455810      -0.001     2.396  0.0169250    
S14-D15:      0.000     0.553  0.5805459       0.000     0.317  0.7511427       0.000     0.297  0.7666441      -0.000    -0.026  0.9789421       0.164    16.765  0.0000000    
S14-D16:      0.000     0.243  0.8084337       0.000     0.579  0.5629435       0.000     0.307  0.7590597      -0.000    -0.070  0.9438643       0.053   141.055  0.0000000    
S15-D13:      0.010     0.398  0.6906110       0.019     0.595  0.5520891       0.004     0.136  0.8919494      -0.014    -0.436  0.6627938       0.353     4.241  0.0000261    
S15-D15:      0.000     0.019  0.9845151       0.000     0.656  0.5119989       0.000     0.018  0.9858954      -0.000    -0.468  0.6401671      -0.071    25.398  0.0000000    
S16-D15:     -0.002    -0.327  0.7438319       0.002     0.283  0.7769987      -0.002    -0.254  0.7996984       0.001     0.105  0.9161432       0.159    -2.201  0.0281762    
S16-D16:     -0.001    -0.133  0.8939818       0.002     0.207  0.8358333      -0.003    -0.231  0.8174681       0.002     0.188  0.8506525      -0.111     1.827  0.0682814    

Model fit per channel for Total(beta, t, p values)
S1-D1:     -0.000    -0.061  0.9516017      -0.000    -0.171  0.8645122       0.000     0.065  0.9484058       0.000     0.087  0.9305296      -0.551   -27.436  0.0000000    
S1-D2:     -0.010    -0.414  0.6790522      -0.003    -0.112  0.9111761       0.005     0.145  0.8843939      -0.003    -0.110  0.9125043      -0.640     2.028  0.0430028    
S1-D3:     -0.000    -0.488  0.6256200      -0.000    -0.214  0.8306746      -0.000    -0.247  0.8048983       0.000     0.432  0.6658688      -0.427   -78.281  0.0000000    
S2-D2:     -0.015    -0.705  0.4810702       0.007     0.270  0.7873102       0.010     0.393  0.6946143      -0.006    -0.220  0.8255770      -0.373     2.618  0.0090745    
S2-D4:     -0.001    -0.272  0.7855481      -0.000    -0.122  0.9029872      -0.000    -0.036  0.9714962       0.000     0.060  0.9525211      -0.708    -4.296  0.0000205    
S2-D9:     -0.000    -0.078  0.9379723       0.000     0.057  0.9544574      -0.000    -0.026  0.9794074      -0.001    -0.200  0.8416177      -0.122    42.707  0.0000000    
S3-D1:     -0.005    -0.455  0.6491067      -0.002    -0.152  0.8794449       0.003     0.219  0.8264868       0.001     0.105  0.9165097      -0.569    -6.245  0.0000000    
S3-D3:     -0.000    -0.064  0.9491259       0.000     0.671  0.5023257      -0.000    -0.128  0.8981648       0.000     0.010  0.9921137      -0.257   -69.682  0.0000000    
S3-D5:     -0.013    -0.674  0.5004874      -0.003    -0.122  0.9029466      -0.005    -0.220  0.8259517      -0.007    -0.292  0.7707671      -0.546     5.158  0.0000003    
S4-D2:     -0.000    -0.174  0.8617545      -0.000    -0.355  0.7229949      -0.000    -0.170  0.8649711       0.000     0.236  0.8138779      -0.778    64.880  0.0000000    
S4-D3:     -0.000    -0.168  0.8666160       0.000     0.029  0.9770575       0.000     0.171  0.8643522      -0.000    -0.204  0.8386988      -0.625    98.832  0.0000000    
S4-D4:     -0.000    -0.817  0.4144827      -0.000    -0.504  0.6144374       0.000     0.098  0.9218007       0.000     0.505  0.6140300      -0.427   119.159  0.0000000    
S4-D6:     -0.003    -0.158  0.8741926      -0.001    -0.027  0.9782474      -0.002    -0.091  0.9277132       0.006     0.277  0.7818393      -0.800    -2.130  0.0336493    
S5-D3:     -0.000    -0.023  0.9813143       0.008     0.514  0.6071293       0.017     1.107  0.2687818       0.012     0.786  0.4321125      -0.129    -7.350  0.0000000    
S5-D5:     -0.000    -0.032  0.9747818       0.000     0.372  0.7101350      -0.000    -0.047  0.9627893      -0.000    -0.222  0.8244289      -0.012   165.929  0.0000000    
S5-D6:     -0.005    -0.493  0.6223021      -0.001    -0.113  0.9096778      -0.002    -0.172  0.8631363       0.000     0.038  0.9700845      -0.441    -0.045  0.9639468    
S5-D7:     -0.001    -0.383  0.7016219      -0.000    -0.033  0.9734837      -0.000    -0.032  0.9748479      -0.000    -0.095  0.9244720      -0.528     1.271  0.2043868    
S6-D5:     -0.000    -0.222  0.8247379       0.000     0.249  0.8034754      -0.000    -0.108  0.9142911      -0.000    -0.116  0.9074450      -0.784  -258.214  0.0000000    
S6-D7:     -0.001    -0.029  0.9765063      -0.005    -0.184  0.8538872       0.005     0.172  0.8632039       0.018     0.614  0.5393914      -0.192    -5.906  0.0000000    
S7-D6:     -0.004    -0.508  0.6117282      -0.003    -0.270  0.7874898      -0.004    -0.412  0.6801698       0.000     0.025  0.9801924      -0.785     5.897  0.0000000    
S7-D7:     -0.001    -0.279  0.7807145      -0.001    -0.223  0.8237772      -0.000    -0.125  0.9003253      -0.000    -0.003  0.9972345      -1.139    -3.064  0.0022936    
S7-D8:     -0.001    -0.206  0.8369324      -0.001    -0.192  0.8474694      -0.000    -0.089  0.9293748       0.000     0.125  0.9008182      -1.036    -9.487  0.0000000    
S7-D14:     -0.006    -0.674  0.5007972      -0.001    -0.104  0.9175803      -0.002    -0.160  0.8730924       0.001     0.091  0.9272124      -1.238     0.404  0.6865847    
S8-D7:     -0.000    -0.497  0.6196928      -0.000    -0.294  0.7691683      -0.000    -0.191  0.8483893       0.000     0.118  0.9062323      -0.578  -351.533  0.0000000    
S8-D8:     -0.005    -0.271  0.7865790      -0.008    -0.347  0.7287875       0.001     0.032  0.9742915       0.016     0.710  0.4780778      -0.406    -8.133  0.0000000    
S9-D4:     -0.000    -0.287  0.7743458      -0.000    -0.166  0.8679737      -0.000    -0.222  0.8245178      -0.000    -0.014  0.9886392      -0.765    59.109  0.0000000    
S9-D6:     -0.000    -0.030  0.9759087      -0.004    -0.620  0.5354433      -0.001    -0.175  0.8615327       0.004     0.595  0.5519185      -1.293   -19.517  0.0000000    
S9-D12:      0.006     0.192  0.8476439      -0.004    -0.107  0.9148646       0.010     0.263  0.7924010       0.027     0.701  0.4838397      -0.501    -3.125  0.0018685    
S9-D14:     -0.004    -0.315  0.7528326      -0.008    -0.593  0.5534633      -0.005    -0.345  0.7302472       0.005     0.379  0.7048925      -0.104     2.862  0.0043734    
S10-D9:      0.000     0.096  0.9232751      -0.000    -0.304  0.7613382       0.000     0.255  0.7991846       0.000     0.494  0.6216351      -0.789  2668.338  0.0000000    
S10-D10:     -0.000    -0.092  0.9270042      -0.000    -0.353  0.7238707      -0.000    -0.091  0.9278752       0.001     0.410  0.6820805      -0.372     6.906  0.0000000    
S10-D11:     -0.000    -0.274  0.7844849      -0.000    -0.214  0.8306353      -0.000    -0.165  0.8686940       0.000     0.206  0.8367941      -0.340   173.298  0.0000000    
S11-D4:     -0.011    -0.502  0.6158605      -0.010    -0.379  0.7045990      -0.016    -0.599  0.5494090      -0.009    -0.325  0.7450082      -0.410     5.010  0.0000007    
S11-D9:     -0.006    -0.520  0.6035175      -0.008    -0.502  0.6157314      -0.007    -0.473  0.6366974      -0.001    -0.093  0.9256012      -0.649     5.923  0.0000000    
S11-D11:     -0.005    -0.220  0.8261612      -0.018    -0.603  0.5465896       0.019     0.654  0.5131066       0.024     0.812  0.4170708      -0.646    -2.910  0.0037538    
S11-D12:     -0.000    -0.289  0.7723409       0.000     0.007  0.9945659      -0.000    -0.091  0.9278530       0.000     0.000  0.9997212      -0.720   269.681  0.0000000    
S12-D10:      0.006     0.292  0.7700598      -0.019    -0.803  0.4224091       0.001     0.061  0.9513581       0.009     0.381  0.7036896      -0.091     0.253  0.8004289    
S12-D11:      0.007     0.291  0.7709932      -0.011    -0.360  0.7192867       0.003     0.110  0.9122844       0.005     0.160  0.8731609      -0.353     1.357  0.1753029    
S12-D13:      0.005     0.176  0.8606234      -0.023    -0.598  0.5498131       0.004     0.098  0.9221008       0.014     0.381  0.7030112      -0.195     0.704  0.4814685    
S13-D11:      0.001     0.398  0.6904932      -0.001    -0.151  0.8797399       0.001     0.337  0.7365674       0.002     0.379  0.7045159      -0.419    -4.692  0.0000034    
S13-D12:      0.000     0.084  0.9333977      -0.000    -0.035  0.9724459       0.000     0.037  0.9703228       0.001     0.216  0.8288914      -0.552    17.595  0.0000000    
S13-D13:      0.000     0.015  0.9880282      -0.000    -0.145  0.8848224       0.000     0.016  0.9870237       0.001     0.252  0.8007576      -0.598    89.274  0.0000000    
S13-D15:      0.001     0.147  0.8828940      -0.005    -0.410  0.6818774      -0.002    -0.197  0.8437533       0.002     0.145  0.8851108      -0.451     5.999  0.0000000    
S14-D12:      0.032     0.474  0.6357374       0.080     0.943  0.3463179       0.086     1.042  0.2978646       0.058     0.697  0.4860455      -0.882    -2.834  0.0047595    
S14-D14:      0.035     0.641  0.5219287       0.010     0.142  0.8873969       0.029     0.428  0.6687683       0.019     0.282  0.7780873      -0.382    -2.557  0.0108144    
S14-D15:      0.002     0.230  0.8179991      -0.000    -0.017  0.9862747      -0.000    -0.035  0.9718421      -0.001    -0.103  0.9177518      -0.411     5.050  0.0000006    
S14-D16:     -0.000    -0.225  0.8220851      -0.000    -0.065  0.9478031       0.000     0.066  0.9472807       0.000     0.229  0.8186312      -0.495   291.416  0.0000000    
S15-D13:      0.001     0.246  0.8054224       0.001     0.157  0.8750707       0.001     0.241  0.8099469       0.001     0.170  0.8648769      -0.020    -6.685  0.0000000    
S15-D15:      0.008     0.515  0.6068644       0.005     0.234  0.8148660       0.008     0.395  0.6929929       0.001     0.072  0.9422983      -0.733    -8.047  0.0000000    
S16-D15:      0.005     0.348  0.7280900       0.004     0.212  0.8321922       0.000     0.004  0.9969556      -0.009    -0.462  0.6441905      -0.402     2.509  0.0123994    
S16-D16:      0.032     0.334  0.7382614       0.139     1.172  0.2417149       0.128     1.094  0.2746200       0.063     0.538  0.5909817      -0.630    -6.314  0.0000000    


GLM CONTRAST RESULTS
Contrast 1: 3 > Baseline

Contrast results per channel for Oxy(t, p values)
S1-D1:     -0.188  0.8512388    
S1-D2:      0.376  0.7069899    
S1-D3:     -0.013  0.9894397    
S2-D2:      0.214  0.8306907    
S2-D4:     -0.009  0.9926344    
S2-D9:      0.433  0.6654373    
S3-D1:      0.058  0.9535303    
S3-D3:      0.719  0.4725968    
S3-D5:     -0.090  0.9283255    
S4-D2:     -0.080  0.9363156    
S4-D3:     -0.071  0.9436424    
S4-D4:     -0.128  0.8980677    
S4-D6:     -0.145  0.8843917    
S5-D3:     -0.046  0.9632719    
S5-D5:      0.293  0.7695273    
S5-D6:     -0.158  0.8745036    
S5-D7:      0.309  0.7572654    
S6-D5:     -0.217  0.8281020    
S6-D7:      0.162  0.8716462    
S7-D6:      0.079  0.9372007    
S7-D7:      0.200  0.8416516    
S7-D8:     -0.144  0.8853143    
S7-D14:     -0.365  0.7153723    
S8-D7:      0.188  0.8508257    
S8-D8:     -0.084  0.9329301    
S9-D4:     -0.139  0.8897313    
S9-D6:     -0.287  0.7738863    
S9-D12:      0.253  0.8001482    
S9-D14:     -0.594  0.5524816    
S10-D9:     -0.345  0.7305431    
S10-D10:     -0.779  0.4360634    
S10-D11:     -0.165  0.8690574    
S11-D4:     -0.288  0.7736578    
S11-D9:     -0.189  0.8500280    
S11-D11:     -0.284  0.7765206    
S11-D12:     -0.603  0.5465841    
S12-D10:     -0.109  0.9135589    
S12-D11:     -0.634  0.5261522    
S12-D13:     -0.245  0.8065781    
S13-D11:     -0.144  0.8853291    
S13-D12:      0.268  0.7886437    
S13-D13:     -0.062  0.9502908    
S13-D15:     -0.161  0.8717857    
S14-D12:      0.276  0.7827606    
S14-D14:     -0.431  0.6663343    
S14-D15:      0.015  0.9881253    
S14-D16:      0.472  0.6371592    
S15-D13:      0.144  0.8858593    
S15-D15:      0.751  0.4531425    
S16-D15:      0.557  0.5777668    
S16-D16:      0.780  0.4357115    
Contrast results per channel for DeOxy(t, p values)
S1-D1:     -0.180  0.8574965    
S1-D2:     -0.192  0.8480895    
S1-D3:      0.035  0.9723072    
S2-D2:      0.273  0.7848649    
S2-D4:     -0.108  0.9143504    
S2-D9:     -0.004  0.9966746    
S3-D1:     -0.162  0.8713208    
S3-D3:      0.015  0.9883326    
S3-D5:      0.108  0.9138839    
S4-D2:      0.181  0.8561275    
S4-D3:     -0.075  0.9398744    
S4-D4:     -0.304  0.7611269    
S4-D6:      0.063  0.9501464    
S5-D3:      0.594  0.5527306    
S5-D5:     -0.321  0.7483783    
S5-D6:      0.236  0.8137573    
S5-D7:      0.194  0.8461411    
S6-D5:      0.811  0.4175948    
S6-D7:     -0.284  0.7765428    
S7-D6:      0.151  0.8798600    
S7-D7:      0.135  0.8922935    
S7-D8:     -0.355  0.7230491    
S7-D14:     -0.045  0.9643176    
S8-D7:     -0.540  0.5893805    
S8-D8:     -0.274  0.7842338    
S9-D4:     -0.087  0.9303945    
S9-D6:      0.078  0.9375687    
S9-D12:     -0.174  0.8619975    
S9-D14:      0.248  0.8043149    
S10-D9:      0.014  0.9886308    
S10-D10:      0.184  0.8543726    
S10-D11:     -0.192  0.8479480    
S11-D4:     -0.075  0.9399287    
S11-D9:     -0.132  0.8951382    
S11-D11:     -0.285  0.7754276    
S11-D12:      0.114  0.9091326    
S12-D10:     -0.454  0.6498915    
S12-D11:      0.121  0.9034513    
S12-D13:     -0.358  0.7204385    
S13-D11:     -0.779  0.4360450    
S13-D12:      0.140  0.8885178    
S13-D13:     -0.096  0.9231876    
S13-D15:     -0.983  0.3259669    
S14-D12:     -0.053  0.9576494    
S14-D14:      0.457  0.6479327    
S14-D15:      0.317  0.7511427    
S14-D16:      0.579  0.5629435    
S15-D13:      0.595  0.5520891    
S15-D15:      0.656  0.5119989    
S16-D15:      0.283  0.7769987    
S16-D16:      0.207  0.8358333    
Contrast results per channel for Total(t, p values)
S1-D1:     -0.171  0.8645122    
S1-D2:     -0.112  0.9111761    
S1-D3:     -0.214  0.8306746    
S2-D2:      0.270  0.7873102    
S2-D4:     -0.122  0.9029872    
S2-D9:      0.057  0.9544574    
S3-D1:     -0.152  0.8794449    
S3-D3:      0.671  0.5023257    
S3-D5:     -0.122  0.9029466    
S4-D2:     -0.355  0.7229949    
S4-D3:      0.029  0.9770575    
S4-D4:     -0.504  0.6144374    
S4-D6:     -0.027  0.9782474    
S5-D3:      0.514  0.6071293    
S5-D5:      0.372  0.7101350    
S5-D6:     -0.113  0.9096778    
S5-D7:     -0.033  0.9734837    
S6-D5:      0.249  0.8034754    
S6-D7:     -0.184  0.8538872    
S7-D6:     -0.270  0.7874898    
S7-D7:     -0.223  0.8237772    
S7-D8:     -0.192  0.8474694    
S7-D14:     -0.104  0.9175803    
S8-D7:     -0.294  0.7691683    
S8-D8:     -0.347  0.7287875    
S9-D4:     -0.166  0.8679737    
S9-D6:     -0.620  0.5354433    
S9-D12:     -0.107  0.9148646    
S9-D14:     -0.593  0.5534633    
S10-D9:     -0.304  0.7613382    
S10-D10:     -0.353  0.7238707    
S10-D11:     -0.214  0.8306353    
S11-D4:     -0.379  0.7045990    
S11-D9:     -0.502  0.6157314    
S11-D11:     -0.603  0.5465896    
S11-D12:      0.007  0.9945659    
S12-D10:     -0.803  0.4224091    
S12-D11:     -0.360  0.7192867    
S12-D13:     -0.598  0.5498131    
S13-D11:     -0.151  0.8797399    
S13-D12:     -0.035  0.9724459    
S13-D13:     -0.145  0.8848224    
S13-D15:     -0.410  0.6818774    
S14-D12:      0.943  0.3463179    
S14-D14:      0.142  0.8873969    
S14-D15:     -0.017  0.9862747    
S14-D16:     -0.065  0.9478031    
S15-D13:      0.157  0.8750707    
S15-D15:      0.234  0.8148660    
S16-D15:      0.212  0.8321922    
S16-D16:      1.172  0.2417149    
Explained VarianceOxy(R squared)
S1-D1:      0.199  0.4456723    0.0000000    
S1-D2:      0.242  0.4919555    0.0000000    
S1-D3:      0.196  0.4428449    0.0000000    
S2-D2:      0.295  0.5435977    0.0000000    
S2-D4:      0.158  0.3975993    0.0000000    
S2-D9:      0.296  0.5444831    0.0000000    
S3-D1:      0.155  0.3942739    0.0000000    
S3-D3:      0.182  0.4266777    0.0000000    
S3-D5:      0.123  0.3502309    0.0000000    
S4-D2:      0.277  0.5266819    0.0000000    
S4-D3:      0.227  0.4766395    0.0000000    
S4-D4:      0.221  0.4696237    0.0000000    
S4-D6:      0.240  0.4896075    0.0000000    
S5-D3:      0.264  0.5140611    0.0000000    
S5-D5:      0.234  0.4837670    0.0000000    
S5-D6:      0.298  0.5455806    0.0000000    
S5-D7:      0.342  0.5846680    0.0000000    
S6-D5:      0.237  0.4871220    0.0000000    
S6-D7:      0.307  0.5544990    0.0000000    
S7-D6:      0.353  0.5940097    0.0000000    
S7-D7:      0.290  0.5381328    0.0000000    
S7-D8:      0.274  0.5230773    0.0000000    
S7-D14:      0.328  0.5728895    0.0000000    
S8-D7:      0.297  0.5451272    0.0000000    
S8-D8:      0.200  0.4474460    0.0000000    
S9-D4:      0.216  0.4646031    0.0000000    
S9-D6:      0.357  0.5973849    0.0000000    
S9-D12:      0.347  0.5888473    0.0000000    
S9-D14:      0.175  0.4183170    0.0000000    
S10-D9:      0.156  0.3951489    0.0000000    
S10-D10:      0.251  0.5012234    0.0000000    
S10-D11:      0.210  0.4586086    0.0000000    
S11-D4:      0.182  0.4270700    0.0000000    
S11-D9:      0.152  0.3902587    0.0000000    
S11-D11:      0.166  0.4077329    0.0000000    
S11-D12:      0.174  0.4170761    0.0000000    
S12-D10:      0.175  0.4179740    0.0000000    
S12-D11:      0.260  0.5094508    0.0000000    
S12-D13:      0.223  0.4718348    0.0000000    
S13-D11:      0.201  0.4479336    0.0000000    
S13-D12:      0.373  0.6105133    0.0000000    
S13-D13:      0.347  0.5887093    0.0000000    
S13-D15:      0.312  0.5581306    0.0000000    
S14-D12:      0.384  0.6193643    0.0000000    
S14-D14:      0.267  0.5171219    0.0000000    
S14-D15:      0.314  0.5602042    0.0000000    
S14-D16:      0.289  0.5375629    0.0000000    
S15-D13:      0.141  0.3754551    0.0000000    
S15-D15:      0.338  0.5816037    0.0000000    
S16-D15:      0.267  0.5165937    0.0000000    
S16-D16:      0.223  0.4723896    0.0000000    
Explained VarianceDeOxy(R squared)
S1-D1:      0.018  0.1353329    0.0000000    
S1-D2:      0.089  0.2975278    0.0000000    
S1-D3:      0.053  0.2312033    0.0000000    
S2-D2:      0.164  0.4052456    0.0000000    
S2-D4:      0.088  0.2974080    0.0000000    
S2-D9:      0.232  0.4814181    0.0000000    
S3-D1:      0.040  0.1990819    0.0000000    
S3-D3:      0.067  0.2593055    0.0000000    
S3-D5:      0.258  0.5075850    0.0000000    
S4-D2:      0.201  0.4479894    0.0000000    
S4-D3:      0.064  0.2534284    0.0000000    
S4-D4:      0.075  0.2737667    0.0000000    
S4-D6:      0.062  0.2483576    0.0000000    
S5-D3:      0.181  0.4251118    0.0000000    
S5-D5:      0.096  0.3103984    0.0000000    
S5-D6:      0.049  0.2212339    0.0000000    
S5-D7:      0.015  0.1233428    0.0000000    
S6-D5:      0.176  0.4194382    0.0000000    
S6-D7:      0.071  0.2657400    0.0000000    
S7-D6:      0.125  0.3529235    0.0000000    
S7-D7:      0.225  0.4746294    0.0000000    
S7-D8:      0.182  0.4269749    0.0000000    
S7-D14:      0.200  0.4474254    0.0000000    
S8-D7:      0.123  0.3502307    0.0000000    
S8-D8:      0.119  0.3445902    0.0000000    
S9-D4:      0.117  0.3417650    0.0000000    
S9-D6:      0.332  0.5760206    0.0000000    
S9-D12:      0.166  0.4079502    0.0000000    
S9-D14:      0.130  0.3603847    0.0000000    
S10-D9:      0.057  0.2395526    0.0000000    
S10-D10:      0.085  0.2908122    0.0000000    
S10-D11:      0.268  0.5178742    0.0000000    
S11-D4:      0.050  0.2233245    0.0000000    
S11-D9:      0.049  0.2211965    0.0000000    
S11-D11:      0.179  0.4225047    0.0000000    
S11-D12:      0.057  0.2390591    0.0000000    
S12-D10:      0.083  0.2874894    0.0000000    
S12-D11:      0.118  0.3436948    0.0000000    
S12-D13:      0.086  0.2929489    0.0000000    
S13-D11:      0.110  0.3323399    0.0000000    
S13-D12:      0.124  0.3520740    0.0000000    
S13-D13:      0.110  0.3309911    0.0000000    
S13-D15:      0.113  0.3361034    0.0000000    
S14-D12:      0.083  0.2882644    0.0000000    
S14-D14:      0.146  0.3818123    0.0000000    
S14-D15:      0.095  0.3080258    0.0000000    
S14-D16:      0.145  0.3807907    0.0000000    
S15-D13:      0.220  0.4689156    0.0000000    
S15-D15:      0.065  0.2546849    0.0000000    
S16-D15:      0.082  0.2870150    0.0000000    
S16-D16:      0.111  0.3325821    0.0000000    
Explained VarianceTotal(R squared)
S1-D1:      0.263  0.5125099    0.0000000    
S1-D2:      0.304  0.5515736    0.0000000    
S1-D3:      0.263  0.5126968    0.0000000    
S2-D2:      0.252  0.5016872    0.0000000    
S2-D4:      0.121  0.3477389    0.0000000    
S2-D9:      0.113  0.3368153    0.0000000    
S3-D1:      0.230  0.4794554    0.0000000    
S3-D3:      0.228  0.4770531    0.0000000    
S3-D5:      0.415  0.6439411    0.0000000    
S4-D2:      0.417  0.6460858    0.0000000    
S4-D3:      0.176  0.4198267    0.0000000    
S4-D4:      0.077  0.2770594    0.0000000    
S4-D6:      0.174  0.4176638    0.0000000    
S5-D3:      0.134  0.3660113    0.0000000    
S5-D5:      0.300  0.5472787    0.0000000    
S5-D6:      0.157  0.3957207    0.0000000    
S5-D7:      0.228  0.4771397    0.0000000    
S6-D5:      0.555  0.7451405    0.0000000    
S6-D7:      0.177  0.4212827    0.0000000    
S7-D6:      0.323  0.5684852    0.0000000    
S7-D7:      0.290  0.5387569    0.0000000    
S7-D8:      0.300  0.5475168    0.0000000    
S7-D14:      0.290  0.5384159    0.0000000    
S8-D7:      0.241  0.4908069    0.0000000    
S8-D8:      0.125  0.3536297    0.0000000    
S9-D4:      0.138  0.3717711    0.0000000    
S9-D6:      0.443  0.6652473    0.0000000    
S9-D12:      0.227  0.4760518    0.0000000    
S9-D14:      0.063  0.2508001    0.0000000    
S10-D9:      0.106  0.3252126    0.0000000    
S10-D10:      0.179  0.4226751    0.0000000    
S10-D11:      0.274  0.5229745    0.0000000    
S11-D4:      0.082  0.2865899    0.0000000    
S11-D9:      0.096  0.3094969    0.0000000    
S11-D11:      0.390  0.6241569    0.0000000    
S11-D12:      0.113  0.3355665    0.0000000    
S12-D10:      0.131  0.3624400    0.0000000    
S12-D11:      0.148  0.3844408    0.0000000    
S12-D13:      0.141  0.3757693    0.0000000    
S13-D11:      0.430  0.6554407    0.0000000    
S13-D12:      0.193  0.4389065    0.0000000    
S13-D13:      0.218  0.4668390    0.0000000    
S13-D15:      0.143  0.3775871    0.0000000    
S14-D12:      0.380  0.6167906    0.0000000    
S14-D14:      0.158  0.3975327    0.0000000    
S14-D15:      0.130  0.3611698    0.0000000    
S14-D16:      0.217  0.4663558    0.0000000    
S15-D13:      0.141  0.3750944    0.0000000    
S15-D15:      0.221  0.4703246    0.0000000    
S16-D15:      0.119  0.3455083    0.0000000    
S16-D16:      0.109  0.3306072    0.0000000    
