GLM RESULTS

Model fit per channel for Oxy(beta, t, p values)
S1-D1:      0.002     0.284  0.7766632       0.001     0.133  0.8946266       0.002     0.296  0.7675617      -0.002    -0.253  0.8001668       0.059    -6.679  0.0000000    
S1-D2:     -0.000    -0.182  0.8557848       0.001     0.570  0.5687748       0.000     0.017  0.9868318      -0.001    -0.743  0.4575071      -0.103    13.719  0.0000000    
S1-D3:     -0.000    -0.245  0.8067351       0.001     0.787  0.4314294       0.000     0.124  0.9017086      -0.001    -1.025  0.3059723       0.035   -32.864  0.0000000    
S2-D2:     -0.000    -0.139  0.8894956       0.001     0.560  0.5759185       0.000     0.080  0.9359524      -0.002    -0.773  0.4395752      -0.311    21.096  0.0000000    
S2-D4:     -0.000    -0.034  0.9727869       0.001     0.250  0.8028398       0.000     0.025  0.9802548      -0.002    -0.420  0.6749710      -0.522     9.186  0.0000000    
S2-D9:     -0.000    -0.002  0.9984755       0.000     0.375  0.7076894       0.000     0.239  0.8115788      -0.000    -0.460  0.6455749      -0.206  -595.083  0.0000000    
S3-D1:      0.010     0.963  0.3360179      -0.003    -0.190  0.8491714       0.011     0.824  0.4101593       0.000     0.018  0.9856517      -0.003    -2.372  0.0180285    
S3-D3:      0.010     0.971  0.3317246      -0.002    -0.171  0.8643208       0.009     0.725  0.4690153       0.001     0.074  0.9406556      -0.028    -3.537  0.0004385    
S3-D5:      0.003     0.344  0.7311897      -0.000    -0.033  0.9738896       0.003     0.357  0.7210079      -0.001    -0.106  0.9155685       0.085    -7.377  0.0000000    
S4-D2:      0.011     0.722  0.4707730      -0.005    -0.236  0.8138400       0.009     0.444  0.6571554      -0.001    -0.069  0.9450498      -0.337     5.623  0.0000000    
S4-D3:      0.008     0.554  0.5795540      -0.005    -0.256  0.7984228       0.006     0.328  0.7428625      -0.001    -0.049  0.9610804      -0.207     4.775  0.0000023    
S4-D4:     -0.000    -0.081  0.9356858       0.000     0.233  0.8156390       0.000     0.054  0.9571482      -0.000    -0.612  0.5407366      -0.657   151.138  0.0000000    
S4-D6:      0.005     0.666  0.5056875      -0.001    -0.052  0.9588268       0.006     0.661  0.5087587      -0.000    -0.006  0.9951862      -0.364    -5.534  0.0000000    
S5-D3:      0.007     0.491  0.6236772      -0.005    -0.264  0.7918399       0.005     0.267  0.7895657      -0.001    -0.043  0.9654754      -0.172     4.326  0.0000180    
S5-D5:      0.006     0.537  0.5912634      -0.003    -0.238  0.8118396       0.007     0.510  0.6103829      -0.002    -0.142  0.8867615      -0.195     4.620  0.0000048    
S5-D6:      0.000     0.185  0.8529938       0.000     0.103  0.9181584       0.000     0.140  0.8883643      -0.000    -0.292  0.7706878      -0.413  -500.427  0.0000000    
S5-D7:      0.000     0.209  0.8346013       0.000     0.088  0.9301040       0.000     0.113  0.9104540      -0.000    -0.273  0.7846803      -0.354  -522.160  0.0000000    
S6-D5:      0.001     0.165  0.8692005      -0.001    -0.334  0.7388591       0.000     0.104  0.9175897      -0.000    -0.113  0.9098144      -0.125    -8.509  0.0000000    
S6-D7:      0.000     0.031  0.9752626      -0.000    -0.241  0.8093130      -0.000    -0.053  0.9580824      -0.000    -0.156  0.8759765      -0.265   -24.470  0.0000000    
S7-D6:      0.000     0.005  0.9957946       0.000     0.325  0.7452530      -0.000    -0.026  0.9794145      -0.000    -0.525  0.5999363      -0.488  -985.388  0.0000000    
S7-D7:     -0.000    -0.044  0.9652491       0.000     0.157  0.8756620      -0.000    -0.163  0.8704632      -0.000    -0.387  0.6992001      -0.651  -327.166  0.0000000    
S7-D8:      0.003     0.196  0.8445584      -0.005    -0.215  0.8295616       0.001     0.047  0.9626810      -0.001    -0.044  0.9648895      -0.169     5.727  0.0000000    
S7-D14:      0.000     0.022  0.9825182      -0.000    -0.145  0.8848642      -0.000    -0.051  0.9592636      -0.000    -0.280  0.7795714      -0.288   -18.778  0.0000000    
S8-D7:      0.000     0.112  0.9105321      -0.000    -0.253  0.8004300      -0.000    -0.023  0.9820354      -0.000    -0.113  0.9098706      -0.330   216.803  0.0000000    
S8-D8:     -0.000    -0.012  0.9905014      -0.000    -0.145  0.8850250      -0.000    -0.138  0.8902832      -0.000    -0.299  0.7648949      -0.114  -150.080  0.0000000    
S9-D4:     -0.000    -0.089  0.9288286      -0.000    -0.440  0.6602068      -0.000    -0.299  0.7650236      -0.000    -0.097  0.9228242      -0.688  -100.798  0.0000000    
S9-D6:      0.000     0.105  0.9164843      -0.001    -0.919  0.3582378      -0.000    -0.098  0.9219686       0.000     0.354  0.7231830      -0.635   -65.627  0.0000000    
S9-D12:      0.000     0.060  0.9519448      -0.000    -0.255  0.7987085      -0.000    -0.081  0.9353901       0.000     0.014  0.9887785      -0.586    -3.626  0.0003144    
S9-D14:      0.000     0.093  0.9255753      -0.000    -0.180  0.8569616      -0.000    -0.102  0.9191245      -0.000    -0.171  0.8645120      -0.498    23.491  0.0000000    
S10-D9:      0.000     0.031  0.9755099      -0.000    -0.529  0.5971157       0.000     0.004  0.9968653       0.000     0.285  0.7756889      -0.248   154.611  0.0000000    
S10-D10:      0.000     0.124  0.9012151      -0.000    -0.582  0.5610038       0.000     0.043  0.9660634       0.000     0.338  0.7356129       0.024    -6.966  0.0000000    
S10-D11:      0.000     0.108  0.9139131      -0.000    -0.471  0.6380098       0.000     0.009  0.9928705       0.000     0.275  0.7835138      -0.009   -41.439  0.0000000    
S11-D4:      0.000     0.053  0.9573696      -0.001    -0.603  0.5470275      -0.000    -0.136  0.8922237       0.000     0.452  0.6514267      -0.435    17.314  0.0000000    
S11-D9:      0.000     0.041  0.9674981      -0.001    -0.934  0.3505493       0.000     0.036  0.9714890       0.000     0.489  0.6252770      -0.415    12.185  0.0000000    
S11-D11:      0.000     0.107  0.9150577      -0.000    -0.569  0.5698037       0.000     0.103  0.9178788       0.000     0.493  0.6219087      -0.263    86.580  0.0000000    
S11-D12:      0.000     0.027  0.9784511      -0.005    -0.465  0.6422817       0.002     0.157  0.8750966       0.003     0.252  0.8011866      -0.431     5.710  0.0000000    
S12-D10:      0.000     0.156  0.8759462      -0.001    -0.777  0.4373386      -0.000    -0.031  0.9753901       0.001     0.708  0.4792289       0.057     5.744  0.0000000    
S12-D11:      0.000     0.187  0.8518661      -0.000    -0.687  0.4922215      -0.000    -0.013  0.9893054       0.000     0.576  0.5649227       0.007   -18.792  0.0000000    
S12-D13:      0.000     0.205  0.8374613      -0.000    -0.411  0.6813123      -0.000    -0.151  0.8798662       0.000     0.331  0.7404327       0.028    26.744  0.0000000    
S13-D11:      0.000     0.423  0.6726433      -0.001    -1.152  0.2499818       0.000     0.071  0.9436177       0.001     1.169  0.2428028      -0.332    23.104  0.0000000    
S13-D12:      0.000     0.246  0.8058470      -0.000    -0.410  0.6818141      -0.000    -0.224  0.8228838       0.000     0.461  0.6453156      -0.503  -1069.475  0.0000000    
S13-D13:      0.000     0.226  0.8215874      -0.001    -0.771  0.4411951      -0.000    -0.055  0.9562224       0.001     0.786  0.4324116      -0.417    24.280  0.0000000    
S13-D15:     -0.003    -0.171  0.8643004      -0.002    -0.118  0.9062610       0.002     0.107  0.9144336       0.008     0.399  0.6900671      -0.576    -7.389  0.0000000    
S14-D12:      0.000     0.001  0.9994500      -0.002    -0.192  0.8475503       0.000     0.018  0.9853136       0.004     0.338  0.7354876      -0.600    -7.540  0.0000000    
S14-D14:      0.000     0.146  0.8836307      -0.000    -0.390  0.6963794      -0.000    -0.089  0.9292117       0.000     0.364  0.7156814      -0.439    45.709  0.0000000    
S14-D15:      0.000     0.243  0.8077455      -0.001    -0.675  0.5002355      -0.000    -0.083  0.9338420       0.001     0.779  0.4362589      -0.528    12.251  0.0000000    
S14-D16:     -0.004    -0.417  0.6771494      -0.004    -0.304  0.7614939      -0.004    -0.313  0.7546458       0.001     0.109  0.9132347      -0.253     3.674  0.0002618    
S15-D13:      0.000     0.103  0.9183077      -0.000    -0.600  0.5488463      -0.000    -0.217  0.8283717       0.000     0.744  0.4570487      -0.291    -1.392  0.1643445    
S15-D15:      0.000     0.153  0.8782161      -0.000    -0.579  0.5628536      -0.000    -0.111  0.9117879       0.000     0.777  0.4373708      -0.545  -246.050  0.0000000    
S16-D15:      0.000     0.043  0.9659128      -0.000    -0.388  0.6984306      -0.000    -0.140  0.8884098       0.000     0.427  0.6698009      -0.456    86.704  0.0000000    
S16-D16:      0.000     0.230  0.8177903      -0.000    -0.565  0.5726131      -0.000    -0.100  0.9201431       0.000     0.612  0.5407961       0.030   -37.367  0.0000000    

Model fit per channel for DeOxy(beta, t, p values)
S1-D1:      0.000     0.014  0.9885764       0.000     0.599  0.5497315       0.000     0.412  0.6807590      -0.000    -0.715  0.4747731      -0.017  -221.476  0.0000000    
S1-D2:      0.000     0.054  0.9568210       0.000     0.217  0.8281370       0.000     0.475  0.6347664       0.000     0.198  0.8430892       0.174   -31.873  0.0000000    
S1-D3:     -0.000    -0.197  0.8439080       0.000     0.532  0.5948961      -0.000    -0.347  0.7285750       0.000     0.082  0.9342889       0.057    53.883  0.0000000    
S2-D2:     -0.000    -0.463  0.6434432      -0.000    -0.165  0.8693052      -0.000    -0.277  0.7817014      -0.000    -0.554  0.5798538       0.444    85.156  0.0000000    
S2-D4:      0.001     0.191  0.8485458      -0.000    -0.074  0.9412948       0.001     0.255  0.7988797      -0.001    -0.151  0.8798192      -0.062     4.642  0.0000043    
S2-D9:     -0.000    -0.651  0.5156210      -0.000    -0.110  0.9121886       0.000     0.038  0.9696007      -0.000    -0.108  0.9140857       0.356   236.532  0.0000000    
S3-D1:     -0.000    -0.156  0.8762230       0.000     0.309  0.7573736       0.000     0.361  0.7186016      -0.000    -0.398  0.6906758      -0.001  -254.834  0.0000000    
S3-D3:     -0.000    -0.379  0.7045073       0.000     0.052  0.9585973      -0.000    -0.159  0.8740570       0.000     0.231  0.8177558       0.176  -735.415  0.0000000    
S3-D5:      0.000     0.008  0.9932810      -0.000    -0.077  0.9388842      -0.000    -0.064  0.9492736       0.000     0.016  0.9869332       0.104    -3.261  0.0011767    
S4-D2:      0.000     0.001  0.9995535      -0.000    -0.251  0.8020079       0.000     0.059  0.9526180      -0.001    -0.760  0.4473215       0.059    84.239  0.0000000    
S4-D3:      0.000     0.328  0.7427775      -0.000    -0.255  0.7987493       0.000     0.378  0.7055102       0.000     0.134  0.8934173       0.556   -57.049  0.0000000    
S4-D4:      0.000     0.022  0.9822179      -0.001    -0.179  0.8582801       0.000     0.082  0.9344295       0.000     0.043  0.9660608      -0.399     4.073  0.0000531    
S4-D6:     -0.000    -0.852  0.3943463      -0.000    -0.171  0.8640007      -0.000    -0.208  0.8350619       0.000     0.210  0.8340383       0.330   144.917  0.0000000    
S5-D3:     -0.000    -0.155  0.8772104       0.000     0.460  0.6459091       0.000     0.169  0.8657831      -0.000    -0.252  0.8011964       0.423   -28.685  0.0000000    
S5-D5:     -0.000    -0.224  0.8229718      -0.000    -0.052  0.9588228      -0.000    -0.076  0.9398159       0.000     0.489  0.6250668       0.169   -28.954  0.0000000    
S5-D6:      0.000     0.310  0.7567938      -0.000    -0.250  0.8029092      -0.000    -0.196  0.8446296      -0.000    -0.418  0.6758355       0.107  -244.273  0.0000000    
S5-D7:     -0.000    -0.083  0.9338366      -0.000    -0.692  0.4894271      -0.000    -0.429  0.6683513       0.000     0.454  0.6501548      -0.231  -159.815  0.0000000    
S6-D5:      0.000     0.150  0.8807840      -0.000    -0.184  0.8542092      -0.000    -0.263  0.7928957      -0.000    -0.297  0.7667294      -0.029    10.849  0.0000000    
S6-D7:      0.000     0.045  0.9643100      -0.000    -0.739  0.4603769      -0.000    -0.161  0.8722300       0.000     0.360  0.7186350       0.039  -406.258  0.0000000    
S7-D6:     -0.000    -0.299  0.7652734      -0.000    -0.243  0.8077700       0.000     0.842  0.3999622       0.000     0.154  0.8778892      -0.280  -281.666  0.0000000    
S7-D7:      0.000     0.053  0.9574379       0.000     0.238  0.8119971      -0.000    -0.348  0.7280496       0.000     0.068  0.9457473      -0.384  -161.618  0.0000000    
S7-D8:     -0.000    -0.269  0.7879006       0.000     0.253  0.8004929      -0.000    -0.565  0.5722553      -0.000    -0.406  0.6847780      -0.087  -154.100  0.0000000    
S7-D14:      0.000     0.015  0.9879871       0.000     0.498  0.6187273      -0.000    -0.004  0.9971341      -0.000    -0.457  0.6479371       0.069    80.823  0.0000000    
S8-D7:      0.000     0.413  0.6797908      -0.000    -0.096  0.9237496       0.000     0.434  0.6646079       0.000     0.026  0.9793226      -0.096  -118.481  0.0000000    
S8-D8:      0.000     0.350  0.7262068       0.000     0.089  0.9294707       0.000     0.304  0.7614037      -0.000    -0.079  0.9371717       0.129   -10.572  0.0000000    
S9-D4:      0.000     0.007  0.9947940      -0.000    -0.031  0.9754910      -0.001    -0.359  0.7197347      -0.000    -0.042  0.9664373       0.345     5.073  0.0000005    
S9-D6:      0.000     0.335  0.7376154      -0.000    -0.140  0.8884247      -0.000    -0.186  0.8526410      -0.000    -0.255  0.7988895       0.250   256.470  0.0000000    
S9-D12:      0.000     0.236  0.8134223      -0.000    -0.352  0.7250868      -0.000    -0.191  0.8486979       0.000     0.010  0.9917501       0.394   172.078  0.0000000    
S9-D14:      0.000     0.420  0.6743386      -0.000    -0.484  0.6287479      -0.000    -0.213  0.8311914       0.000     0.259  0.7960731       0.146     4.474  0.0000093    
S10-D9:     -0.000    -0.869  0.3850300      -0.000    -0.347  0.7284450       0.000     0.256  0.7979640       0.000     1.005  0.3155238      -0.022   169.958  0.0000000    
S10-D10:      0.000     0.411  0.6810507      -0.000    -0.786  0.4320365       0.000     0.236  0.8133163      -0.000    -0.093  0.9258338       0.257  -107.681  0.0000000    
S10-D11:      0.000     0.136  0.8917535      -0.000    -0.241  0.8100247       0.000     0.046  0.9634393       0.000     0.283  0.7771303       0.049    36.502  0.0000000    
S11-D4:     -0.000    -0.012  0.9902324      -0.002    -0.070  0.9445530      -0.003    -0.145  0.8850405      -0.008    -0.333  0.7395739      -0.025     4.860  0.0000015    
S11-D9:     -0.000    -0.247  0.8050748       0.000     0.309  0.7576179       0.000     0.216  0.8292877       0.000     0.129  0.8976485      -0.299   205.495  0.0000000    
S11-D11:      0.001     0.368  0.7126796      -0.000    -0.059  0.9530174      -0.000    -0.009  0.9929467       0.001     0.320  0.7487835       0.037    -5.872  0.0000000    
S11-D12:     -0.000    -0.234  0.8150519       0.000     0.142  0.8870252       0.000     0.343  0.7315357       0.000     0.018  0.9858963       0.228    42.860  0.0000000    
S12-D10:      0.000     0.218  0.8278730      -0.000    -0.046  0.9636691      -0.000    -0.120  0.9043990      -0.000    -0.467  0.6404251      -0.178  -493.877  0.0000000    
S12-D11:      0.000     0.343  0.7321003      -0.000    -0.433  0.6654333       0.000     0.099  0.9214562       0.000     0.721  0.4711309      -0.016  -103.063  0.0000000    
S12-D13:      0.000     0.096  0.9232947      -0.000    -0.557  0.5779453      -0.000    -0.042  0.9668153       0.000     0.571  0.5683170      -0.221    49.682  0.0000000    
S13-D11:     -0.000    -0.047  0.9621578      -0.000    -0.919  0.3585283       0.000     0.321  0.7484792       0.000     1.010  0.3131615       0.097  -167.914  0.0000000    
S13-D12:      0.000     0.394  0.6934887      -0.000    -0.704  0.4819721       0.000     0.142  0.8871211       0.000     0.754  0.4510888       0.207   -12.529  0.0000000    
S13-D13:      0.000     0.261  0.7943716      -0.000    -0.182  0.8558584      -0.000    -0.163  0.8705706       0.000     0.092  0.9268393      -0.196  -170.141  0.0000000    
S13-D15:      0.000     0.240  0.8103085      -0.000    -0.183  0.8550645      -0.000    -0.062  0.9503389       0.000     0.144  0.8859190      -0.283  -304.345  0.0000000    
S14-D12:      0.000     0.144  0.8857316      -0.000    -0.337  0.7358857       0.000     0.073  0.9416626       0.000     0.306  0.7595182      -0.343   -77.925  0.0000000    
S14-D14:     -0.000    -0.491  0.6236715      -0.000    -0.057  0.9548772      -0.000    -0.471  0.6381206      -0.000    -0.140  0.8885137      -0.362   251.048  0.0000000    
S14-D15:      0.000     0.107  0.9144892      -0.000    -0.811  0.4177361      -0.000    -0.166  0.8679093       0.000     0.884  0.3770599      -0.242     0.108  0.9139238    
S14-D16:      0.001     0.266  0.7903999      -0.000    -0.063  0.9500024       0.000     0.113  0.9099376      -0.000    -0.043  0.9655137       0.010     9.214  0.0000000    
S15-D13:      0.000     0.079  0.9367104      -0.000    -0.251  0.8022241       0.000     0.012  0.9903039       0.000     0.533  0.5943518       0.052   -37.378  0.0000000    
S15-D15:      0.000     0.199  0.8423243      -0.000    -0.476  0.6342872      -0.000    -0.040  0.9682375       0.000     0.771  0.4411511      -0.122  -255.675  0.0000000    
S16-D15:     -0.000    -0.331  0.7409528       0.000     0.207  0.8363101      -0.000    -0.046  0.9634740       0.000     0.079  0.9367624      -0.120  -254.918  0.0000000    
S16-D16:      0.001     0.365  0.7155273       0.000     0.049  0.9610179       0.000     0.061  0.9514180      -0.002    -0.352  0.7249484       0.182     4.754  0.0000025    

Model fit per channel for Total(beta, t, p values)
S1-D1:      0.000     0.083  0.9342168       0.001     0.207  0.8363379       0.001     0.146  0.8841398      -0.001    -0.278  0.7808870       0.041    -7.835  0.0000000    
S1-D2:     -0.000    -0.186  0.8522384       0.000     0.757  0.4493198       0.000     0.560  0.5755517      -0.000    -0.580  0.5624796       0.071   -55.951  0.0000000    
S1-D3:     -0.000    -0.226  0.8212515       0.000     0.186  0.8522788      -0.000    -0.102  0.9188711      -0.000    -0.082  0.9348164       0.092   187.996  0.0000000    
S2-D2:     -0.000    -0.230  0.8179659       0.001     0.547  0.5849151       0.000     0.040  0.9680431      -0.001    -0.862  0.3892227       0.133    -5.433  0.0000001    
S2-D4:      0.000     0.019  0.9847375       0.001     0.174  0.8618375       0.001     0.185  0.8530878      -0.002    -0.463  0.6435067      -0.584     4.431  0.0000113    
S2-D9:      0.007     0.467  0.6405175       0.000     0.026  0.9794624       0.005     0.247  0.8050347      -0.003    -0.165  0.8693755       0.150     2.324  0.0205044    
S3-D1:      0.000     0.017  0.9861881       0.001     0.202  0.8398858       0.000     0.118  0.9061557      -0.002    -0.404  0.6866313      -0.005     5.112  0.0000004    
S3-D3:      0.000     0.014  0.9885350       0.002     0.357  0.7214139       0.001     0.124  0.9012751      -0.001    -0.337  0.7361990       0.147    -6.257  0.0000000    
S3-D5:      0.011     0.688  0.4916243      -0.003    -0.141  0.8876032       0.012     0.563  0.5737291      -0.001    -0.027  0.9784893       0.189    -5.919  0.0000000    
S4-D2:     -0.000    -0.039  0.9688511       0.000     0.197  0.8441584       0.000     0.208  0.8351550      -0.000    -1.304  0.1926292      -0.279    23.504  0.0000000    
S4-D3:      0.003     0.534  0.5937915      -0.002    -0.216  0.8288844       0.004     0.602  0.5471424      -0.001    -0.181  0.8567003       0.349    -5.655  0.0000000    
S4-D4:      0.000     0.088  0.9302726      -0.000    -0.064  0.9492970       0.001     0.130  0.8969143      -0.001    -0.126  0.8995931      -1.056     5.601  0.0000000    
S4-D6:      0.009     0.617  0.5373054      -0.005    -0.275  0.7835707       0.010     0.586  0.5578445       0.002     0.108  0.9142973      -0.034     1.160  0.2466342    
S5-D3:      0.002     0.354  0.7231141      -0.000    -0.054  0.9569435       0.002     0.346  0.7296232      -0.001    -0.169  0.8661642       0.251    -6.105  0.0000000    
S5-D5:     -0.000    -0.076  0.9394867      -0.000    -0.126  0.8998184      -0.000    -0.082  0.9342915      -0.000    -0.139  0.8895220      -0.026    -6.245  0.0000000    
S5-D6:      0.000     0.096  0.9237366      -0.000    -0.038  0.9696851      -0.000    -0.035  0.9720339      -0.000    -0.295  0.7680798      -0.307  -106.682  0.0000000    
S5-D7:     -0.000    -0.056  0.9553274      -0.000    -0.166  0.8679705      -0.000    -0.145  0.8847574      -0.000    -0.122  0.9028944      -0.585   -62.467  0.0000000    
S6-D5:      0.011     0.603  0.5467615      -0.001    -0.057  0.9548207       0.014     0.638  0.5237050       0.002     0.067  0.9465678      -0.154    -3.724  0.0002160    
S6-D7:      0.000     0.080  0.9359011      -0.000    -0.384  0.7014715      -0.000    -0.075  0.9401194      -0.000    -0.044  0.9647093      -0.226    -5.311  0.0000002    
S7-D6:     -0.000    -0.118  0.9058089       0.000     0.025  0.9798788      -0.000    -0.133  0.8939635      -0.000    -0.321  0.7482130      -0.768   -23.259  0.0000000    
S7-D7:      0.000     0.066  0.9476618       0.000     0.069  0.9450671      -0.000    -0.323  0.7466943      -0.000    -0.014  0.9885980      -1.036  -147.621  0.0000000    
S7-D8:     -0.000    -0.024  0.9807312      -0.000    -0.086  0.9316353      -0.000    -0.253  0.8003136      -0.000    -0.316  0.7518406      -0.257   205.022  0.0000000    
S7-D14:      0.001     0.160  0.8728914      -0.001    -0.120  0.9047225       0.001     0.141  0.8882631      -0.001    -0.217  0.8280654      -0.219    -8.877  0.0000000    
S8-D7:      0.000     0.172  0.8638246      -0.001    -0.450  0.6531207       0.000     0.110  0.9120986       0.000     0.124  0.9016743      -0.426    -9.839  0.0000000    
S8-D8:      0.000     0.134  0.8936698      -0.001    -0.312  0.7553036       0.000     0.055  0.9558683      -0.000    -0.008  0.9934217       0.016     5.660  0.0000000    
S9-D4:      0.001     0.199  0.8422255      -0.001    -0.177  0.8598912       0.001     0.100  0.9203163       0.000     0.047  0.9629006      -0.343    -1.682  0.0931114    
S9-D6:      0.000     0.151  0.8800840      -0.000    -0.078  0.9378679      -0.000    -0.121  0.9036089      -0.000    -0.323  0.7470032      -0.385  -325.528  0.0000000    
S9-D12:      0.000     0.119  0.9055375      -0.000    -0.392  0.6951903      -0.000    -0.086  0.9318326       0.000     0.099  0.9211441      -0.192    -4.156  0.0000376    
S9-D14:      0.000     0.191  0.8486208      -0.001    -0.634  0.5262867      -0.000    -0.074  0.9407708       0.000     0.133  0.8943631      -0.352     5.724  0.0000000    
S10-D9:     -0.000    -0.695  0.4870402      -0.000    -0.287  0.7740483       0.000     0.135  0.8926896       0.000     0.636  0.5251018      -0.270   161.562  0.0000000    
S10-D10:     -0.004    -0.465  0.6420477      -0.001    -0.138  0.8899870      -0.002    -0.194  0.8461829       0.000     0.014  0.9887082       0.281     3.113  0.0019497    
S10-D11:     -0.000    -0.019  0.9845847       0.000     0.002  0.9983386      -0.000    -0.041  0.9674429      -0.000    -0.094  0.9252405       0.040  -293.332  0.0000000    
S11-D4:      0.001     0.098  0.9221449      -0.002    -0.158  0.8745548       0.001     0.099  0.9214498      -0.000    -0.018  0.9859894      -0.460     6.238  0.0000000    
S11-D9:     -0.000    -0.310  0.7564162       0.000     0.141  0.8882971      -0.000    -0.295  0.7680378       0.000     0.334  0.7388661      -0.714     9.713  0.0000000    
S11-D11:      0.000     0.101  0.9194428      -0.000    -0.010  0.9919061      -0.000    -0.018  0.9854785       0.000     0.112  0.9108171      -0.225  -112.581  0.0000000    
S11-D12:     -0.000    -0.195  0.8454009       0.000     0.092  0.9267894       0.000     0.197  0.8435743       0.000     0.007  0.9942283      -0.203   144.467  0.0000000    
S12-D10:     -0.000    -0.097  0.9228862      -0.002    -0.355  0.7229318       0.000     0.026  0.9791041       0.002     0.310  0.7566029      -0.121    -7.906  0.0000000    
S12-D11:      0.000     0.167  0.8671326      -0.001    -0.585  0.5588011       0.000     0.017  0.9863013       0.001     0.539  0.5902908      -0.009   -15.073  0.0000000    
S12-D13:      0.000     0.267  0.7894836      -0.002    -1.009  0.3133153      -0.000    -0.017  0.9864203       0.002     0.994  0.3205708      -0.192    -4.023  0.0000655    
S13-D11:      0.001     0.371  0.7109145      -0.003    -0.985  0.3251739       0.000     0.171  0.8639801       0.003     1.044  0.2967802      -0.235    -4.224  0.0000280    
S13-D12:      0.000     0.229  0.8185863      -0.001    -0.626  0.5314634       0.000     0.021  0.9833556       0.001     0.658  0.5106915      -0.296    11.571  0.0000000    
S13-D13:      0.000     0.175  0.8613333      -0.000    -0.154  0.8779498      -0.000    -0.150  0.8809457       0.000     0.103  0.9178144      -0.613    63.429  0.0000000    
S13-D15:      0.000     0.115  0.9084265      -0.000    -0.060  0.9525637      -0.000    -0.128  0.8985414       0.000     0.007  0.9945008      -0.859    79.705  0.0000000    
S14-D12:      0.000     0.205  0.8374034      -0.001    -0.618  0.5368187       0.000     0.002  0.9982603       0.001     0.618  0.5370724      -0.943     9.437  0.0000000    
S14-D14:      0.000     0.099  0.9211758      -0.002    -0.759  0.4479956      -0.000    -0.114  0.9092459       0.002     0.740  0.4598925      -0.800   -15.116  0.0000000    
S14-D15:     -0.000    -0.007  0.9945707      -0.003    -0.358  0.7201695      -0.001    -0.161  0.8724959       0.003     0.395  0.6928835      -0.771     4.720  0.0000030    
S14-D16:      0.000     0.283  0.7771849      -0.000    -0.385  0.7003139      -0.000    -0.022  0.9826071       0.000     0.302  0.7629415      -0.244    28.413  0.0000000    
S15-D13:      0.000     0.203  0.8391014      -0.001    -0.701  0.4838392      -0.000    -0.086  0.9315146       0.001     0.996  0.3197346      -0.240    -5.963  0.0000000    
S15-D15:      0.000     0.174  0.8616639      -0.000    -0.569  0.5692503      -0.000    -0.112  0.9108832       0.000     0.772  0.4407054      -0.667    24.196  0.0000000    
S16-D15:     -0.006    -0.426  0.6705487       0.001     0.081  0.9351697      -0.007    -0.430  0.6676900      -0.001    -0.085  0.9326133      -0.576     7.898  0.0000000    
S16-D16:     -0.000    -0.069  0.9452438      -0.001    -0.200  0.8419025      -0.001    -0.174  0.8621922       0.001     0.234  0.8154037       0.212    -7.222  0.0000000    


GLM CONTRAST RESULTS
Contrast 1: 2 > 4 

Contrast results per channel for Oxy(t, p values)
S1-D1:      0.071  0.9435374    
S1-D2:     -0.559  0.5760591    
S1-D3:     -0.769  0.4419898    
S2-D2:     -0.524  0.6001831    
S2-D4:     -0.216  0.8291484    
S2-D9:     -0.300  0.7642673    
S3-D1:      0.732  0.4643041    
S3-D3:      0.722  0.4703505    
S3-D5:      0.237  0.8129070    
S4-D2:      0.617  0.5377153    
S4-D3:      0.534  0.5933629    
S4-D4:     -0.233  0.8156635    
S4-D6:      0.449  0.6534032    
S5-D3:      0.502  0.6161257    
S5-D5:      0.512  0.6090183    
S5-D6:      0.034  0.9729347    
S5-D7:      0.060  0.9519171    
S6-D5:      0.363  0.7170465    
S6-D7:      0.209  0.8341651    
S7-D6:     -0.254  0.7992091    
S7-D7:     -0.150  0.8807845    
S7-D8:      0.285  0.7756719    
S7-D14:      0.128  0.8983048    
S8-D7:      0.268  0.7887644    
S8-D8:      0.107  0.9147511    
S9-D4:      0.290  0.7715909    
S9-D6:      0.779  0.4365632    
S9-D12:      0.239  0.8115812    
S9-D14:      0.200  0.8415234    
S10-D9:      0.435  0.6639407    
S10-D10:      0.534  0.5936960    
S10-D11:      0.437  0.6620267    
S11-D4:      0.506  0.6127183    
S11-D9:      0.758  0.4487300    
S11-D11:      0.513  0.6081263    
S11-D12:      0.376  0.7072607    
S12-D10:      0.708  0.4795294    
S12-D11:      0.656  0.5119306    
S12-D13:      0.451  0.6521041    
S13-D11:      1.164  0.2447667    
S13-D12:      0.480  0.6317181    
S13-D13:      0.745  0.4564229    
S13-D15:     -0.014  0.9892087    
S14-D12:      0.150  0.8805022    
S14-D14:      0.398  0.6906023    
S14-D15:      0.681  0.4959319    
S14-D16:     -0.021  0.9831958    
S15-D13:      0.539  0.5897699    
S15-D15:      0.552  0.5814742    
S16-D15:      0.333  0.7395636    
S16-D16:      0.587  0.5573292    
Contrast results per channel for DeOxy(t, p values)
S1-D1:     -0.464  0.6427726    
S1-D2:     -0.138  0.8902693    
S1-D3:     -0.541  0.5889485    
S2-D2:     -0.154  0.8774762    
S2-D4:      0.175  0.8610398    
S2-D9:     -0.312  0.7549632    
S3-D1:     -0.339  0.7345823    
S3-D3:     -0.277  0.7820943    
S3-D5:      0.065  0.9478012    
S4-D2:      0.197  0.8435162    
S4-D3:      0.402  0.6879048    
S4-D4:      0.153  0.8785834    
S4-D6:     -0.395  0.6929375    
S5-D3:     -0.456  0.6488349    
S5-D5:     -0.097  0.9231111    
S5-D6:      0.388  0.6983465    
S5-D7:      0.493  0.6225108    
S6-D5:      0.237  0.8129809    
S6-D7:      0.609  0.5426749    
S7-D6:      0.009  0.9930513    
S7-D7:     -0.155  0.8770210    
S7-D8:     -0.364  0.7156756    
S7-D14:     -0.385  0.7002872    
S8-D7:      0.329  0.7424151    
S8-D8:      0.146  0.8840466    
S9-D4:      0.028  0.9777987    
S9-D6:      0.319  0.7497506    
S9-D12:      0.423  0.6726406    
S9-D14:      0.639  0.5231297    
S10-D9:     -0.264  0.7918465    
S10-D10:      0.871  0.3839456    
S10-D11:      0.273  0.7849102    
S11-D4:      0.046  0.9634154    
S11-D9:     -0.399  0.6897797    
S11-D11:      0.273  0.7853211    
S11-D12:     -0.256  0.7977468    
S12-D10:      0.170  0.8647725    
S12-D11:      0.550  0.5822108    
S12-D13:      0.497  0.6190621    
S13-D11:      0.697  0.4861384    
S13-D12:      0.797  0.4257822    
S13-D13:      0.304  0.7612344    
S13-D15:      0.292  0.7703568    
S14-D12:      0.355  0.7229286    
S14-D14:     -0.257  0.7969639    
S14-D15:      0.705  0.4810610    
S14-D16:      0.210  0.8335531    
S15-D13:      0.246  0.8058339    
S15-D15:      0.497  0.6191033    
S16-D15:     -0.368  0.7129444    
S16-D16:      0.185  0.8530557    
Contrast results per channel for Total(t, p values)
S1-D1:     -0.112  0.9109882    
S1-D2:     -0.714  0.4752497    
S1-D3:     -0.289  0.7728666    
S2-D2:     -0.571  0.5681451    
S2-D4:     -0.124  0.9011578    
S2-D9:      0.266  0.7899851    
S3-D1:     -0.148  0.8825514    
S3-D3:     -0.270  0.7869453    
S3-D5:      0.532  0.5951031    
S4-D2:     -0.180  0.8572773    
S4-D3:      0.497  0.6196439    
S4-D4:      0.104  0.9175567    
S4-D6:      0.591  0.5548418    
S5-D3:      0.260  0.7952274    
S5-D5:      0.053  0.9579556    
S5-D6:      0.089  0.9292222    
S5-D7:      0.097  0.9229306    
S6-D5:      0.414  0.6787995    
S6-D7:      0.352  0.7252734    
S7-D6:     -0.093  0.9263253    
S7-D7:     -0.014  0.9887610    
S7-D8:      0.053  0.9579108    
S7-D14:      0.192  0.8476585    
S8-D7:      0.459  0.6465346    
S8-D8:      0.327  0.7438645    
S9-D4:      0.260  0.7946226    
S9-D6:      0.155  0.8766702    
S9-D12:      0.382  0.7027396    
S9-D14:      0.616  0.5380543    
S10-D9:     -0.206  0.8372100    
S10-D10:     -0.177  0.8597573    
S10-D11:     -0.014  0.9890456    
S11-D4:      0.183  0.8550515    
S11-D9:     -0.301  0.7634531    
S11-D11:      0.071  0.9438148    
S11-D12:     -0.194  0.8462504    
S12-D10:      0.217  0.8280504    
S12-D11:      0.564  0.5731991    
S12-D13:      0.957  0.3389177    
S13-D11:      1.000  0.3176505    
S13-D12:      0.634  0.5263484    
S13-D13:      0.230  0.8181975    
S13-D15:      0.119  0.9056204    
S14-D12:      0.613  0.5402976    
S14-D14:      0.658  0.5108392    
S14-D15:      0.278  0.7813572    
S14-D16:      0.478  0.6330383    
S15-D13:      0.677  0.4989068    
S15-D15:      0.558  0.5772688    
S16-D15:     -0.324  0.7458736    
S16-D16:      0.114  0.9090918    
Explained VarianceOxy(R squared)
S1-D1:      0.245  0.4947497    0.0000000    
S1-D2:      0.231  0.4801225    0.0000000    
S1-D3:      0.253  0.5033176    0.0000000    
S2-D2:      0.234  0.4835997    0.0000000    
S2-D4:      0.237  0.4869578    0.0000000    
S2-D9:      0.186  0.4317394    0.0000000    
S3-D1:      0.286  0.5344060    0.0000000    
S3-D3:      0.196  0.4427618    0.0000000    
S3-D5:      0.301  0.5483975    0.0000000    
S4-D2:      0.247  0.4970845    0.0000000    
S4-D3:      0.220  0.4688227    0.0000000    
S4-D4:      0.271  0.5209147    0.0000000    
S4-D6:      0.149  0.3854271    0.0000000    
S5-D3:      0.208  0.4557477    0.0000000    
S5-D5:      0.214  0.4627410    0.0000000    
S5-D6:      0.152  0.3903886    0.0000000    
S5-D7:      0.182  0.4260296    0.0000000    
S6-D5:      0.222  0.4713281    0.0000000    
S6-D7:      0.232  0.4814062    0.0000000    
S7-D6:      0.165  0.4061425    0.0000000    
S7-D7:      0.276  0.5248925    0.0000000    
S7-D8:      0.132  0.3634947    0.0000000    
S7-D14:      0.086  0.2935438    0.0000000    
S8-D7:      0.150  0.3873507    0.0000000    
S8-D8:      0.209  0.4573938    0.0000000    
S9-D4:      0.277  0.5264238    0.0000000    
S9-D6:      0.240  0.4895668    0.0000000    
S9-D12:      0.208  0.4562557    0.0000000    
S9-D14:      0.156  0.3948131    0.0000000    
S10-D9:      0.294  0.5425683    0.0000000    
S10-D10:      0.311  0.5578793    0.0000000    
S10-D11:      0.286  0.5344726    0.0000000    
S11-D4:      0.237  0.4869320    0.0000000    
S11-D9:      0.301  0.5484254    0.0000000    
S11-D11:      0.211  0.4595822    0.0000000    
S11-D12:      0.216  0.4645438    0.0000000    
S12-D10:      0.270  0.5192622    0.0000000    
S12-D11:      0.294  0.5419318    0.0000000    
S12-D13:      0.323  0.5680804    0.0000000    
S13-D11:      0.245  0.4949722    0.0000000    
S13-D12:      0.195  0.4410922    0.0000000    
S13-D13:      0.237  0.4865483    0.0000000    
S13-D15:      0.214  0.4631013    0.0000000    
S14-D12:      0.184  0.4288266    0.0000000    
S14-D14:      0.110  0.3310106    0.0000000    
S14-D15:      0.153  0.3906020    0.0000000    
S14-D16:      0.060  0.2441189    0.0000000    
S15-D13:      0.213  0.4615649    0.0000000    
S15-D15:      0.196  0.4432128    0.0000000    
S16-D15:      0.117  0.3427503    0.0000000    
S16-D16:      0.048  0.2185507    0.0000000    
Explained VarianceDeOxy(R squared)
S1-D1:      0.275  0.5240397    0.0000000    
S1-D2:      0.106  0.3263037    0.0000000    
S1-D3:      0.259  0.5093336    0.0000000    
S2-D2:      0.214  0.4627852    0.0000000    
S2-D4:      0.047  0.2174710    0.0000000    
S2-D9:      0.177  0.4205171    0.0000000    
S3-D1:      0.134  0.3655685    0.0000000    
S3-D3:      0.070  0.2639570    0.0000000    
S3-D5:      0.298  0.5457987    0.0000000    
S4-D2:      0.134  0.3660070    0.0000000    
S4-D3:      0.174  0.4170695    0.0000000    
S4-D4:      0.108  0.3284578    0.0000000    
S4-D6:      0.084  0.2893641    0.0000000    
S5-D3:      0.205  0.4528421    0.0000000    
S5-D5:      0.229  0.4786672    0.0000000    
S5-D6:      0.081  0.2850876    0.0000000    
S5-D7:      0.241  0.4913429    0.0000000    
S6-D5:      0.319  0.5644576    0.0000000    
S6-D7:      0.352  0.5934428    0.0000000    
S7-D6:      0.145  0.3806915    0.0000000    
S7-D7:      0.411  0.6413052    0.0000000    
S7-D8:      0.202  0.4495609    0.0000000    
S7-D14:      0.020  0.1406875    0.0000000    
S8-D7:      0.055  0.2349730    0.0000000    
S8-D8:      0.042  0.2041945    0.0000000    
S9-D4:      0.073  0.2706574    0.0000000    
S9-D6:      0.070  0.2646562    0.0000000    
S9-D12:      0.116  0.3403337    0.0000000    
S9-D14:      0.178  0.4214984    0.0000000    
S10-D9:      0.109  0.3304419    0.0000000    
S10-D10:      0.130  0.3601085    0.0000000    
S10-D11:      0.161  0.4009995    0.0000000    
S11-D4:      0.161  0.4016749    0.0000000    
S11-D9:      0.273  0.5229322    0.0000000    
S11-D11:      0.079  0.2815825    0.0000000    
S11-D12:      0.133  0.3647823    0.0000000    
S12-D10:      0.135  0.3670200    0.0000000    
S12-D11:      0.297  0.5448754    0.0000000    
S12-D13:      0.229  0.4789712    0.0000000    
S13-D11:      0.048  0.2189428    0.0000000    
S13-D12:      0.113  0.3365879    0.0000000    
S13-D13:      0.224  0.4733161    0.0000000    
S13-D15:      0.124  0.3520316    0.0000000    
S14-D12:      0.106  0.3250210    0.0000000    
S14-D14:      0.219  0.4680725    0.0000000    
S14-D15:      0.096  0.3092033    0.0000000    
S14-D16:      0.025  0.1595022    0.0000000    
S15-D13:      0.233  0.4823497    0.0000000    
S15-D15:      0.143  0.3786629    0.0000000    
S16-D15:      0.161  0.4008482    0.0000000    
S16-D16:      0.100  0.3162887    0.0000000    
Explained VarianceTotal(R squared)
S1-D1:      0.065  0.2556441    0.0000000    
S1-D2:      0.048  0.2191239    0.0000000    
S1-D3:      0.017  0.1314697    0.0000000    
S2-D2:      0.015  0.1226792    0.0000000    
S2-D4:      0.150  0.3878770    0.0000000    
S2-D9:      0.043  0.2082057    0.0000000    
S3-D1:      0.034  0.1848572    0.0000000    
S3-D3:      0.027  0.1656154    0.0000000    
S3-D5:      0.076  0.2758046    0.0000000    
S4-D2:      0.120  0.3463863    0.0000000    
S4-D3:      0.111  0.3335268    0.0000000    
S4-D4:      0.207  0.4549922    0.0000000    
S4-D6:      0.017  0.1322145    0.0000000    
S5-D3:      0.068  0.2600129    0.0000000    
S5-D5:      0.039  0.1971646    0.0000000    
S5-D6:      0.060  0.2441244    0.0000000    
S5-D7:      0.215  0.4634409    0.0000000    
S6-D5:      0.207  0.4551798    0.0000000    
S6-D7:      0.113  0.3356181    0.0000000    
S7-D6:      0.203  0.4502887    0.0000000    
S7-D7:      0.421  0.6484782    0.0000000    
S7-D8:      0.064  0.2525431    0.0000000    
S7-D14:      0.035  0.1877291    0.0000000    
S8-D7:      0.061  0.2464122    0.0000000    
S8-D8:      0.069  0.2635289    0.0000000    
S9-D4:      0.056  0.2367167    0.0000000    
S9-D6:      0.063  0.2506492    0.0000000    
S9-D12:      0.017  0.1320554    0.0000000    
S9-D14:      0.087  0.2950238    0.0000000    
S10-D9:      0.197  0.4440511    0.0000000    
S10-D10:      0.071  0.2658545    0.0000000    
S10-D11:      0.070  0.2650856    0.0000000    
S11-D4:      0.244  0.4943218    0.0000000    
S11-D9:      0.347  0.5887770    0.0000000    
S11-D11:      0.172  0.4152826    0.0000000    
S11-D12:      0.180  0.4237511    0.0000000    
S12-D10:      0.037  0.1924676    0.0000000    
S12-D11:      0.014  0.1186483    0.0000000    
S12-D13:      0.036  0.1906527    0.0000000    
S13-D11:      0.038  0.1959670    0.0000000    
S13-D12:      0.035  0.1858247    0.0000000    
S13-D13:      0.139  0.3727857    0.0000000    
S13-D15:      0.228  0.4770896    0.0000000    
S14-D12:      0.188  0.4330611    0.0000000    
S14-D14:      0.172  0.4145558    0.0000000    
S14-D15:      0.159  0.3981652    0.0000000    
S14-D16:      0.011  0.1042706    0.0000000    
S15-D13:      0.042  0.2054589    0.0000000    
S15-D15:      0.150  0.3870934    0.0000000    
S16-D15:      0.096  0.3096434    0.0000000    
S16-D16:      0.015  0.1226921    0.0000000    
