GLM RESULTS

Model fit per channel for Oxy(beta, t, p values)
S1-D1:     -0.000    -0.325  0.7451160       0.000     0.541  0.5887991       0.079  -849.434  0.0000000    
S1-D2:      0.000     1.110  0.2675569       0.000     0.864  0.3880768       0.123  -536.498  0.0000000    
S1-D3:     -0.000    -0.193  0.8467484       0.000     0.565  0.5722810       0.039   140.359  0.0000000    
S2-D2:      0.000     0.509  0.6110766       0.000     0.103  0.9183895       0.083  -1460.150  0.0000000    
S2-D4:      0.000     0.005  0.9957654       0.000     0.069  0.9446642       0.104  -1052.866  0.0000000    
S2-D9:      0.000     0.431  0.6666359       0.000     0.154  0.8772960       0.062  -1308.105  0.0000000    
S3-D1:     -0.000    -0.029  0.9771189       0.000     0.041  0.9672675      -0.092   606.214  0.0000000    
S3-D3:     -0.000    -0.476  0.6344026       0.000     0.162  0.8712219       0.001   681.009  0.0000000    
S3-D5:     -0.000    -0.299  0.7650856       0.000     0.342  0.7324646       0.040   630.476  0.0000000    
S4-D2:     -0.000    -0.106  0.9157150       0.000     0.083  0.9342565       0.111  -473.611  0.0000000    
S4-D3:     -0.000    -0.046  0.9634454       0.000     0.145  0.8850292       0.045  -201.483  0.0000000    
S4-D4:     -0.000    -0.475  0.6346160       0.000     0.356  0.7218982       0.219  -1672.169  0.0000000    
S4-D6:     -0.000    -0.214  0.8308948      -0.000    -0.194  0.8466103       0.237  -1119.561  0.0000000    
S5-D3:     -0.000    -0.152  0.8794131       0.000     1.324  0.1861217       0.111  -2529.618  0.0000000    
S5-D5:      0.000     0.347  0.7285351       0.000     0.126  0.8997638       0.019  -977.171  0.0000000    
S5-D6:     -0.000    -0.225  0.8217479       0.000     0.165  0.8693388       0.066  -3683.599  0.0000000    
S5-D7:     -0.000    -0.058  0.9534476      -0.000    -0.135  0.8927815       0.067   113.353  0.0000000    
S6-D5:      0.000     0.172  0.8635509       0.000     0.769  0.4424706       0.027  1294.129  0.0000000    
S6-D7:     -0.000    -0.544  0.5865329       0.000     0.460  0.6453567       0.050  3208.137  0.0000000    
S7-D6:      0.000     0.000  0.9997473       0.000     0.302  0.7626956       0.125   303.632  0.0000000    
S7-D7:      0.000     0.629  0.5298441       0.000     0.368  0.7133169       0.001  -496.609  0.0000000    
S7-D8:     -0.000    -0.820  0.4124141       0.000     0.208  0.8355483       0.056  -2335.721  0.0000000    
S7-D14:     -0.000    -0.594  0.5528127       0.000     0.265  0.7911338       0.207  -916.147  0.0000000    
S8-D7:      0.000     0.208  0.8352574       0.000     0.263  0.7925694       0.103   821.823  0.0000000    
S8-D8:      0.000     0.383  0.7014947      -0.000    -0.416  0.6772118       0.116  5286.348  0.0000000    
S9-D4:     -0.000    -0.377  0.7063363       0.000     0.026  0.9789333       0.214  -5543.921  0.0000000    
S9-D6:     -0.000    -0.884  0.3772170      -0.000    -1.073  0.2838414      -0.036  -3945.982  0.0000000    
S9-D12:      0.000     0.100  0.9207598       0.000     0.099  0.9213223       0.082  -626.771  0.0000000    
S9-D14:      0.000     0.222  0.8246748       0.000     0.223  0.8233152       0.035  -1287.898  0.0000000    
S10-D9:      0.000     1.213  0.2254363       0.000     0.381  0.7035652       0.042  1692.032  0.0000000    
S10-D10:     -0.000    -2.151  0.0318693      -0.000    -1.063  0.2881094       0.035   577.661  0.0000000    
S10-D11:     -0.000    -0.418  0.6763464      -0.000    -0.364  0.7156198      -0.032  1640.101  0.0000000    
S11-D4:     -0.000    -1.162  0.2458777      -0.000    -0.402  0.6875246       0.276  -3554.537  0.0000000    
S11-D9:      0.000     0.602  0.5476723       0.000     0.102  0.9184116       0.137  -680.410  0.0000000    
S11-D11:      0.000     0.267  0.7893247       0.000     0.063  0.9501550       0.090    78.699  0.0000000    
S11-D12:      0.000     1.051  0.2937098       0.000     0.731  0.4650448       0.204  -2460.151  0.0000000    
S12-D10:      0.000     0.489  0.6250385       0.000     0.441  0.6597035       0.099  6970.902  0.0000000    
S12-D11:     -0.000    -1.056  0.2913996       0.000     0.342  0.7322747       0.151  4754.216  0.0000000    
S12-D13:     -0.000    -2.213  0.0272906      -0.000    -1.851  0.0646197       0.115  5565.025  0.0000000    
S13-D11:      0.000     0.123  0.9018737      -0.000    -0.060  0.9522995       0.104  1055.355  0.0000000    
S13-D12:      0.000     0.116  0.9075126       0.000     0.069  0.9446507       0.136  -1584.960  0.0000000    
S13-D13:      0.000     0.386  0.6993846       0.000     0.248  0.8043033       0.132   169.899  0.0000000    
S13-D15:     -0.000    -0.146  0.8841827       0.000     0.828  0.4077902       0.151   470.644  0.0000000    
S14-D12:     -0.000    -0.658  0.5109920      -0.000    -0.455  0.6493572       0.161  -2327.539  0.0000000    
S14-D14:     -0.000    -0.282  0.7781800       0.000     0.191  0.8488876       0.145  -2398.786  0.0000000    
S14-D15:      0.000     0.071  0.9437044      -0.000    -0.183  0.8546286       0.062   489.596  0.0000000    
S14-D16:      0.000     0.263  0.7923080       0.000     0.798  0.4251144       0.105  -327.315  0.0000000    
S15-D13:      0.000     0.066  0.9472822       0.000     0.426  0.6699352       0.119   303.805  0.0000000    
S15-D15:      0.000     0.217  0.8283106      -0.000    -0.521  0.6024165       0.157  2062.857  0.0000000    
S16-D15:     -0.000    -0.542  0.5880723      -0.000    -0.130  0.8966182       0.113  7719.408  0.0000000    
S16-D16:     -0.000    -0.978  0.3285778      -0.000    -0.799  0.4245596       0.080  8196.156  0.0000000    

Model fit per channel for DeOxy(beta, t, p values)
S1-D1:      0.000     0.675  0.4997915       0.000     0.804  0.4220068       0.051   450.501  0.0000000    
S1-D2:      0.000     0.034  0.9729976      -0.000    -0.467  0.6409437      -0.079  3268.441  0.0000000    
S1-D3:     -0.000    -0.808  0.4192724      -0.000    -0.583  0.5600279      -0.057  -4222.756  0.0000000    
S2-D2:      0.000     0.659  0.5099130      -0.000    -0.012  0.9900460       0.004  1888.567  0.0000000    
S2-D4:     -0.000    -0.752  0.4521038       0.000     0.286  0.7748554      -0.241  -8502.073  0.0000000    
S2-D9:     -0.000    -0.295  0.7680044       0.000     0.821  0.4119608      -0.198   312.866  0.0000000    
S3-D1:      0.000     1.267  0.2056940       0.000     0.232  0.8165494       0.260  -1025.480  0.0000000    
S3-D3:      0.000     0.518  0.6048319       0.000     0.227  0.8202915       0.311   185.737  0.0000000    
S3-D5:     -0.000    -0.430  0.6671462      -0.000    -0.020  0.9844146       0.019  1007.992  0.0000000    
S4-D2:     -0.000    -0.251  0.8017371       0.000     0.319  0.7497184      -0.131  -3584.363  0.0000000    
S4-D3:      0.000     0.203  0.8390748       0.000     0.355  0.7224842       0.021  -864.902  0.0000000    
S4-D4:      0.000     0.055  0.9557750       0.000     0.272  0.7855657      -0.111  -1160.320  0.0000000    
S4-D6:     -0.000    -1.439  0.1506169       0.000     0.094  0.9255343      -0.028  -405.104  0.0000000    
S5-D3:     -0.000    -1.556  0.1201613       0.000     0.083  0.9337925       0.022   852.396  0.0000000    
S5-D5:     -0.000    -0.003  0.9980044      -0.000    -0.018  0.9860399      -0.055  -903.085  0.0000000    
S5-D6:     -0.000    -0.296  0.7670289       0.000     0.570  0.5691184       0.033  -530.441  0.0000000    
S5-D7:      0.000     0.167  0.8671680       0.000     0.089  0.9288429      -0.046  -1545.131  0.0000000    
S6-D5:      0.000     0.338  0.7356615       0.000     0.184  0.8540632       0.059  -1680.647  0.0000000    
S6-D7:     -0.000    -0.309  0.7572433       0.000     0.132  0.8950905      -0.062  -693.505  0.0000000    
S7-D6:     -0.000    -1.087  0.2774120      -0.000    -0.271  0.7864091       0.223  -433.024  0.0000000    
S7-D7:      0.000     0.003  0.9973561      -0.000    -0.152  0.8792492       0.143  1682.900  0.0000000    
S7-D8:      0.000     0.402  0.6878922       0.000     0.981  0.3272220       0.234  5538.698  0.0000000    
S7-D14:     -0.000    -0.717  0.4739108       0.000     1.331  0.1836913       0.055  -27761.593  0.0000000    
S8-D7:     -0.000    -2.086  0.0374160       0.000     0.626  0.5316548       0.187  6006.322  0.0000000    
S8-D8:      0.000     1.042  0.2979827      -0.000    -0.260  0.7949400       0.243  16555.428  0.0000000    
S9-D4:     -0.000    -0.331  0.7409732      -0.000    -0.709  0.4787840      -0.004  -8482.192  0.0000000    
S9-D6:     -0.000    -0.656  0.5121575      -0.000    -0.215  0.8297170       0.039  -2407.879  0.0000000    
S9-D12:     -0.000    -0.573  0.5668283       0.000     0.575  0.5652042       0.010  -3463.851  0.0000000    
S9-D14:      0.000     0.347  0.7289032      -0.000    -0.309  0.7574253       0.115  -3186.388  0.0000000    
S10-D9:     -0.000    -0.744  0.4571947      -0.000    -0.545  0.5861926      -0.294  -10027.884  0.0000000    
S10-D10:     -0.000    -0.192  0.8478005      -0.000    -0.064  0.9490700      -0.069  -5384.889  0.0000000    
S10-D11:     -0.000    -0.343  0.7320750      -0.000    -0.192  0.8477711      -0.376  -6438.704  0.0000000    
S11-D4:      0.000     1.189  0.2348450      -0.000    -0.620  0.5353857      -0.270  -7104.209  0.0000000    
S11-D9:      0.000     1.740  0.0824481       0.000     0.505  0.6140728      -0.457  -3207.987  0.0000000    
S11-D11:      0.000     0.244  0.8072419       0.000     0.163  0.8708018      -0.402  -6185.524  0.0000000    
S11-D12:      0.000     1.282  0.2003771       0.000     0.971  0.3317162      -0.166  -12173.452  0.0000000    
S12-D10:      0.000     0.295  0.7679712       0.000     0.528  0.5975197      -0.011  -4504.617  0.0000000    
S12-D11:      0.000     0.217  0.8282862       0.000     0.404  0.6860922       0.020  -1132.504  0.0000000    
S12-D13:     -0.000    -0.109  0.9133684      -0.000    -0.383  0.7021124       0.115  -382.762  0.0000000    
S13-D11:     -0.000    -0.036  0.9709114      -0.000    -0.090  0.9281295      -0.089  -422.303  0.0000000    
S13-D12:      0.000     0.484  0.6283701       0.000     0.839  0.4019326      -0.162  -3693.896  0.0000000    
S13-D13:     -0.000    -0.016  0.9872451      -0.000    -0.166  0.8680663      -0.093  -827.522  0.0000000    
S13-D15:      0.000     0.352  0.7246444       0.000     1.057  0.2907343      -0.068   928.815  0.0000000    
S14-D12:     -0.000    -0.858  0.3911736       0.000     0.055  0.9560079       0.194  -2686.742  0.0000000    
S14-D14:      0.000     0.711  0.4772768       0.000     0.128  0.8982975      -0.017  -3495.511  0.0000000    
S14-D15:      0.000     0.088  0.9296263       0.000     0.126  0.8999791       0.009  4448.636  0.0000000    
S14-D16:     -0.000    -0.053  0.9577051       0.000     1.620  0.1057950       0.202  12026.553  0.0000000    
S15-D13:      0.000     0.485  0.6275223      -0.000    -0.036  0.9712358      -0.185  -625.118  0.0000000    
S15-D15:     -0.000    -0.305  0.7606291      -0.000    -0.231  0.8174799      -0.377  -1111.702  0.0000000    
S16-D15:     -0.000    -0.088  0.9295301      -0.000    -0.111  0.9117826       0.100  -848.526  0.0000000    
S16-D16:     -0.000    -0.486  0.6272191       0.000     1.607  0.1086513      -0.026  2429.918  0.0000000    

Model fit per channel for Total(beta, t, p values)
S1-D1:      0.000     0.402  0.6879171       0.000     0.244  0.8075016       0.130  -2061.439  0.0000000    
S1-D2:      0.000     0.058  0.9537925      -0.000    -0.061  0.9516692       0.044  -1756.117  0.0000000    
S1-D3:     -0.000    -0.001  0.9994046      -0.000    -0.056  0.9552819      -0.018  -19349.219  0.0000000    
S2-D2:      0.000     0.309  0.7577128       0.000     2.120  0.0343848       0.086  4212.358  0.0000000    
S2-D4:      0.000     0.541  0.5884856      -0.000    -0.398  0.6908680      -0.136  -4041.066  0.0000000    
S2-D9:      0.000     0.664  0.5072512       0.000     0.576  0.5648629      -0.136  -5686.357  0.0000000    
S3-D1:      0.000     0.137  0.8907097       0.000     0.102  0.9188724       0.168  -32315.154  0.0000000    
S3-D3:      0.000     0.046  0.9634184       0.000     0.175  0.8612046       0.311  -978.669  0.0000000    
S3-D5:     -0.000    -0.426  0.6699286       0.000     0.294  0.7687577       0.059  1140.406  0.0000000    
S4-D2:      0.000     0.528  0.5976121       0.000     0.534  0.5934314      -0.019  -4327.936  0.0000000    
S4-D3:      0.000     1.634  0.1027143       0.000     0.371  0.7110170       0.066  -5635.159  0.0000000    
S4-D4:      0.000     0.180  0.8571578       0.000     0.784  0.4335214       0.108  -7794.455  0.0000000    
S4-D6:      0.000     0.241  0.8096146      -0.000    -0.440  0.6599245       0.210  -26312.992  0.0000000    
S5-D3:      0.000     0.806  0.4208058      -0.000    -0.160  0.8730187       0.133  -1445.749  0.0000000    
S5-D5:     -0.000    -0.213  0.8314430      -0.000    -0.027  0.9782956      -0.036  -1280.589  0.0000000    
S5-D6:     -0.000    -0.928  0.3537818      -0.000    -1.290  0.1977035       0.099  -10956.478  0.0000000    
S5-D7:     -0.000    -0.640  0.5222672      -0.000    -1.332  0.1834084       0.020  -15352.075  0.0000000    
S6-D5:      0.000     0.752  0.4524016       0.000     0.109  0.9133530       0.085  -1441.061  0.0000000    
S6-D7:      0.000     0.762  0.4462367       0.000     0.222  0.8244418      -0.011  -5143.648  0.0000000    
S7-D6:      0.000     0.802  0.4226050      -0.000    -0.121  0.9033845       0.348  -6675.435  0.0000000    
S7-D7:      0.000     0.436  0.6629702       0.000     0.093  0.9258868       0.145   192.173  0.0000000    
S7-D8:     -0.000    -0.862  0.3890254      -0.000    -0.110  0.9120652       0.290  -3902.018  0.0000000    
S7-D14:      0.000     0.207  0.8360634      -0.000    -0.322  0.7472083       0.262  -8092.527  0.0000000    
S8-D7:     -0.000    -0.013  0.9897327       0.000     0.136  0.8920624       0.290  1030.139  0.0000000    
S8-D8:      0.000     0.004  0.9967152      -0.000    -0.088  0.9297245       0.359  2994.229  0.0000000    
S9-D4:     -0.000    -1.047  0.2953038      -0.000    -0.231  0.8173972       0.211  -23216.440  0.0000000    
S9-D6:     -0.000    -0.019  0.9844767      -0.000    -0.358  0.7205029       0.003  -9092.714  0.0000000    
S9-D12:     -0.000    -0.169  0.8655044       0.000     0.255  0.7987410       0.092  -2647.983  0.0000000    
S9-D14:     -0.000    -0.633  0.5269915      -0.000    -0.681  0.4959947       0.150  -7826.639  0.0000000    
S10-D9:     -0.000    -0.951  0.3421952      -0.000    -0.608  0.5433410      -0.252  -9129.004  0.0000000    
S10-D10:     -0.000    -0.322  0.7475842       0.000     0.043  0.9657326      -0.033  -9461.012  0.0000000    
S10-D11:      0.000     0.046  0.9631819       0.000     0.547  0.5843784      -0.408  -24351.740  0.0000000    
S11-D4:      0.000     0.035  0.9724847      -0.000    -0.139  0.8897035       0.006  -8456.984  0.0000000    
S11-D9:     -0.000    -0.970  0.3323609      -0.000    -0.088  0.9301142      -0.319  -18423.010  0.0000000    
S11-D11:      0.000     0.996  0.3197448       0.000     0.581  0.5612425      -0.311  -7922.315  0.0000000    
S11-D12:     -0.000    -0.071  0.9436250       0.000     0.242  0.8090030       0.038  -1704.578  0.0000000    
S12-D10:      0.000     0.910  0.3633970      -0.000    -0.217  0.8282737       0.088  -5302.956  0.0000000    
S12-D11:      0.000     0.130  0.8964873       0.000     0.469  0.6393444       0.171  -1419.397  0.0000000    
S12-D13:     -0.000    -0.030  0.9760557      -0.000    -0.201  0.8404728       0.230  -4294.457  0.0000000    
S13-D11:      0.000     1.227  0.2204492      -0.000    -0.530  0.5961903       0.015  -1649.826  0.0000000    
S13-D12:     -0.000    -0.028  0.9772740      -0.000    -0.279  0.7806854      -0.026  -10508.304  0.0000000    
S13-D13:      0.000     0.486  0.6271741      -0.000    -0.379  0.7050697       0.039  -929.899  0.0000000    
S13-D15:      0.000     0.199  0.8425198      -0.000    -0.108  0.9138413       0.083   268.978  0.0000000    
S14-D12:      0.000     0.895  0.3712782      -0.000    -0.931  0.3523298       0.355  -29760.248  0.0000000    
S14-D14:     -0.000    -0.033  0.9736501       0.000     0.504  0.6145136       0.128  -5963.580  0.0000000    
S14-D15:     -0.000    -0.975  0.3297304       0.000     0.145  0.8850002       0.071  -1459.083  0.0000000    
S14-D16:      0.000     1.856  0.0639922      -0.000    -0.033  0.9734409       0.307   220.760  0.0000000    
S15-D13:      0.000     0.075  0.9403983       0.000     0.142  0.8869453      -0.066  -4517.543  0.0000000    
S15-D15:     -0.000    -0.437  0.6619764       0.000     0.204  0.8386764      -0.221  -6612.330  0.0000000    
S16-D15:      0.000     0.661  0.5087698       0.000     0.203  0.8390086       0.212  -4340.047  0.0000000    
S16-D16:     -0.000    -1.792  0.0735872       0.000     0.293  0.7694592       0.054  3910.056  0.0000000    


GLM CONTRAST RESULTS
Contrast 1: 4 > Baseline

Contrast results per channel for Oxy(t, p values)
S1-D1:      0.541  0.5887991    
S1-D2:      0.864  0.3880768    
S1-D3:      0.565  0.5722810    
S2-D2:      0.103  0.9183895    
S2-D4:      0.069  0.9446642    
S2-D9:      0.154  0.8772960    
S3-D1:      0.041  0.9672675    
S3-D3:      0.162  0.8712219    
S3-D5:      0.342  0.7324646    
S4-D2:      0.083  0.9342565    
S4-D3:      0.145  0.8850292    
S4-D4:      0.356  0.7218982    
S4-D6:     -0.194  0.8466103    
S5-D3:      1.324  0.1861217    
S5-D5:      0.126  0.8997638    
S5-D6:      0.165  0.8693388    
S5-D7:     -0.135  0.8927815    
S6-D5:      0.769  0.4424706    
S6-D7:      0.460  0.6453567    
S7-D6:      0.302  0.7626956    
S7-D7:      0.368  0.7133169    
S7-D8:      0.208  0.8355483    
S7-D14:      0.265  0.7911338    
S8-D7:      0.263  0.7925694    
S8-D8:     -0.416  0.6772118    
S9-D4:      0.026  0.9789333    
S9-D6:     -1.073  0.2838414    
S9-D12:      0.099  0.9213223    
S9-D14:      0.223  0.8233152    
S10-D9:      0.381  0.7035652    
S10-D10:     -1.063  0.2881094    
S10-D11:     -0.364  0.7156198    
S11-D4:     -0.402  0.6875246    
S11-D9:      0.102  0.9184116    
S11-D11:      0.063  0.9501550    
S11-D12:      0.731  0.4650448    
S12-D10:      0.441  0.6597035    
S12-D11:      0.342  0.7322747    
S12-D13:     -1.851  0.0646197    
S13-D11:     -0.060  0.9522995    
S13-D12:      0.069  0.9446507    
S13-D13:      0.248  0.8043033    
S13-D15:      0.828  0.4077902    
S14-D12:     -0.455  0.6493572    
S14-D14:      0.191  0.8488876    
S14-D15:     -0.183  0.8546286    
S14-D16:      0.798  0.4251144    
S15-D13:      0.426  0.6699352    
S15-D15:     -0.521  0.6024165    
S16-D15:     -0.130  0.8966182    
S16-D16:     -0.799  0.4245596    
Contrast results per channel for DeOxy(t, p values)
S1-D1:      0.804  0.4220068    
S1-D2:     -0.467  0.6409437    
S1-D3:     -0.583  0.5600279    
S2-D2:     -0.012  0.9900460    
S2-D4:      0.286  0.7748554    
S2-D9:      0.821  0.4119608    
S3-D1:      0.232  0.8165494    
S3-D3:      0.227  0.8202915    
S3-D5:     -0.020  0.9844146    
S4-D2:      0.319  0.7497184    
S4-D3:      0.355  0.7224842    
S4-D4:      0.272  0.7855657    
S4-D6:      0.094  0.9255343    
S5-D3:      0.083  0.9337925    
S5-D5:     -0.018  0.9860399    
S5-D6:      0.570  0.5691184    
S5-D7:      0.089  0.9288429    
S6-D5:      0.184  0.8540632    
S6-D7:      0.132  0.8950905    
S7-D6:     -0.271  0.7864091    
S7-D7:     -0.152  0.8792492    
S7-D8:      0.981  0.3272220    
S7-D14:      1.331  0.1836913    
S8-D7:      0.626  0.5316548    
S8-D8:     -0.260  0.7949400    
S9-D4:     -0.709  0.4787840    
S9-D6:     -0.215  0.8297170    
S9-D12:      0.575  0.5652042    
S9-D14:     -0.309  0.7574253    
S10-D9:     -0.545  0.5861926    
S10-D10:     -0.064  0.9490700    
S10-D11:     -0.192  0.8477711    
S11-D4:     -0.620  0.5353857    
S11-D9:      0.505  0.6140728    
S11-D11:      0.163  0.8708018    
S11-D12:      0.971  0.3317162    
S12-D10:      0.528  0.5975197    
S12-D11:      0.404  0.6860922    
S12-D13:     -0.383  0.7021124    
S13-D11:     -0.090  0.9281295    
S13-D12:      0.839  0.4019326    
S13-D13:     -0.166  0.8680663    
S13-D15:      1.057  0.2907343    
S14-D12:      0.055  0.9560079    
S14-D14:      0.128  0.8982975    
S14-D15:      0.126  0.8999791    
S14-D16:      1.620  0.1057950    
S15-D13:     -0.036  0.9712358    
S15-D15:     -0.231  0.8174799    
S16-D15:     -0.111  0.9117826    
S16-D16:      1.607  0.1086513    
Contrast results per channel for Total(t, p values)
S1-D1:      0.244  0.8075016    
S1-D2:     -0.061  0.9516692    
S1-D3:     -0.056  0.9552819    
S2-D2:      2.120  0.0343848    
S2-D4:     -0.398  0.6908680    
S2-D9:      0.576  0.5648629    
S3-D1:      0.102  0.9188724    
S3-D3:      0.175  0.8612046    
S3-D5:      0.294  0.7687577    
S4-D2:      0.534  0.5934314    
S4-D3:      0.371  0.7110170    
S4-D4:      0.784  0.4335214    
S4-D6:     -0.440  0.6599245    
S5-D3:     -0.160  0.8730187    
S5-D5:     -0.027  0.9782956    
S5-D6:     -1.290  0.1977035    
S5-D7:     -1.332  0.1834084    
S6-D5:      0.109  0.9133530    
S6-D7:      0.222  0.8244418    
S7-D6:     -0.121  0.9033845    
S7-D7:      0.093  0.9258868    
S7-D8:     -0.110  0.9120652    
S7-D14:     -0.322  0.7472083    
S8-D7:      0.136  0.8920624    
S8-D8:     -0.088  0.9297245    
S9-D4:     -0.231  0.8173972    
S9-D6:     -0.358  0.7205029    
S9-D12:      0.255  0.7987410    
S9-D14:     -0.681  0.4959947    
S10-D9:     -0.608  0.5433410    
S10-D10:      0.043  0.9657326    
S10-D11:      0.547  0.5843784    
S11-D4:     -0.139  0.8897035    
S11-D9:     -0.088  0.9301142    
S11-D11:      0.581  0.5612425    
S11-D12:      0.242  0.8090030    
S12-D10:     -0.217  0.8282737    
S12-D11:      0.469  0.6393444    
S12-D13:     -0.201  0.8404728    
S13-D11:     -0.530  0.5961903    
S13-D12:     -0.279  0.7806854    
S13-D13:     -0.379  0.7050697    
S13-D15:     -0.108  0.9138413    
S14-D12:     -0.931  0.3523298    
S14-D14:      0.504  0.6145136    
S14-D15:      0.145  0.8850002    
S14-D16:     -0.033  0.9734409    
S15-D13:      0.142  0.8869453    
S15-D15:      0.204  0.8386764    
S16-D15:      0.203  0.8390086    
S16-D16:      0.293  0.7694592    
Explained VarianceOxy(R squared)
S1-D1:      0.023  0.1504268    0.0000000    
S1-D2:      0.029  0.1708999    0.0000000    
S1-D3:      0.008  0.0902456    0.0000000    
S2-D2:      0.058  0.2405910    0.0000000    
S2-D4:      0.092  0.3027679    0.0000000    
S2-D9:      0.062  0.2486570    0.0000000    
S3-D1:      0.115  0.3397861    0.0000000    
S3-D3:      0.029  0.1701032    0.0000000    
S3-D5:      0.283  0.5317160    0.0000000    
S4-D2:      0.115  0.3386117    0.0000000    
S4-D3:      0.053  0.2306927    0.0000000    
S4-D4:      0.341  0.5843782    0.0000000    
S4-D6:      0.136  0.3684083    0.0000000    
S5-D3:      0.037  0.1931858    0.0000000    
S5-D5:      0.037  0.1936352    0.0000000    
S5-D6:      0.037  0.1919947    0.0000000    
S5-D7:      0.007  0.0854417    0.0000000    
S6-D5:      0.081  0.2849172    0.0000000    
S6-D7:      0.009  0.0944537    0.0000000    
S7-D6:      0.036  0.1884889    0.0000000    
S7-D7:      0.010  0.1004013    0.0000000    
S7-D8:      0.041  0.2021061    0.0000000    
S7-D14:      0.264  0.5134535    0.0000000    
S8-D7:      0.026  0.1617499    0.0000000    
S8-D8:      0.037  0.1923126    0.0000000    
S9-D4:      0.333  0.5772219    0.0000000    
S9-D6:      0.186  0.4317019    0.0000000    
S9-D12:      0.096  0.3091236    0.0000000    
S9-D14:      0.097  0.3106685    0.0000000    
S10-D9:      0.004  0.0662572    0.0000000    
S10-D10:      0.054  0.2324280    0.0000000    
S10-D11:      0.005  0.0699472    0.0000000    
S11-D4:      0.160  0.4006137    0.0000000    
S11-D9:      0.094  0.3066828    0.0000000    
S11-D11:      0.020  0.1411937    0.0000000    
S11-D12:      0.076  0.2763833    0.0000000    
S12-D10:      0.205  0.4522253    0.0000000    
S12-D11:      0.058  0.2399348    0.0000000    
S12-D13:      0.025  0.1589817    0.0000000    
S13-D11:      0.024  0.1538863    0.0000000    
S13-D12:      0.058  0.2400967    0.0000000    
S13-D13:      0.057  0.2396923    0.0000000    
S13-D15:      0.035  0.1878254    0.0000000    
S14-D12:      0.065  0.2540833    0.0000000    
S14-D14:      0.170  0.4117867    0.0000000    
S14-D15:      0.050  0.2236400    0.0000000    
S14-D16:      0.043  0.2073926    0.0000000    
S15-D13:      0.054  0.2316150    0.0000000    
S15-D15:      0.039  0.1962526    0.0000000    
S16-D15:      0.022  0.1469824    0.0000000    
S16-D16:      0.016  0.1250465    0.0000000    
Explained VarianceDeOxy(R squared)
S1-D1:      0.329  0.5736486    0.0000000    
S1-D2:      0.318  0.5634853    0.0000000    
S1-D3:      0.161  0.4011925    0.0000000    
S2-D2:      0.032  0.1786843    0.0000000    
S2-D4:      0.154  0.3919575    0.0000000    
S2-D9:      0.276  0.5249114    0.0000000    
S3-D1:      0.272  0.5213117    0.0000000    
S3-D3:      0.440  0.6635234    0.0000000    
S3-D5:      0.438  0.6615642    0.0000000    
S4-D2:      0.030  0.1719193    0.0000000    
S4-D3:      0.066  0.2559569    0.0000000    
S4-D4:      0.050  0.2239763    0.0000000    
S4-D6:      0.121  0.3477910    0.0000000    
S5-D3:      0.335  0.5791365    0.0000000    
S5-D5:      0.334  0.5776538    0.0000000    
S5-D6:      0.004  0.0656446    0.0000000    
S5-D7:      0.168  0.4098643    0.0000000    
S6-D5:      0.171  0.4138748    0.0000000    
S6-D7:      0.115  0.3395879    0.0000000    
S7-D6:      0.295  0.5433489    0.0000000    
S7-D7:      0.172  0.4151915    0.0000000    
S7-D8:      0.154  0.3928660    0.0000000    
S7-D14:      0.194  0.4406010    0.0000000    
S8-D7:      0.143  0.3787086    0.0000000    
S8-D8:      0.121  0.3471708    0.0000000    
S9-D4:      0.176  0.4192036    0.0000000    
S9-D6:      0.141  0.3757402    0.0000000    
S9-D12:      0.267  0.5169202    0.0000000    
S9-D14:      0.160  0.3999059    0.0000000    
S10-D9:      0.437  0.6609379    0.0000000    
S10-D10:      0.411  0.6408001    0.0000000    
S10-D11:      0.420  0.6479594    0.0000000    
S11-D4:      0.241  0.4909168    0.0000000    
S11-D9:      0.258  0.5078034    0.0000000    
S11-D11:      0.319  0.5650213    0.0000000    
S11-D12:      0.240  0.4899777    0.0000000    
S12-D10:      0.407  0.6378955    0.0000000    
S12-D11:      0.434  0.6591445    0.0000000    
S12-D13:      0.418  0.6465197    0.0000000    
S13-D11:      0.266  0.5157086    0.0000000    
S13-D12:      0.112  0.3340101    0.0000000    
S13-D13:      0.327  0.5719725    0.0000000    
S13-D15:      0.063  0.2504238    0.0000000    
S14-D12:      0.228  0.4771302    0.0000000    
S14-D14:      0.341  0.5839145    0.0000000    
S14-D15:      0.187  0.4325765    0.0000000    
S14-D16:      0.091  0.3008861    0.0000000    
S15-D13:      0.334  0.5778474    0.0000000    
S15-D15:      0.298  0.5458461    0.0000000    
S16-D15:      0.240  0.4900948    0.0000000    
S16-D16:      0.051  0.2266939    0.0000000    
Explained VarianceTotal(R squared)
S1-D1:      0.225  0.4740591    0.0000000    
S1-D2:      0.155  0.3936928    0.0000000    
S1-D3:      0.151  0.3890735    0.0000000    
S2-D2:      0.026  0.1611677    0.0000000    
S2-D4:      0.128  0.3581177    0.0000000    
S2-D9:      0.157  0.3967938    0.0000000    
S3-D1:      0.128  0.3583788    0.0000000    
S3-D3:      0.386  0.6208900    0.0000000    
S3-D5:      0.094  0.3068187    0.0000000    
S4-D2:      0.219  0.4680580    0.0000000    
S4-D3:      0.319  0.5650953    0.0000000    
S4-D4:      0.291  0.5397082    0.0000000    
S4-D6:      0.236  0.4858425    0.0000000    
S5-D3:      0.369  0.6077296    0.0000000    
S5-D5:      0.276  0.5258123    0.0000000    
S5-D6:      0.116  0.3408720    0.0000000    
S5-D7:      0.308  0.5547768    0.0000000    
S6-D5:      0.068  0.2613985    0.0000000    
S6-D7:      0.280  0.5290291    0.0000000    
S7-D6:      0.267  0.5165522    0.0000000    
S7-D7:      0.326  0.5706590    0.0000000    
S7-D8:      0.290  0.5384332    0.0000000    
S7-D14:      0.376  0.6131928    0.0000000    
S8-D7:      0.254  0.5039884    0.0000000    
S8-D8:      0.135  0.3680103    0.0000000    
S9-D4:      0.432  0.6574642    0.0000000    
S9-D6:      0.167  0.4082262    0.0000000    
S9-D12:      0.390  0.6248462    0.0000000    
S9-D14:      0.402  0.6342234    0.0000000    
S10-D9:      0.379  0.6154064    0.0000000    
S10-D10:      0.243  0.4932404    0.0000000    
S10-D11:      0.290  0.5384602    0.0000000    
S11-D4:      0.102  0.3201275    0.0000000    
S11-D9:      0.272  0.5214393    0.0000000    
S11-D11:      0.352  0.5935051    0.0000000    
S11-D12:      0.122  0.3489485    0.0000000    
S12-D10:      0.193  0.4389578    0.0000000    
S12-D11:      0.358  0.5982163    0.0000000    
S12-D13:      0.369  0.6075909    0.0000000    
S13-D11:      0.278  0.5271035    0.0000000    
S13-D12:      0.258  0.5079017    0.0000000    
S13-D13:      0.192  0.4381523    0.0000000    
S13-D15:      0.125  0.3541438    0.0000000    
S14-D12:      0.383  0.6190561    0.0000000    
S14-D14:      0.453  0.6728233    0.0000000    
S14-D15:      0.321  0.5663360    0.0000000    
S14-D16:      0.185  0.4301269    0.0000000    
S15-D13:      0.231  0.4808106    0.0000000    
S15-D15:      0.287  0.5355824    0.0000000    
S16-D15:      0.329  0.5735475    0.0000000    
S16-D16:      0.065  0.2540365    0.0000000    
