GLM RESULTS

Model fit per channel for Oxy(beta, t, p values)
S1-D1:      0.342     1.428  0.1535586      -0.867    -3.597  0.0003406       0.204     0.995  0.3200931    
S1-D2:      0.078     0.378  0.7058637      -0.502    -2.427  0.0154470       0.198     0.929  0.3533073    
S1-D3:     -0.081    -0.367  0.7140686      -0.396    -1.793  0.0733389       0.163     0.531  0.5954058    
S2-D2:     -0.160    -0.958  0.3384097      -0.037    -0.220  0.8260539       0.220     0.240  0.8104718    
S2-D4:     -0.092    -0.490  0.6242729      -0.184    -0.976  0.3292338       0.157     0.444  0.6568312    
S2-D9:     -0.171    -0.946  0.3445801      -0.115    -0.632  0.5274836       0.169     0.409  0.6828815    
S3-D1:      0.043     0.258  0.7965349      -0.010    -0.058  0.9536902       0.049    -0.134  0.8934759    
S3-D3:     -0.065    -0.354  0.7236235      -0.066    -0.360  0.7193100       0.056    -0.174  0.8616879    
S3-D5:      0.007     0.045  0.9639377      -0.085    -0.587  0.5576328       0.103    -0.109  0.9136223    
S4-D2:     -0.001    -0.003  0.9975338      -0.334    -1.895  0.0584619       0.165     0.541  0.5889925    
S4-D3:      0.040     0.230  0.8178029      -0.185    -1.052  0.2929911       0.179     0.177  0.8593078    
S4-D4:     -0.012    -0.067  0.9463292      -0.265    -1.512  0.1309892       0.137     0.429  0.6681032    
S4-D6:      0.184     1.154  0.2489456      -0.306    -1.756  0.0795336       0.187     0.156  0.8764523    
S5-D3:     -0.121    -0.702  0.4831743      -0.151    -0.874  0.3821775       0.181    -0.115  0.9085860    
S5-D5:     -0.149    -0.884  0.3768142      -0.022    -0.133  0.8943437       0.276    -0.319  0.7500231    
S5-D6:      0.256     1.177  0.2395172      -0.336    -1.540  0.1238598       0.213     0.089  0.9288745    
S5-D7:      0.181     0.827  0.4087390      -0.614    -2.791  0.0053774       0.201     0.614  0.5392841    
S6-D5:     -0.102    -0.578  0.5633917      -0.072    -0.410  0.6818796       0.204    -0.290  0.7719535    
S6-D7:     -0.189    -0.837  0.4030762      -0.213    -0.938  0.3483323       0.264     0.184  0.8537290    
S7-D6:      0.094     0.397  0.6917023      -0.341    -1.435  0.1517738       0.197     0.318  0.7507903    
S7-D7:      0.130     0.509  0.6106553      -0.444    -1.740  0.0821971       0.171     0.439  0.6611357    
S7-D8:      0.233     0.953  0.3407510      -0.203    -0.829  0.4073864       0.147     0.043  0.9653305    
S7-D14:     -0.036    -0.160  0.8728363      -0.314    -1.399  0.1622572       0.182     0.526  0.5989649    
S8-D7:      0.070     0.296  0.7674442      -0.535    -2.253  0.0244999       0.130     0.783  0.4340502    
S8-D8:      0.029     0.124  0.9016680      -0.234    -0.982  0.3262938       0.163     0.386  0.6992303    
S9-D4:     -0.123    -0.436  0.6631123      -0.524    -1.851  0.0645677       0.217     0.863  0.3884638    
S9-D6:      0.029     0.124  0.9017269      -0.404    -1.716  0.0865952       0.201     0.488  0.6257938    
S9-D12:     -0.065    -0.333  0.7390141      -0.310    -1.595  0.1111299       0.213     0.676  0.4994716    
S9-D14:      0.002     0.009  0.9926018      -0.305    -1.350  0.1774731       0.220     0.430  0.6672762    
S10-D9:     -0.048    -0.204  0.8382397      -0.118    -0.507  0.6123434       0.184     0.346  0.7293368    
S10-D10:     -0.132    -0.608  0.5435281      -0.239    -1.095  0.2739976       0.121     0.406  0.6847751    
S10-D11:      0.104     0.308  0.7582693      -0.407    -1.203  0.2291868       0.185     0.333  0.7390237    
S11-D4:     -0.097    -0.427  0.6697051      -0.268    -1.179  0.2387360       0.227     0.536  0.5923584    
S11-D9:     -0.116    -0.612  0.5410134      -0.214    -1.122  0.2622383       0.210     0.587  0.5576592    
S11-D11:     -0.048    -0.201  0.8404709      -0.164    -0.685  0.4934625       0.220     0.415  0.6783703    
S11-D12:      0.088     0.442  0.6585663      -0.136    -0.677  0.4987838       0.160     0.044  0.9651299    
S12-D10:      0.054     0.268  0.7891204      -0.204    -1.006  0.3146979       0.062    -0.127  0.8987442    
S12-D11:     -0.296    -1.636  0.1021989      -0.012    -0.066  0.9473529       0.134     0.089  0.9291462    
S12-D13:     -0.136    -0.693  0.4882996      -0.298    -1.521  0.1287355       0.161     0.264  0.7918446    
S13-D11:     -0.059    -0.267  0.7896177      -0.120    -0.535  0.5929735       0.252     0.243  0.8077802    
S13-D12:      0.091     0.501  0.6166526      -0.073    -0.397  0.6911938       0.205    -0.041  0.9676143    
S13-D13:     -0.169    -0.660  0.5091596      -0.459    -1.786  0.0745133       0.275     0.919  0.3584248    
S13-D15:     -0.124    -0.531  0.5956161      -0.342    -1.456  0.1456354       0.228     0.687  0.4924714    
S14-D12:      0.030     0.133  0.8945692      -0.414    -1.804  0.0716004       0.154     0.580  0.5620065    
S14-D14:      0.015     0.064  0.9486564      -0.355    -1.565  0.1179950       0.172     0.529  0.5968607    
S14-D15:     -0.018    -0.071  0.9432247      -0.401    -1.557  0.1197558       0.127     0.674  0.5004169    
S14-D16:      0.087     0.336  0.7367428      -0.325    -1.261  0.2077641       0.173     0.340  0.7339533    
S15-D13:     -0.338    -1.619  0.1059251       0.132     0.630  0.5291353       0.179    -0.075  0.9400590    
S15-D15:     -0.176    -1.153  0.2491565      -0.000    -0.001  0.9988467       0.141     0.024  0.9809941    
S16-D15:      0.062     0.192  0.8479910      -0.393    -1.208  0.2273833       0.112     0.426  0.6698633    
S16-D16:      0.107     0.463  0.6432420      -0.326    -1.406  0.1600029       0.141     0.318  0.7502238    

Model fit per channel for DeOxy(beta, t, p values)
S1-D1:      0.073     0.327  0.7434636       0.200     0.890  0.3736214      -0.059    -0.275  0.7837249    
S1-D2:      0.023     0.096  0.9232967      -0.019    -0.076  0.9393094      -0.179     0.229  0.8187127    
S1-D3:      0.188     0.674  0.5004883       0.077     0.277  0.7821887      -0.087     0.029  0.9767924    
S2-D2:     -0.244    -1.074  0.2829901       0.469     2.055  0.0402294       0.016    -0.245  0.8064023    
S2-D4:      0.068     0.193  0.8469752      -0.129    -0.364  0.7159225      -0.086     0.225  0.8218582    
S2-D9:     -0.054    -0.234  0.8147673       0.271     1.160  0.2464802      -0.124    -0.295  0.7683613    
S3-D1:      0.057     0.484  0.6281776      -0.101    -0.853  0.3937745      -0.030     0.556  0.5781046    
S3-D3:      0.120     0.869  0.3850240      -0.083    -0.595  0.5517897      -0.073     0.557  0.5780011    
S3-D5:      0.085     0.722  0.4704656      -0.091    -0.771  0.4407540      -0.029     0.609  0.5429152    
S4-D2:     -0.284    -1.145  0.2525136       0.643     2.579  0.0100699      -0.125    -0.655  0.5125750    
S4-D3:     -0.271    -0.776  0.4380263       0.976     2.786  0.0054497      -0.065    -0.669  0.5038489    
S4-D4:      0.097     0.312  0.7547878       0.661     2.123  0.0340206      -0.024    -0.921  0.3570605    
S4-D6:      0.233     1.313  0.1894971       0.208     1.168  0.2432835      -0.112    -0.598  0.5499714    
S5-D3:      0.112     0.760  0.4475952      -0.181    -1.218  0.2236102      -0.034     0.670  0.5031287    
S5-D5:      0.149     1.597  0.1107515       0.010     0.110  0.9122995       0.040     0.425  0.6712986    
S5-D6:     -0.174    -0.620  0.5355817      -0.373    -1.307  0.1916414       0.059     0.884  0.3771238    
S5-D7:     -0.053    -0.153  0.8780514      -0.305    -0.879  0.3796441       0.042     0.362  0.7171359    
S6-D5:      0.024     0.230  0.8178816      -0.220    -2.086  0.0372791       0.017     1.356  0.1755253    
S6-D7:      0.289     1.384  0.1666214      -0.523    -2.498  0.0126715       0.013     0.770  0.4412377    
S7-D6:      0.089     0.302  0.7623928      -0.272    -0.918  0.3588859       0.051     0.407  0.6840990    
S7-D7:      0.052     0.211  0.8332691      -0.209    -0.794  0.4274525       0.028     0.485  0.6278716    
S7-D8:     -0.050    -0.151  0.8802770      -0.478    -1.430  0.1531673       0.087     0.940  0.3473022    
S7-D14:      0.003     0.009  0.9926547      -0.408    -1.304  0.1924921       0.078     0.597  0.5503790    
S8-D7:     -0.197    -0.590  0.5555136      -0.295    -0.880  0.3789542       0.100     0.865  0.3870830    
S8-D8:     -0.594    -2.204  0.0277810      -0.093    -0.342  0.7323297       0.085     1.349  0.1776627    
S9-D4:     -0.140    -0.558  0.5767019       0.338     1.332  0.1833715       0.023    -0.367  0.7138489    
S9-D6:      0.068     0.223  0.8234437      -0.225    -0.739  0.4599249       0.041     0.481  0.6305800    
S9-D12:     -0.178    -0.744  0.4573716      -0.243    -0.981  0.3267233       0.156     0.856  0.3924587    
S9-D14:      0.186     0.583  0.5598155       0.044     0.137  0.8908040      -0.033    -0.149  0.8814866    
S10-D9:      0.045     0.186  0.8527102       0.302     1.241  0.2148017      -0.112    -0.670  0.5032638    
S10-D10:     -0.044    -0.395  0.6931668       0.018     0.159  0.8737010      -0.051     0.476  0.6340459    
S10-D11:      0.018     0.064  0.9492079       0.229     0.810  0.4183243      -0.089     0.118  0.9061486    
S11-D4:     -0.464    -1.404  0.1607694       0.409     1.233  0.2180122      -0.056     0.294  0.7690845    
S11-D9:     -0.223    -0.663  0.5076501       0.535     1.577  0.1151066      -0.215    -0.341  0.7328331    
S11-D11:      0.012     0.111  0.9115817       0.045     0.349  0.7270988      -0.120     0.213  0.8313640    
S11-D12:      0.053     0.187  0.8518723       0.160     0.550  0.5824601      -0.031    -0.000  0.9996205    
S12-D10:      0.069     0.526  0.5988923      -0.296    -2.257  0.0242569      -0.036     1.075  0.2826960    
S12-D11:     -0.007    -0.073  0.9416656      -0.143    -1.556  0.1200745      -0.069     1.263  0.2071121    
S12-D13:     -0.035    -0.312  0.7547501      -0.355    -3.127  0.0018237       0.012     1.460  0.1445337    
S13-D11:     -0.399    -1.403  0.1608985       0.074     0.260  0.7945766       0.080     0.833  0.4048627    
S13-D12:     -0.119    -0.357  0.7208171       0.177     0.529  0.5970389       0.036     0.287  0.7741336    
S13-D13:     -0.015    -0.072  0.9427715      -0.242    -1.162  0.2457453       0.071     0.651  0.5153065    
S13-D15:     -0.306    -0.939  0.3480836      -0.225    -0.688  0.4917044       0.071     0.890  0.3735221    
S14-D12:      0.024     0.076  0.9392496      -0.566    -1.802  0.0719567       0.086     1.154  0.2488628    
S14-D14:     -0.113    -0.321  0.7481566      -0.531    -1.494  0.1355065       0.066     0.958  0.3383196    
S14-D15:     -0.029    -0.409  0.6824990       0.002     0.018  0.9854274       0.093     0.402  0.6874632    
S14-D16:     -0.020    -0.056  0.9553029      -0.285    -0.787  0.4314485       0.069     0.532  0.5946285    
S15-D13:      0.099     0.775  0.4387305      -0.327    -2.562  0.0105787       0.013     0.945  0.3449689    
S15-D15:      0.092     0.414  0.6789773       0.037     0.161  0.8718302      -0.043     0.210  0.8340476    
S16-D15:     -0.016    -0.048  0.9615667       0.080     0.235  0.8141642       0.024    -0.021  0.9835145    
S16-D16:     -0.001    -0.054  0.9566093      -0.003    -0.130  0.8968019      -0.028     0.441  0.6591137    

Model fit per channel for Total(beta, t, p values)
S1-D1:      0.373     1.716  0.0864396      -0.823    -3.767  0.0001765       0.192     0.974  0.3302575    
S1-D2:      0.012     0.054  0.9570745      -0.400    -1.733  0.0835405       0.167     0.745  0.4566472    
S1-D3:      0.088     0.397  0.6913364      -0.377    -1.703  0.0889585       0.155     0.406  0.6849348    
S2-D2:     -0.183    -1.068  0.2856770       0.038     0.223  0.8238737       0.211     0.169  0.8661332    
S2-D4:     -0.026    -0.139  0.8891622      -0.151    -0.804  0.4213582       0.138     0.294  0.7690625    
S2-D9:     -0.103    -0.555  0.5788319      -0.214    -1.158  0.2472496       0.149     0.555  0.5791950    
S3-D1:     -0.007    -0.026  0.9795823      -0.054    -0.209  0.8346263       0.020     0.120  0.9041942    
S3-D3:     -0.075    -0.386  0.6998891      -0.113    -0.575  0.5654197       0.025     0.150  0.8807508    
S3-D5:      0.043     0.236  0.8134650      -0.100    -0.555  0.5788672       0.098    -0.006  0.9948439    
S4-D2:     -0.034    -0.161  0.8722165      -0.290    -1.374  0.1697093       0.143     0.512  0.6087546    
S4-D3:      0.008     0.050  0.9598160      -0.153    -0.888  0.3748665       0.176     0.199  0.8423968    
S4-D4:     -0.049    -0.242  0.8091639      -0.143    -0.705  0.4813101       0.128     0.285  0.7759809    
S4-D6:      0.127     0.906  0.3650358      -0.281    -1.840  0.0661291       0.170     0.286  0.7751903    
S5-D3:     -0.057    -0.259  0.7956583      -0.180    -0.814  0.4156468       0.181    -0.037  0.9706824    
S5-D5:     -0.055    -0.355  0.7227279       0.069     0.447  0.6546576       0.290    -0.327  0.7436267    
S5-D6:      0.063     0.347  0.7283775      -0.153    -0.848  0.3966620       0.213     0.066  0.9475529    
S5-D7:      0.056     0.270  0.7873416      -0.457    -2.201  0.0279761       0.198     0.536  0.5921063    
S6-D5:     -0.039    -0.208  0.8350856      -0.062    -0.328  0.7427167       0.242    -0.260  0.7950861    
S6-D7:     -0.090    -0.391  0.6955778      -0.173    -0.747  0.4553616       0.267     0.069  0.9450471    
S7-D6:      0.008     0.036  0.9715250      -0.313    -1.400  0.1617673       0.194     0.438  0.6613343    
S7-D7:      0.162     0.676  0.4992598      -0.357    -1.485  0.1379120       0.159     0.251  0.8021596    
S7-D8:      0.153     0.649  0.5167794      -0.421    -1.778  0.0758330       0.148     0.514  0.6072017    
S7-D14:     -0.049    -0.198  0.8433521      -0.304    -1.226  0.2204405       0.182     0.488  0.6256755    
S8-D7:     -0.042    -0.165  0.8689253      -0.433    -1.714  0.0869234       0.136     0.757  0.4493599    
S8-D8:     -0.165    -0.693  0.4885817      -0.241    -1.009  0.3131221       0.162     0.702  0.4827576    
S9-D4:      0.026     0.111  0.9113790      -0.455    -1.926  0.0544386       0.218     0.724  0.4694591    
S9-D6:      0.125     0.555  0.5793785      -0.353    -1.562  0.1185810       0.211     0.275  0.7834708    
S9-D12:     -0.037    -0.177  0.8594873      -0.246    -1.175  0.2402384       0.229     0.443  0.6579807    
S9-D14:      0.021     0.099  0.9214004      -0.328    -1.524  0.1279149       0.216     0.484  0.6287809    
S10-D9:     -0.001    -0.005  0.9957986      -0.216    -0.928  0.3536719       0.154     0.449  0.6532034    
S10-D10:     -0.229    -0.799  0.4245530      -0.156    -0.544  0.5868521       0.113     0.420  0.6746693    
S10-D11:     -0.093    -0.305  0.7607924       0.014     0.046  0.9631524       0.162     0.102  0.9191645    
S11-D4:     -0.099    -0.428  0.6690039      -0.365    -1.580  0.1145469       0.226     0.776  0.4376725    
S11-D9:     -0.155    -0.892  0.3728359      -0.172    -0.987  0.3239662       0.190     0.612  0.5407188    
S11-D11:     -0.129    -0.484  0.6287637      -0.163    -0.610  0.5417700       0.201     0.492  0.6227872    
S11-D12:      0.017     0.083  0.9339676      -0.092    -0.443  0.6579808       0.158     0.119  0.9056945    
S12-D10:      0.026     0.106  0.9153738      -0.402    -1.613  0.1071982       0.060     0.360  0.7186699    
S12-D11:     -0.274    -1.097  0.2727930      -0.232    -0.926  0.3549098       0.132     0.485  0.6281174    
S12-D13:     -0.137    -0.560  0.5758972      -0.702    -2.872  0.0041875       0.217     0.788  0.4306679    
S13-D11:     -0.006    -0.116  0.9080602       0.030     0.488  0.6257112       0.261    -0.007  0.9944419    
S13-D12:     -0.023    -0.135  0.8929799      -0.052    -0.306  0.7596781       0.202     0.180  0.8574877    
S13-D13:     -0.075    -0.312  0.7549187      -0.192    -0.793  0.4282690       0.283     0.287  0.7743913    
S13-D15:     -0.187    -0.802  0.4225163      -0.345    -1.472  0.1414071       0.225     0.774  0.4393815    
S14-D12:      0.058     0.272  0.7853897      -0.432    -2.034  0.0422580       0.157     0.628  0.5300725    
S14-D14:      0.053     0.242  0.8086209      -0.383    -1.748  0.0808219       0.176     0.546  0.5850579    
S14-D15:     -0.149    -0.538  0.5904465      -0.439    -1.585  0.1132780       0.138     0.855  0.3927094    
S14-D16:      0.065     0.275  0.7835722      -0.434    -1.824  0.0685212       0.174     0.571  0.5684252    
S15-D13:     -0.332    -1.378  0.1684317      -0.005    -0.022  0.9826888       0.205     0.219  0.8270539    
S15-D15:     -0.229    -1.358  0.1749741      -0.019    -0.106  0.9153798       0.138     0.259  0.7959618    
S16-D15:     -0.196    -0.646  0.5185861      -0.414    -1.359  0.1746662       0.119     0.722  0.4706729    
S16-D16:      0.127     0.569  0.5698369      -0.153    -0.684  0.4938998       0.119     0.068  0.9458105    


GLM CONTRAST RESULTS
Contrast 1: Lefty > Baseline
Contrast 2: Right > Baseline
Contrast 3: Lefty > Right 

Contrast results per channel for Oxy(t, p values)
S1-D1:      1.428  0.1535586      -3.597  0.0003406       4.681  0.0000033    
S1-D2:      0.378  0.7058637      -2.427  0.0154470       2.279  0.0229165    
S1-D3:     -0.367  0.7140686      -1.793  0.0733389       1.095  0.2737822    
S2-D2:     -0.958  0.3384097      -0.220  0.8260539      -0.545  0.5861441    
S2-D4:     -0.490  0.6242729      -0.976  0.3292338       0.376  0.7070265    
S2-D9:     -0.946  0.3445801      -0.632  0.5274836      -0.233  0.8155708    
S3-D1:      0.258  0.7965349      -0.058  0.9536902       0.229  0.8192063    
S3-D3:     -0.354  0.7236235      -0.360  0.7193100       0.004  0.9965367    
S3-D5:      0.045  0.9639377      -0.587  0.5576328       0.451  0.6518522    
S4-D2:     -0.003  0.9975338      -1.895  0.0584619       1.434  0.1518302    
S4-D3:      0.230  0.8178029      -1.052  0.2929911       0.977  0.3287167    
S4-D4:     -0.067  0.9463292      -1.512  0.1309892       1.094  0.2742889    
S4-D6:      1.154  0.2489456      -1.756  0.0795336       2.204  0.0277867    
S5-D3:     -0.702  0.4831743      -0.874  0.3821775       0.126  0.9001220    
S5-D5:     -0.884  0.3768142      -0.133  0.8943437      -0.546  0.5852154    
S5-D6:      1.177  0.2395172      -1.540  0.1238598       2.227  0.0261924    
S5-D7:      0.827  0.4087390      -2.791  0.0053774       2.943  0.0033441    
S6-D5:     -0.578  0.5633917      -0.410  0.6818796      -0.123  0.9018705    
S6-D7:     -0.837  0.4030762      -0.938  0.3483323       0.080  0.9359946    
S7-D6:      0.397  0.6917023      -1.435  0.1517738       1.435  0.1515833    
S7-D7:      0.509  0.6106553      -1.740  0.0821971       1.862  0.0630055    
S7-D8:      0.953  0.3407510      -0.829  0.4073864       1.387  0.1658382    
S7-D14:     -0.160  0.8728363      -1.399  0.1622572       0.966  0.3343741    
S8-D7:      0.296  0.7674442      -2.253  0.0244999       2.166  0.0305910    
S8-D8:      0.124  0.9016680      -0.982  0.3262938       0.849  0.3962371    
S9-D4:     -0.436  0.6631123      -1.851  0.0645677       1.108  0.2681535    
S9-D6:      0.124  0.9017269      -1.716  0.0865952       1.459  0.1448364    
S9-D12:     -0.333  0.7390141      -1.595  0.1111299       0.984  0.3255196    
S9-D14:      0.009  0.9926018      -1.350  0.1774731       1.077  0.2819772    
S10-D9:     -0.204  0.8382397      -0.507  0.6123434       0.240  0.8107623    
S10-D10:     -0.608  0.5435281      -1.095  0.2739976       0.378  0.7053411    
S10-D11:      0.308  0.7582693      -1.203  0.2291868       1.318  0.1879063    
S11-D4:     -0.427  0.6697051      -1.179  0.2387360       0.582  0.5604968    
S11-D9:     -0.612  0.5410134      -1.122  0.2622383       0.396  0.6921704    
S11-D11:     -0.201  0.8404709      -0.685  0.4934625       0.410  0.6818273    
S11-D12:      0.442  0.6585663      -0.677  0.4987838       0.879  0.3797591    
S12-D10:      0.268  0.7891204      -1.006  0.3146979       0.929  0.3532919    
S12-D11:     -1.636  0.1021989      -0.066  0.9473529      -1.154  0.2487418    
S12-D13:     -0.693  0.4882996      -1.521  0.1287355       0.604  0.5463304    
S13-D11:     -0.267  0.7896177      -0.535  0.5929735       0.216  0.8290614    
S13-D12:      0.501  0.6166526      -0.397  0.6911938       0.681  0.4960194    
S13-D13:     -0.660  0.5091596      -1.786  0.0745133       1.049  0.2946113    
S13-D15:     -0.531  0.5956161      -1.456  0.1456354       0.775  0.4383160    
S14-D12:      0.133  0.8945692      -1.804  0.0716004       1.511  0.1310575    
S14-D14:      0.064  0.9486564      -1.565  0.1179950       1.323  0.1861842    
S14-D15:     -0.071  0.9432247      -1.557  0.1197558       1.262  0.2074391    
S14-D16:      0.336  0.7367428      -1.261  0.2077641       1.269  0.2049625    
S15-D13:     -1.619  0.1059251       0.630  0.5291353      -1.661  0.0971580    
S15-D15:     -1.153  0.2491565      -0.001  0.9988467      -0.832  0.4054320    
S16-D15:      0.192  0.8479910      -1.208  0.2273833       1.200  0.2303832    
S16-D16:      0.463  0.6432420      -1.406  0.1600029       1.444  0.1492002    
Contrast results per channel for DeOxy(t, p values)
S1-D1:      0.327  0.7434636       0.890  0.3736214      -0.432  0.6657797    
S1-D2:      0.096  0.9232967      -0.076  0.9393094       0.129  0.8975609    
S1-D3:      0.674  0.5004883       0.277  0.7821887       0.317  0.7515260    
S2-D2:     -1.074  0.2829901       2.055  0.0402294      -2.326  0.0202410    
S2-D4:      0.193  0.8469752      -0.364  0.7159225       0.462  0.6443009    
S2-D9:     -0.234  0.8147673       1.160  0.2464802      -1.079  0.2807123    
S3-D1:      0.484  0.6281776      -0.853  0.3937745       0.958  0.3384792    
S3-D3:      0.869  0.3850240      -0.595  0.5517897       1.050  0.2938460    
S3-D5:      0.722  0.4704656      -0.771  0.4407540       1.070  0.2849430    
S4-D2:     -1.145  0.2525136       2.579  0.0100699      -3.910  0.0000997    
S4-D3:     -0.776  0.4380263       2.786  0.0054497      -3.047  0.0023854    
S4-D4:      0.312  0.7547878       2.123  0.0340206      -1.660  0.0972088    
S4-D6:      1.313  0.1894971       1.168  0.2432835       0.119  0.9049275    
S5-D3:      0.760  0.4475952      -1.218  0.2236102       1.434  0.1519348    
S5-D5:      1.597  0.1107515       0.110  0.9122995       1.054  0.2923108    
S5-D6:     -0.620  0.5355817      -1.307  0.1916414       0.566  0.5714353    
S5-D7:     -0.153  0.8780514      -0.879  0.3796441       0.607  0.5438911    
S6-D5:      0.230  0.8178816      -2.086  0.0372791       1.643  0.1008488    
S6-D7:      1.384  0.1666214      -2.498  0.0126715       2.753  0.0060373    
S7-D6:      0.302  0.7623928      -0.918  0.3588859       0.926  0.3547247    
S7-D7:      0.211  0.8332691      -0.794  0.4274525       0.777  0.4373734    
S7-D8:     -0.151  0.8802770      -1.430  0.1531673       1.077  0.2818460    
S7-D14:      0.009  0.9926547      -1.304  0.1924921       1.062  0.2884670    
S8-D7:     -0.590  0.5555136      -0.880  0.3789542       0.246  0.8059245    
S8-D8:     -2.204  0.0277810      -0.342  0.7323297      -1.617  0.1063142    
S9-D4:     -0.558  0.5767019       1.332  0.1833715      -2.280  0.0228576    
S9-D6:      0.223  0.8234437      -0.739  0.4599249       0.787  0.4317223    
S9-D12:     -0.744  0.4573716      -0.981  0.3267233       0.208  0.8352466    
S9-D14:      0.583  0.5598155       0.137  0.8908040       0.369  0.7123310    
S10-D9:      0.186  0.8527102       1.241  0.2148017      -0.871  0.3841627    
S10-D10:     -0.395  0.6931668       0.159  0.8737010      -0.400  0.6891740    
S10-D11:      0.064  0.9492079       0.810  0.4183243      -0.603  0.5464313    
S11-D4:     -1.404  0.1607694       1.233  0.2180122      -2.341  0.0194472    
S11-D9:     -0.663  0.5076501       1.577  0.1151066      -2.081  0.0377427    
S11-D11:      0.111  0.9115817       0.349  0.7270988      -0.198  0.8433251    
S11-D12:      0.187  0.8518723       0.550  0.5824601      -0.306  0.7596418    
S12-D10:      0.526  0.5988923      -2.257  0.0242569       2.008  0.0449584    
S12-D11:     -0.073  0.9416656      -1.556  0.1200745       1.068  0.2856342    
S12-D13:     -0.312  0.7547501      -3.127  0.0018237       2.006  0.0451789    
S13-D11:     -1.403  0.1608985       0.260  0.7945766      -1.202  0.2295423    
S13-D12:     -0.357  0.7208171       0.529  0.5970389      -0.730  0.4657684    
S13-D13:     -0.072  0.9427715      -1.162  0.2457453       0.788  0.4306424    
S13-D15:     -0.939  0.3480836      -0.688  0.4917044      -0.195  0.8453912    
S14-D12:      0.076  0.9392496      -1.802  0.0719567       1.586  0.1131705    
S14-D14:     -0.321  0.7481566      -1.494  0.1355065       0.910  0.3631520    
S14-D15:     -0.409  0.6824990       0.018  0.9854274      -0.278  0.7812600    
S14-D16:     -0.056  0.9553029      -0.787  0.4314485       0.542  0.5880962    
S15-D13:      0.775  0.4387305      -2.562  0.0105787       2.369  0.0180657    
S15-D15:      0.414  0.6789773       0.161  0.8718302       0.180  0.8575159    
S16-D15:     -0.048  0.9615667       0.235  0.8141642      -0.267  0.7893215    
S16-D16:     -0.054  0.9566093      -0.130  0.8968019       0.066  0.9475863    
Contrast results per channel for Total(t, p values)
S1-D1:      1.716  0.0864396      -3.767  0.0001765       5.285  0.0000002    
S1-D2:      0.054  0.9570745      -1.733  0.0835405       1.404  0.1605464    
S1-D3:      0.397  0.6913364      -1.703  0.0889585       1.637  0.1020068    
S2-D2:     -1.068  0.2856770       0.223  0.8238737      -0.956  0.3392684    
S2-D4:     -0.139  0.8891622      -0.804  0.4213582       0.513  0.6084145    
S2-D9:     -0.555  0.5788319      -1.158  0.2472496       0.474  0.6357051    
S3-D1:     -0.026  0.9795823      -0.209  0.8346263       0.134  0.8931694    
S3-D3:     -0.386  0.6998891      -0.575  0.5654197       0.137  0.8906782    
S3-D5:      0.236  0.8134650      -0.555  0.5788672       0.566  0.5712360    
S4-D2:     -0.161  0.8722165      -1.374  0.1697093       0.921  0.3575136    
S4-D3:      0.050  0.9598160      -0.888  0.3748665       0.711  0.4773209    
S4-D4:     -0.242  0.8091639      -0.705  0.4813101       0.352  0.7248201    
S4-D6:      0.906  0.3650358      -1.840  0.0661291       2.103  0.0357847    
S5-D3:     -0.259  0.7956583      -0.814  0.4156468       0.406  0.6845158    
S5-D5:     -0.355  0.7227279       0.447  0.6546576      -0.584  0.5594119    
S5-D6:      0.347  0.7283775      -0.848  0.3966620       0.895  0.3712776    
S5-D7:      0.270  0.7873416      -2.201  0.0279761       1.961  0.0502265    
S6-D5:     -0.208  0.8350856      -0.328  0.7427167       0.088  0.9301928    
S6-D7:     -0.391  0.6955778      -0.747  0.4553616       0.278  0.7807426    
S7-D6:      0.036  0.9715250      -1.400  0.1617673       1.090  0.2759241    
S7-D7:      0.676  0.4992598      -1.485  0.1379120       1.699  0.0897393    
S7-D8:      0.649  0.5167794      -1.778  0.0758330       1.978  0.0482443    
S7-D14:     -0.198  0.8433521      -1.226  0.2204405       0.798  0.4251643    
S8-D7:     -0.165  0.8689253      -1.714  0.0869234       1.246  0.2130781    
S8-D8:     -0.693  0.4885817      -1.009  0.3131221       0.245  0.8062432    
S9-D4:      0.111  0.9113790      -1.926  0.0544386       1.651  0.0992079    
S9-D6:      0.555  0.5793785      -1.562  0.1185810       1.653  0.0987215    
S9-D12:     -0.177  0.8594873      -1.175  0.2402384       0.774  0.4394045    
S9-D14:      0.099  0.9214004      -1.524  0.1279149       1.286  0.1988271    
S10-D9:     -0.005  0.9957986      -0.928  0.3536719       0.788  0.4307459    
S10-D10:     -0.799  0.4245530      -0.544  0.5868521      -0.200  0.8418370    
S10-D11:     -0.305  0.7607924       0.046  0.9631524      -0.276  0.7828208    
S11-D4:     -0.428  0.6690039      -1.580  0.1145469       0.951  0.3418328    
S11-D9:     -0.892  0.3728359      -0.987  0.3239662       0.076  0.9398270    
S11-D11:     -0.484  0.6287637      -0.610  0.5417700       0.107  0.9149851    
S11-D12:      0.083  0.9339676      -0.443  0.6579808       0.406  0.6848298    
S12-D10:      0.106  0.9153738      -1.613  0.1071982       1.271  0.2039219    
S12-D11:     -1.097  0.2727930      -0.926  0.3549098      -0.128  0.8985053    
S12-D13:     -0.560  0.5758972      -2.872  0.0041875       1.699  0.0897156    
S13-D11:     -0.116  0.9080602       0.488  0.6257112      -0.450  0.6530109    
S13-D12:     -0.135  0.8929799      -0.306  0.7596781       0.129  0.8970365    
S13-D13:     -0.312  0.7549187      -0.793  0.4282690       0.409  0.6823352    
S13-D15:     -0.802  0.4225163      -1.472  0.1414071       0.550  0.5826390    
S14-D12:      0.272  0.7853897      -2.034  0.0422580       1.802  0.0718375    
S14-D14:      0.242  0.8086209      -1.748  0.0808219       1.591  0.1120353    
S14-D15:     -0.538  0.5904465      -1.585  0.1132780       0.865  0.3871672    
S14-D16:      0.275  0.7835722      -1.824  0.0685212       1.695  0.0905378    
S15-D13:     -1.378  0.1684317      -0.022  0.9826888      -1.040  0.2984107    
S15-D15:     -1.358  0.1749741      -0.106  0.9153798      -0.924  0.3557346    
S16-D15:     -0.646  0.5185861      -1.359  0.1746662       0.571  0.5684779    
S16-D16:      0.569  0.5698369      -0.684  0.4938998       0.978  0.3283856    
Explained VarianceOxy(R squared)
S1-D1:      0.001  0.1647315    0.0000000    
S1-D2:      0.000  0.0899091    0.0000000    
S1-D3:      0.000  0.0617302    0.0000000    
S2-D2:      0.000  0.0333085    0.0000000    
S2-D4:      0.000  0.0355809    0.0000000    
S2-D9:      0.000  0.0374048    0.0000000    
S3-D1:      0.000  0.0092028    0.0000000    
S3-D3:      0.000  0.0169481    0.0000000    
S3-D5:      0.000  0.0202934    0.0000000    
S4-D2:      0.000  0.0656164    0.0000000    
S4-D3:      0.000  0.0384589    0.0000000    
S4-D4:      0.000  0.0521608    0.0000000    
S4-D6:      0.000  0.0763417    0.0000000    
S5-D3:      0.000  0.0377194    0.0000000    
S5-D5:      0.000  0.0305818    0.0000000    
S5-D6:      0.000  0.0768642    0.0000000    
S5-D7:      0.000  0.1093039    0.0000000    
S6-D5:      0.000  0.0235643    0.0000000    
S6-D7:      0.000  0.0403334    0.0000000    
S7-D6:      0.000  0.0545083    0.0000000    
S7-D7:      0.000  0.0692020    0.0000000    
S7-D8:      0.000  0.0477976    0.0000000    
S7-D14:      0.000  0.0482125    0.0000000    
S8-D7:      0.000  0.0850601    0.0000000    
S8-D8:      0.000  0.0350996    0.0000000    
S9-D4:      0.000  0.0637036    0.0000000    
S9-D6:      0.000  0.0612816    0.0000000    
S9-D12:      0.000  0.0548776    0.0000000    
S9-D14:      0.000  0.0474721    0.0000000    
S10-D9:      0.000  0.0178400    0.0000000    
S10-D10:      0.000  0.0404866    0.0000000    
S10-D11:      0.000  0.0490328    0.0000000    
S11-D4:      0.000  0.0413971    0.0000000    
S11-D9:      0.000  0.0414670    0.0000000    
S11-D11:      0.000  0.0235902    0.0000000    
S11-D12:      0.000  0.0306940    0.0000000    
S12-D10:      0.000  0.0364181    0.0000000    
S12-D11:      0.000  0.0562953    0.0000000    
S12-D13:      0.000  0.0562841    0.0000000    
S13-D11:      0.000  0.0191694    0.0000000    
S13-D12:      0.000  0.0235767    0.0000000    
S13-D13:      0.000  0.0614711    0.0000000    
S13-D15:      0.000  0.0502958    0.0000000    
S14-D12:      0.000  0.0639881    0.0000000    
S14-D14:      0.000  0.0560193    0.0000000    
S14-D15:      0.000  0.0554797    0.0000000    
S14-D16:      0.000  0.0481758    0.0000000    
S15-D13:      0.000  0.0615916    0.0000000    
S15-D15:      0.000  0.0398438    0.0000000    
S16-D15:      0.000  0.0465104    0.0000000    
S16-D16:      0.000  0.0539913    0.0000000    
Explained VarianceDeOxy(R squared)
S1-D1:      0.000  0.0314091    0.0000000    
S1-D2:      0.000  0.0044615    0.0000000    
S1-D3:      0.000  0.0236559    0.0000000    
S2-D2:      0.000  0.0829705    0.0000000    
S2-D4:      0.000  0.0163164    0.0000000    
S2-D9:      0.000  0.0425590    0.0000000    
S3-D1:      0.000  0.0341339    0.0000000    
S3-D3:      0.000  0.0367467    0.0000000    
S3-D5:      0.000  0.0368448    0.0000000    
S4-D2:      0.000  0.1361273    0.0000000    
S4-D3:      0.000  0.1124841    0.0000000    
S4-D4:      0.000  0.0756948    0.0000000    
S4-D6:      0.000  0.0530215    0.0000000    
S5-D3:      0.000  0.0504933    0.0000000    
S5-D5:      0.000  0.0550091    0.0000000    
S5-D6:      0.000  0.0463470    0.0000000    
S5-D7:      0.000  0.0304527    0.0000000    
S6-D5:      0.000  0.0721366    0.0000000    
S6-D7:      0.000  0.0980830    0.0000000    
S7-D6:      0.000  0.0347840    0.0000000    
S7-D7:      0.000  0.0295195    0.0000000    
S7-D8:      0.000  0.0501143    0.0000000    
S7-D14:      0.000  0.0461555    0.0000000    
S8-D7:      0.000  0.0325676    0.0000000    
S8-D8:      0.000  0.0771275    0.0000000    
S9-D4:      0.000  0.0794592    0.0000000    
S9-D6:      0.000  0.0292988    0.0000000    
S9-D12:      0.000  0.0395703    0.0000000    
S9-D14:      0.000  0.0201029    0.0000000    
S10-D9:      0.000  0.0429879    0.0000000    
S10-D10:      0.000  0.0148839    0.0000000    
S10-D11:      0.000  0.0282287    0.0000000    
S11-D4:      0.000  0.0804662    0.0000000    
S11-D9:      0.000  0.0737744    0.0000000    
S11-D11:      0.000  0.0124893    0.0000000    
S11-D12:      0.000  0.0189920    0.0000000    
S12-D10:      0.000  0.0803081    0.0000000    
S12-D11:      0.000  0.0535191    0.0000000    
S12-D13:      0.000  0.1074809    0.0000000    
S13-D11:      0.000  0.0495155    0.0000000    
S13-D12:      0.000  0.0253924    0.0000000    
S13-D13:      0.000  0.0399831    0.0000000    
S13-D15:      0.000  0.0370440    0.0000000    
S14-D12:      0.000  0.0657210    0.0000000    
S14-D14:      0.000  0.0514761    0.0000000    
S14-D15:      0.000  0.0141155    0.0000000    
S14-D16:      0.000  0.0271032    0.0000000    
S15-D13:      0.000  0.0919936    0.0000000    
S15-D15:      0.000  0.0150784    0.0000000    
S16-D15:      0.000  0.0099407    0.0000000    
S16-D16:      0.000  0.0048443    0.0000000    
Explained VarianceTotal(R squared)
S1-D1:      0.001  0.1833105    0.0000000    
S1-D2:      0.000  0.0610279    0.0000000    
S1-D3:      0.000  0.0633873    0.0000000    
S2-D2:      0.000  0.0383884    0.0000000    
S2-D4:      0.000  0.0277009    0.0000000    
S2-D9:      0.000  0.0415911    0.0000000    
S3-D1:      0.000  0.0072032    0.0000000    
S3-D3:      0.000  0.0233704    0.0000000    
S3-D5:      0.000  0.0209605    0.0000000    
S4-D2:      0.000  0.0472826    0.0000000    
S4-D3:      0.000  0.0309870    0.0000000    
S4-D4:      0.000  0.0248000    0.0000000    
S4-D6:      0.000  0.0743934    0.0000000    
S5-D3:      0.000  0.0289232    0.0000000    
S5-D5:      0.000  0.0202261    0.0000000    
S5-D6:      0.000  0.0328861    0.0000000    
S5-D7:      0.000  0.0796593    0.0000000    
S6-D5:      0.000  0.0130594    0.0000000    
S6-D7:      0.000  0.0272631    0.0000000    
S7-D6:      0.000  0.0487739    0.0000000    
S7-D7:      0.000  0.0610933    0.0000000    
S7-D8:      0.000  0.0722119    0.0000000    
S7-D14:      0.000  0.0421980    0.0000000    
S8-D7:      0.000  0.0594341    0.0000000    
S8-D8:      0.000  0.0393652    0.0000000    
S9-D4:      0.000  0.0691453    0.0000000    
S9-D6:      0.000  0.0611107    0.0000000    
S9-D12:      0.000  0.0404480    0.0000000    
S9-D14:      0.000  0.0543220    0.0000000    
S10-D9:      0.000  0.0335636    0.0000000    
S10-D10:      0.000  0.0307257    0.0000000    
S10-D11:      0.000  0.0111141    0.0000000    
S11-D4:      0.000  0.0543299    0.0000000    
S11-D9:      0.000  0.0426373    0.0000000    
S11-D11:      0.000  0.0239196    0.0000000    
S11-D12:      0.000  0.0161668    0.0000000    
S12-D10:      0.000  0.0560893    0.0000000    
S12-D11:      0.000  0.0468709    0.0000000    
S12-D13:      0.000  0.0991391    0.0000000    
S13-D11:      0.000  0.0173353    0.0000000    
S13-D12:      0.000  0.0110794    0.0000000    
S13-D13:      0.000  0.0274045    0.0000000    
S13-D15:      0.000  0.0529567    0.0000000    
S14-D12:      0.000  0.0733373    0.0000000    
S14-D14:      0.000  0.0639181    0.0000000    
S14-D15:      0.000  0.0546880    0.0000000    
S14-D16:      0.000  0.0673365    0.0000000    
S15-D13:      0.000  0.0478663    0.0000000    
S15-D15:      0.000  0.0467866    0.0000000    
S16-D15:      0.000  0.0484331    0.0000000    
S16-D16:      0.000  0.0337581    0.0000000    
