0.0000000000  0.0000000000  1.0000000000  
0.0000000000  0.0000000000  1.0000000000  
0.0000000000  0.0000000000  1.0000000000  
0.0000000000  0.0000000000  1.0000000000  
0.0000000000  0.0000000000  1.0000000000  
0.0000000000  0.0000000000  1.0000000000  
0.0000000000  0.0000000000  1.0000000000  
0.0000000000  0.0000000000  1.0000000000  
0.0000000000  0.0000000000  1.0000000000  
0.0000000000  0.0000000000  1.0000000000  
0.0000000000  0.0000000000  1.0000000000  
0.0000000000  0.0000000000  1.0000000000  
0.0000000000  0.0000000000  1.0000000000  
0.0000000000  0.0000000000  1.0000000000  
0.0000000000  0.0000000000  1.0000000000  
0.0000000000  0.0000000000  1.0000000000  
0.0000000000  0.0000000000  1.0000000000  
0.0000000000  0.0000000000  1.0000000000  
0.0000000000  0.0000000000  1.0000000000  
0.0000000000  0.0000000000  1.0000000000  
0.0000000000  0.0000000000  1.0000000000  
0.0000000000  0.0000000000  1.0000000000  
0.0000000000  0.0000000000  1.0000000000  
0.0000000000  0.0000000000  1.0000000000  
0.0000000000  0.0000000000  1.0000000000  
0.0000000000  0.0000000000  1.0000000000  
0.0000000000  0.0000000000  1.0000000000  
0.0000000000  0.0000000000  1.0000000000  
0.0000000000  0.0000000000  1.0000000000  
0.0000000000  0.0000000000  1.0000000000  
0.0000000000  0.0000000000  1.0000000000  
0.0000000000  0.0000000000  1.0000000000  
0.0000000000  0.0000000000  1.0000000000  
0.0000000000  0.0000000000  1.0000000000  
0.0000000000  0.0000000000  1.0000000000  
0.0000000000  0.0000000000  1.0000000000  
0.0000000000  0.0000000000  1.0000000000  
0.0000000000  0.0000000000  1.0000000000  
0.0000000000  0.0000000000  1.0000000000  
0.0000000000  0.0000000000  1.0000000000  
0.0000000000  0.0000000000  1.0000000000  
0.0000000000  0.0000000000  1.0000000000  
0.0000000000  0.0000000000  1.0000000000  
0.0000000000  0.0000000000  1.0000000000  
0.0000000000  0.0000000000  1.0000000000  
0.0000000000  0.0000000000  1.0000000000  
0.0000000000  0.0000000000  1.0000000000  
0.0000000000  0.0000000000  1.0000000000  
0.0000000000  0.0000000000  1.0000000000  
0.0000000000  0.0000000000  1.0000000000  
0.0000000000  0.0000000000  1.0000000000  
0.0000000000  0.0000000000  1.0000000000  
0.0000000000  0.0000000000  1.0000000000  
0.0000000000  0.0000000000  1.0000000000  
0.0000000000  0.0000000000  1.0000000000  
0.0000000000  0.0000000000  1.0000000000  
0.0000000000  0.0000000000  1.0000000000  
0.0000000000  0.0000000000  1.0000000000  
0.0000000000  0.0000000000  1.0000000000  
0.0000000000  0.0000000000  1.0000000000  
0.0000000000  0.0000000000  1.0000000000  
0.0000000000  0.0000000000  1.0000000000  
0.0000000000  0.0000000000  1.0000000000  
0.0000000000  0.0000000000  1.0000000000  
0.0000000000  0.0000000000  1.0000000000  
0.0000000000  0.0000000000  1.0000000000  
0.0000000000  0.0000000000  1.0000000000  
0.0000000000  0.0000000000  1.0000000000  
0.0000000000  0.0000000000  1.0000000000  
0.0000000000  0.0000000000  1.0000000000  
0.0000000000  0.0000000000  1.0000000000  
0.0000000000  0.0000000000  1.0000000000  
0.0000000000  0.0000000000  1.0000000000  
0.0000000000  0.0000000000  1.0000000000  
0.0000000000  0.0000000000  1.0000000000  
0.0000000000  0.0000000000  1.0000000000  
0.0000000000  0.0000000000  1.0000000000  
0.0000000000  0.0000000000  1.0000000000  
0.0000000000  0.0000000000  1.0000000000  
0.0000000000  0.0000000000  1.0000000000  
0.0000000000  0.0000000000  1.0000000000  
0.0000004799  0.0000000000  1.0000000000  
0.0000130918  0.0000000000  1.0000000000  
0.0000917382  0.0000000000  1.0000000000  
0.0003638933  0.0000000000  1.0000000000  
0.0010459344  0.0000000000  1.0000000000  
0.0024396071  0.0000000000  1.0000000000  
0.0049132597  0.0000000000  1.0000000000  
0.0088736905  0.0000000000  1.0000000000  
0.0147343844  0.0000000000  1.0000000000  
0.0228848134  0.0000000000  1.0000000000  
0.0336640468  0.0000000000  1.0000000000  
0.0473405367  0.0000000000  1.0000000000  
0.0640988044  0.0000000000  1.0000000000  
0.0840328956  0.0000000000  1.0000000000  
0.1071458986  0.0000000000  1.0000000000  
0.1333544899  0.0000000000  1.0000000000  
0.1624973267  0.0000000000  1.0000000000  
0.1943461083  0.0000000000  1.0000000000  
0.2286182143  0.0000000000  1.0000000000  
0.2649899772  0.0000000000  1.0000000000  
0.3031098172  0.0000000000  1.0000000000  
0.3426106463  0.0000000000  1.0000000000  
0.3831211163  0.0000000000  1.0000000000  
0.4242754378  0.0000000000  1.0000000000  
0.4657216242  0.0000000000  1.0000000000  
0.5071281197  0.0000000000  1.0000000000  
0.5481888518  0.0000000000  1.0000000000  
0.5886268070  0.0000000000  1.0000000000  
0.6281962707  0.0000000000  1.0000000000  
0.6666838935  0.0000000000  1.0000000000  
0.7039087604  0.0000000000  1.0000000000  
0.7397216393  0.0000000000  1.0000000000  
0.7740035785  0.0000000000  1.0000000000  
0.8066640117  0.0000000000  1.0000000000  
0.8376385128  0.0000000000  1.0000000000  
0.8668863279  0.0000000000  1.0000000000  
0.8943877898  0.0000000000  1.0000000000  
0.9201417067  0.0000000000  1.0000000000  
0.9441627973  0.0000000000  1.0000000000  
0.9664792286  0.0000000000  1.0000000000  
0.9871302999  0.0000000000  1.0000000000  
1.0061643023  0.0000000000  1.0000000000  
1.0236365730  0.0000000000  1.0000000000  
1.0396077548  0.0000000000  1.0000000000  
1.0541422628  0.0000000000  1.0000000000  
1.0673069544  0.0000000000  1.0000000000  
1.0791699954  0.0000000000  1.0000000000  
1.0897999089  0.0000000000  1.0000000000  
1.0992647944  0.0000000000  1.0000000000  
1.1076317001  0.0000000000  1.0000000000  
1.1149661326  0.0000000000  1.0000000000  
1.1213316870  0.0000000000  1.0000000000  
1.1267893012  0.0000000000  1.0000000000  
1.1313863866  0.0000000000  1.0000000000  
1.1351256453  0.0000000000  1.0000000000  
1.1379337060  0.0000000000  1.0000000000  
1.1396457960  0.0000000000  1.0000000000  
1.1400093172  0.0000000000  1.0000000000  
1.1387026796  0.0000000000  1.0000000000  
1.1353635409  0.0000000000  1.0000000000  
1.1296206692  0.0000000000  1.0000000000  
1.1211247471  0.0000000000  1.0000000000  
1.1095748692  0.0000000000  1.0000000000  
1.0947388611  0.0000000000  1.0000000000  
1.0764666928  0.0000000000  1.0000000000  
1.0546971178  0.0000000000  1.0000000000  
1.0294582399  0.0000000000  1.0000000000  
1.0008630453  0.0000000000  1.0000000000  
0.9691010785  0.0000000000  1.0000000000  
0.9344274405  0.0000000000  1.0000000000  
0.8971502031  0.0000000000  1.0000000000  
0.8576171807  0.0000000000  1.0000000000  
0.8162028338  0.0000000000  1.0000000000  
0.7732958975  0.0000000000  1.0000000000  
0.7292881620  0.0000000000  1.0000000000  
0.6845646780  0.0000000000  1.0000000000  
0.6394955351  0.0000000000  1.0000000000  
0.5944292543  0.0000000000  1.0000000000  
0.5496877553  0.0000000000  1.0000000000  
0.5055627997  0.0000000000  1.0000000000  
0.4623137723  0.0000000000  1.0000000000  
0.4201666354  0.0000000000  1.0000000000  
0.3793138819  0.0000000000  1.0000000000  
0.3399153118  0.0000000000  1.0000000000  
0.3020994608  0.0000000000  1.0000000000  
0.2659655236  0.0000000000  1.0000000000  
0.2315856298  0.0000000000  1.0000000000  
0.1990073449  0.0000000000  1.0000000000  
0.1682562900  0.0000000000  1.0000000000  
0.1393387896  0.0000000000  1.0000000000  
0.1122444752  0.0000000000  1.0000000000  
0.0869487865  0.0000000000  1.0000000000  
0.0634153285  0.0000000000  1.0000000000  
0.0415980533  0.0000000000  1.0000000000  
0.0214432479  0.0000000000  1.0000000000  
0.0028913174  0.0000000000  1.0000000000  
-0.0141216392  0.0000000000  1.0000000000  
-0.0296624572  0.0000000000  1.0000000000  
-0.0437997301  0.0000000000  1.0000000000  
-0.0566028176  0.0000000000  1.0000000000  
-0.0681410252  0.0000000000  1.0000000000  
-0.0784829372  0.0000000000  1.0000000000  
-0.0876958889  0.0000000000  1.0000000000  
-0.0958455613  0.0000000000  1.0000000000  
-0.1029956804  0.0000000000  1.0000000000  
-0.1092078077  0.0000000000  1.0000000000  
-0.1145412055  0.0000000000  1.0000000000  
-0.1190527641  0.0000000000  1.0000000000  
-0.1227969791  0.0000000000  1.0000000000  
-0.1258259672  0.0000000000  1.0000000000  
-0.1281895109  0.0000000000  1.0000000000  
-0.1299351244  0.0000000000  1.0000000000  
-0.1311081331  0.0000000000  1.0000000000  
-0.1317517617  0.0000000000  1.0000000000  
-0.1319072248  0.0000000000  1.0000000000  
-0.1316138183  0.0000000000  1.0000000000  
-0.1309090065  0.0000000000  1.0000000000  
-0.1298285057  0.0000000000  1.0000000000  
-0.1284063598  0.0000000000  1.0000000000  
-0.1266750099  0.0000000000  1.0000000000  
-0.1246653559  0.0000000000  1.0000000000  
-0.1224068110  0.0000000000  1.0000000000  
-0.1199273497  0.0000000000  1.0000000000  
-0.1172535486  0.0000000000  1.0000000000  
-0.1144106225  0.0000000000  1.0000000000  
-0.1114224554  0.0000000000  1.0000000000  
-0.1083116279  0.0000000000  1.0000000000  
-0.1050994422  0.0000000000  1.0000000000  
-0.1018059440  0.0000004799  1.0000000000  
-0.0984499449  0.0000130918  1.0000000000  
-0.0950490427  0.0000917382  1.0000000000  
-0.0916196434  0.0003638933  1.0000000000  
-0.0881769835  0.0010459344  1.0000000000  
-0.0847351535  0.0024396071  1.0000000000  
-0.0813071232  0.0049132597  1.0000000000  
-0.0779047690  0.0088736905  1.0000000000  
-0.0745389038  0.0147343844  1.0000000000  
-0.0712193077  0.0228848134  1.0000000000  
-0.0679547628  0.0336640468  1.0000000000  
-0.0647530884  0.0473405367  1.0000000000  
-0.0616211796  0.0640988044  1.0000000000  
-0.0585650464  0.0840328956  1.0000000000  
-0.0555898560  0.1071458986  1.0000000000  
-0.0526999747  0.1333544899  1.0000000000  
-0.0498990121  0.1624973267  1.0000000000  
-0.0471898660  0.1943461083  1.0000000000  
-0.0445747672  0.2286182143  1.0000000000  
-0.0420553248  0.2649899772  1.0000000000  
-0.0396325718  0.3031098172  1.0000000000  
-0.0373070098  0.3426106463  1.0000000000  
-0.0350786531  0.3831211163  1.0000000000  
-0.0329470724  0.4242754378  1.0000000000  
-0.0309114370  0.4657216242  1.0000000000  
-0.0289705560  0.5071281197  1.0000000000  
-0.0271229174  0.5481888518  1.0000000000  
-0.0253667266  0.5886268070  1.0000000000  
-0.0236999422  0.6281962707  1.0000000000  
-0.0221203106  0.6666838935  1.0000000000  
-0.0206253983  0.7039087604  1.0000000000  
-0.0192126225  0.7397216393  1.0000000000  
-0.0178792794  0.7740035785  1.0000000000  
-0.0166225707  0.8066640117  1.0000000000  
-0.0154260420  0.8376385128  1.0000000000  
-0.0143017206  0.8668863279  1.0000000000  
-0.0132465339  0.8943877898  1.0000000000  
-0.0122574123  0.9201417067  1.0000000000  
-0.0113313048  0.9441627973  1.0000000000  
-0.0104651931  0.9664792286  1.0000000000  
-0.0096561043  0.9871302999  1.0000000000  
-0.0089011212  1.0061643023  1.0000000000  
-0.0081973922  1.0236365730  1.0000000000  
-0.0075421389  1.0396077548  1.0000000000  
-0.0069326629  1.0541422628  1.0000000000  
-0.0063663513  1.0673069544  1.0000000000  
-0.0058406812  1.0791699954  1.0000000000  
-0.0053532228  1.0897999089  1.0000000000  
-0.0049016421  1.0992647944  1.0000000000  
-0.0044837020  1.1076317001  1.0000000000  
-0.0040972639  1.1149661326  1.0000000000  
-0.0037402872  1.1213316870  1.0000000000  
-0.0034108289  1.1267893012  1.0000000000  
-0.0031070427  1.1313863866  1.0000000000  
-0.0028271779  1.1351256453  1.0000000000  
-0.0025695768  1.1379337060  1.0000000000  
-0.0023326730  1.1396457960  1.0000000000  
-0.0021149889  1.1400093172  1.0000000000  
-0.0019151327  1.1387026796  1.0000000000  
-0.0017317957  1.1353635409  1.0000000000  
-0.0015637491  1.1296206692  1.0000000000  
-0.0014098412  1.1211247471  1.0000000000  
-0.0012689935  1.1095748692  1.0000000000  
-0.0011401980  1.0947388611  1.0000000000  
-0.0010225137  1.0764666928  1.0000000000  
-0.0009150634  1.0546971178  1.0000000000  
-0.0008170300  1.0294582399  1.0000000000  
-0.0007276540  1.0008630453  1.0000000000  
-0.0006462299  0.9691010785  1.0000000000  
-0.0005721032  0.9344274405  1.0000000000  
-0.0005046673  0.8971502031  1.0000000000  
-0.0004433610  0.8576171807  1.0000000000  
-0.0003876653  0.8162028338  1.0000000000  
-0.0003371009  0.7732958975  1.0000000000  
-0.0002912258  0.7292881620  1.0000000000  
-0.0002496324  0.6845646780  1.0000000000  
-0.0002119457  0.6394955351  1.0000000000  
-0.0001778205  0.5944292543  1.0000000000  
-0.0001469398  0.5496877553  1.0000000000  
-0.0001190127  0.5055627997  1.0000000000  
-0.0000937721  0.4623137723  1.0000000000  
-0.0000709736  0.4201666354  1.0000000000  
-0.0000503932  0.3793138819  1.0000000000  
-0.0000318262  0.3399153118  1.0000000000  
-0.0000150855  0.3020994608  1.0000000000  
0.0000000000  0.2659655236  1.0000000000  
0.0000000000  0.2315856298  1.0000000000  
0.0000000000  0.1990073449  1.0000000000  
0.0000000000  0.1682562900  1.0000000000  
0.0000000000  0.1393387896  1.0000000000  
0.0000000000  0.1122444752  1.0000000000  
0.0000000000  0.0869487865  1.0000000000  
0.0000000000  0.0634153285  1.0000000000  
0.0000000000  0.0415980533  1.0000000000  
0.0000000000  0.0214432479  1.0000000000  
0.0000000000  0.0028913174  1.0000000000  
0.0000000000  -0.0141216392  1.0000000000  
0.0000000000  -0.0296624572  1.0000000000  
0.0000000000  -0.0437997301  1.0000000000  
0.0000000000  -0.0566028176  1.0000000000  
0.0000000000  -0.0681410252  1.0000000000  
0.0000000000  -0.0784829372  1.0000000000  
0.0000000000  -0.0876958889  1.0000000000  
0.0000000000  -0.0958455613  1.0000000000  
0.0000000000  -0.1029956804  1.0000000000  
0.0000000000  -0.1092078077  1.0000000000  
0.0000000000  -0.1145412055  1.0000000000  
0.0000000000  -0.1190527641  1.0000000000  
0.0000000000  -0.1227969791  1.0000000000  
0.0000000000  -0.1258259672  1.0000000000  
0.0000000000  -0.1281895109  1.0000000000  
0.0000000000  -0.1299351244  1.0000000000  
0.0000000000  -0.1311081331  1.0000000000  
0.0000000000  -0.1317517617  1.0000000000  
0.0000000000  -0.1319072248  1.0000000000  
0.0000000000  -0.1316138183  1.0000000000  
0.0000000000  -0.1309090065  1.0000000000  
0.0000000000  -0.1298285057  1.0000000000  
0.0000000000  -0.1284063598  1.0000000000  
0.0000000000  -0.1266750099  1.0000000000  
0.0000000000  -0.1246653559  1.0000000000  
0.0000000000  -0.1224068110  1.0000000000  
0.0000000000  -0.1199273497  1.0000000000  
0.0000000000  -0.1172535486  1.0000000000  
0.0000000000  -0.1144106225  1.0000000000  
0.0000000000  -0.1114224554  1.0000000000  
0.0000000000  -0.1083116279  1.0000000000  
0.0000000000  -0.1050994422  1.0000000000  
0.0000000000  -0.1018059440  1.0000000000  
0.0000004799  -0.0984499449  1.0000000000  
0.0000130918  -0.0950490427  1.0000000000  
0.0000917382  -0.0916196434  1.0000000000  
0.0003638933  -0.0881769835  1.0000000000  
0.0010459344  -0.0847351535  1.0000000000  
0.0024396071  -0.0813071232  1.0000000000  
0.0049132597  -0.0779047690  1.0000000000  
0.0088736905  -0.0745389038  1.0000000000  
0.0147343844  -0.0712193077  1.0000000000  
0.0228848134  -0.0679547628  1.0000000000  
0.0336640468  -0.0647530884  1.0000000000  
0.0473405367  -0.0616211796  1.0000000000  
0.0640988044  -0.0585650464  1.0000000000  
0.0840328956  -0.0555898560  1.0000000000  
0.1071458986  -0.0526999747  1.0000000000  
0.1333544899  -0.0498990121  1.0000000000  
0.1624973267  -0.0471898660  1.0000000000  
0.1943461083  -0.0445747672  1.0000000000  
0.2286182143  -0.0420553248  1.0000000000  
0.2649899772  -0.0396325718  1.0000000000  
0.3031098172  -0.0373070098  1.0000000000  
0.3426106463  -0.0350786531  1.0000000000  
0.3831211163  -0.0329470724  1.0000000000  
0.4242754378  -0.0309114370  1.0000000000  
0.4657216242  -0.0289705560  1.0000000000  
0.5071281197  -0.0271229174  1.0000000000  
0.5481888518  -0.0253667266  1.0000000000  
0.5886268070  -0.0236999422  1.0000000000  
0.6281962707  -0.0221203106  1.0000000000  
0.6666838935  -0.0206253983  1.0000000000  
0.7039087604  -0.0192126225  1.0000000000  
0.7397216393  -0.0178792794  1.0000000000  
0.7740035785  -0.0166225707  1.0000000000  
0.8066640117  -0.0154260420  1.0000000000  
0.8376385128  -0.0143017206  1.0000000000  
0.8668863279  -0.0132465339  1.0000000000  
0.8943877898  -0.0122574123  1.0000000000  
0.9201417067  -0.0113313048  1.0000000000  
0.9441627973  -0.0104651931  1.0000000000  
0.9664792286  -0.0096561043  1.0000000000  
0.9871302999  -0.0089011212  1.0000000000  
1.0061643023  -0.0081973922  1.0000000000  
1.0236365730  -0.0075421389  1.0000000000  
1.0396077548  -0.0069326629  1.0000000000  
1.0541422628  -0.0063663513  1.0000000000  
1.0673069544  -0.0058406812  1.0000000000  
1.0791699954  -0.0053532228  1.0000000000  
1.0897999089  -0.0049016421  1.0000000000  
1.0992647944  -0.0044837020  1.0000000000  
1.1076317001  -0.0040972639  1.0000000000  
1.1149661326  -0.0037402872  1.0000000000  
1.1213316870  -0.0034108289  1.0000000000  
1.1267893012  -0.0031070427  1.0000000000  
1.1313863866  -0.0028271779  1.0000000000  
1.1351256453  -0.0025695768  1.0000000000  
1.1379337060  -0.0023326730  1.0000000000  
1.1396457960  -0.0021149889  1.0000000000  
1.1400093172  -0.0019151327  1.0000000000  
1.1387026796  -0.0017317957  1.0000000000  
1.1353635409  -0.0015637491  1.0000000000  
1.1296206692  -0.0014098412  1.0000000000  
1.1211247471  -0.0012689935  1.0000000000  
1.1095748692  -0.0011401980  1.0000000000  
1.0947388611  -0.0010225137  1.0000000000  
1.0764666928  -0.0009150634  1.0000000000  
1.0546971178  -0.0008170300  1.0000000000  
1.0294582399  -0.0007276540  1.0000000000  
1.0008630453  -0.0006462299  1.0000000000  
0.9691010785  -0.0005721032  1.0000000000  
0.9344274405  -0.0005046673  1.0000000000  
0.8971502031  -0.0004433610  1.0000000000  
0.8576171807  -0.0003876653  1.0000000000  
0.8162028338  -0.0003371009  1.0000000000  
0.7732958975  -0.0002912258  1.0000000000  
0.7292881620  -0.0002496324  1.0000000000  
0.6845646780  -0.0002119457  1.0000000000  
0.6394955351  -0.0001778205  1.0000000000  
0.5944292543  -0.0001469398  1.0000000000  
0.5496877553  -0.0001190127  1.0000000000  
0.5055627997  -0.0000937721  1.0000000000  
0.4623137723  -0.0000709736  1.0000000000  
0.4201666354  -0.0000503932  1.0000000000  
0.3793138819  -0.0000318262  1.0000000000  
0.3399153118  -0.0000150855  1.0000000000  
0.3020994608  0.0000000000  1.0000000000  
0.2659655236  0.0000000000  1.0000000000  
0.2315856298  0.0000000000  1.0000000000  
0.1990073449  0.0000000000  1.0000000000  
0.1682562900  0.0000000000  1.0000000000  
0.1393387896  0.0000000000  1.0000000000  
0.1122444752  0.0000000000  1.0000000000  
0.0869487865  0.0000000000  1.0000000000  
0.0634153285  0.0000000000  1.0000000000  
0.0415980533  0.0000000000  1.0000000000  
0.0214432479  0.0000000000  1.0000000000  
0.0028913174  0.0000000000  1.0000000000  
-0.0141216392  0.0000000000  1.0000000000  
-0.0296624572  0.0000000000  1.0000000000  
-0.0437997301  0.0000000000  1.0000000000  
-0.0566028176  0.0000000000  1.0000000000  
-0.0681410252  0.0000000000  1.0000000000  
-0.0784829372  0.0000000000  1.0000000000  
-0.0876958889  0.0000000000  1.0000000000  
-0.0958455613  0.0000000000  1.0000000000  
-0.1029956804  0.0000000000  1.0000000000  
-0.1092078077  0.0000000000  1.0000000000  
-0.1145412055  0.0000000000  1.0000000000  
-0.1190527641  0.0000000000  1.0000000000  
-0.1227969791  0.0000000000  1.0000000000  
-0.1258259672  0.0000000000  1.0000000000  
-0.1281895109  0.0000000000  1.0000000000  
-0.1299351244  0.0000000000  1.0000000000  
-0.1311081331  0.0000000000  1.0000000000  
-0.1317517617  0.0000000000  1.0000000000  
-0.1319072248  0.0000000000  1.0000000000  
-0.1316138183  0.0000000000  1.0000000000  
-0.1309090065  0.0000000000  1.0000000000  
-0.1298285057  0.0000000000  1.0000000000  
-0.1284063598  0.0000000000  1.0000000000  
-0.1266750099  0.0000000000  1.0000000000  
-0.1246653559  0.0000000000  1.0000000000  
-0.1224068110  0.0000000000  1.0000000000  
-0.1199273497  0.0000000000  1.0000000000  
-0.1172535486  0.0000000000  1.0000000000  
-0.1144106225  0.0000000000  1.0000000000  
-0.1114224554  0.0000000000  1.0000000000  
-0.1083116279  0.0000000000  1.0000000000  
-0.1050994422  0.0000004799  1.0000000000  
-0.1018059440  0.0000130918  1.0000000000  
-0.0984499449  0.0000917382  1.0000000000  
-0.0950490427  0.0003638933  1.0000000000  
-0.0916196434  0.0010459344  1.0000000000  
-0.0881769835  0.0024396071  1.0000000000  
-0.0847351535  0.0049132597  1.0000000000  
-0.0813071232  0.0088736905  1.0000000000  
-0.0779047690  0.0147343844  1.0000000000  
-0.0745389038  0.0228848134  1.0000000000  
-0.0712193077  0.0336640468  1.0000000000  
-0.0679547628  0.0473405367  1.0000000000  
-0.0647530884  0.0640988044  1.0000000000  
-0.0616211796  0.0840328956  1.0000000000  
-0.0585650464  0.1071458986  1.0000000000  
-0.0555898560  0.1333544899  1.0000000000  
-0.0526999747  0.1624973267  1.0000000000  
-0.0498990121  0.1943461083  1.0000000000  
-0.0471898660  0.2286182143  1.0000000000  
-0.0445747672  0.2649899772  1.0000000000  
-0.0420553248  0.3031098172  1.0000000000  
-0.0396325718  0.3426106463  1.0000000000  
-0.0373070098  0.3831211163  1.0000000000  
-0.0350786531  0.4242754378  1.0000000000  
-0.0329470724  0.4657216242  1.0000000000  
-0.0309114370  0.5071281197  1.0000000000  
-0.0289705560  0.5481888518  1.0000000000  
-0.0271229174  0.5886268070  1.0000000000  
-0.0253667266  0.6281962707  1.0000000000  
-0.0236999422  0.6666838935  1.0000000000  
-0.0221203106  0.7039087604  1.0000000000  
-0.0206253983  0.7397216393  1.0000000000  
-0.0192126225  0.7740035785  1.0000000000  
-0.0178792794  0.8066640117  1.0000000000  
-0.0166225707  0.8376385128  1.0000000000  
-0.0154260420  0.8668863279  1.0000000000  
-0.0143017206  0.8943877898  1.0000000000  
-0.0132465339  0.9201417067  1.0000000000  
-0.0122574123  0.9441627973  1.0000000000  
-0.0113313048  0.9664792286  1.0000000000  
-0.0104651931  0.9871302999  1.0000000000  
-0.0096561043  1.0061643023  1.0000000000  
-0.0089011212  1.0236365730  1.0000000000  
-0.0081973922  1.0396077548  1.0000000000  
-0.0075421389  1.0541422628  1.0000000000  
-0.0069326629  1.0673069544  1.0000000000  
-0.0063663513  1.0791699954  1.0000000000  
-0.0058406812  1.0897999089  1.0000000000  
-0.0053532228  1.0992647944  1.0000000000  
-0.0049016421  1.1076317001  1.0000000000  
-0.0044837020  1.1149661326  1.0000000000  
-0.0040972639  1.1213316870  1.0000000000  
-0.0037402872  1.1267893012  1.0000000000  
-0.0034108289  1.1313863866  1.0000000000  
-0.0031070427  1.1351256453  1.0000000000  
-0.0028271779  1.1379337060  1.0000000000  
-0.0025695768  1.1396457960  1.0000000000  
-0.0023326730  1.1400093172  1.0000000000  
-0.0021149889  1.1387026796  1.0000000000  
-0.0019151327  1.1353635409  1.0000000000  
-0.0017317957  1.1296206692  1.0000000000  
-0.0015637491  1.1211247471  1.0000000000  
-0.0014098412  1.1095748692  1.0000000000  
-0.0012689935  1.0947388611  1.0000000000  
-0.0011401980  1.0764666928  1.0000000000  
-0.0010225137  1.0546971178  1.0000000000  
-0.0009150634  1.0294582399  1.0000000000  
-0.0008170300  1.0008630453  1.0000000000  
-0.0007276540  0.9691010785  1.0000000000  
-0.0006462299  0.9344274405  1.0000000000  
-0.0005721032  0.8971502031  1.0000000000  
-0.0005046673  0.8576171807  1.0000000000  
-0.0004433610  0.8162028338  1.0000000000  
-0.0003876653  0.7732958975  1.0000000000  
-0.0003371009  0.7292881620  1.0000000000  
-0.0002912258  0.6845646780  1.0000000000  
-0.0002496324  0.6394955351  1.0000000000  
-0.0002119457  0.5944292543  1.0000000000  
-0.0001778205  0.5496877553  1.0000000000  
-0.0001469398  0.5055627997  1.0000000000  
-0.0001190127  0.4623137723  1.0000000000  
-0.0000937721  0.4201666354  1.0000000000  
-0.0000709736  0.3793138819  1.0000000000  
-0.0000503932  0.3399153118  1.0000000000  
-0.0000318262  0.3020994608  1.0000000000  
-0.0000150855  0.2659655236  1.0000000000  
0.0000000000  0.2315856298  1.0000000000  
0.0000000000  0.1990073449  1.0000000000  
0.0000000000  0.1682562900  1.0000000000  
0.0000000000  0.1393387896  1.0000000000  
0.0000000000  0.1122444752  1.0000000000  
0.0000000000  0.0869487865  1.0000000000  
0.0000000000  0.0634153285  1.0000000000  
0.0000000000  0.0415980533  1.0000000000  
0.0000000000  0.0214432479  1.0000000000  
0.0000000000  0.0028913174  1.0000000000  
0.0000000000  -0.0141216392  1.0000000000  
0.0000000000  -0.0296624572  1.0000000000  
0.0000000000  -0.0437997301  1.0000000000  
0.0000000000  -0.0566028176  1.0000000000  
0.0000000000  -0.0681410252  1.0000000000  
0.0000000000  -0.0784829372  1.0000000000  
0.0000000000  -0.0876958889  1.0000000000  
0.0000000000  -0.0958455613  1.0000000000  
0.0000000000  -0.1029956804  1.0000000000  
0.0000000000  -0.1092078077  1.0000000000  
0.0000000000  -0.1145412055  1.0000000000  
0.0000000000  -0.1190527641  1.0000000000  
0.0000000000  -0.1227969791  1.0000000000  
0.0000000000  -0.1258259672  1.0000000000  
0.0000000000  -0.1281895109  1.0000000000  
0.0000000000  -0.1299351244  1.0000000000  
0.0000000000  -0.1311081331  1.0000000000  
0.0000000000  -0.1317517617  1.0000000000  
0.0000000000  -0.1319072248  1.0000000000  
0.0000000000  -0.1316138183  1.0000000000  
0.0000000000  -0.1309090065  1.0000000000  
0.0000000000  -0.1298285057  1.0000000000  
0.0000000000  -0.1284063598  1.0000000000  
0.0000000000  -0.1266750099  1.0000000000  
0.0000000000  -0.1246653559  1.0000000000  
0.0000000000  -0.1224068110  1.0000000000  
0.0000000000  -0.1199273497  1.0000000000  
0.0000000000  -0.1172535486  1.0000000000  
0.0000000000  -0.1144106225  1.0000000000  
0.0000000000  -0.1114224554  1.0000000000  
0.0000000000  -0.1083116279  1.0000000000  
0.0000000000  -0.1050994422  1.0000000000  
0.0000004799  -0.1018059440  1.0000000000  
0.0000130918  -0.0984499449  1.0000000000  
0.0000917382  -0.0950490427  1.0000000000  
0.0003638933  -0.0916196434  1.0000000000  
0.0010459344  -0.0881769835  1.0000000000  
0.0024396071  -0.0847351535  1.0000000000  
0.0049132597  -0.0813071232  1.0000000000  
0.0088736905  -0.0779047690  1.0000000000  
0.0147343844  -0.0745389038  1.0000000000  
0.0228848134  -0.0712193077  1.0000000000  
0.0336640468  -0.0679547628  1.0000000000  
0.0473405367  -0.0647530884  1.0000000000  
0.0640988044  -0.0616211796  1.0000000000  
0.0840328956  -0.0585650464  1.0000000000  
0.1071458986  -0.0555898560  1.0000000000  
0.1333544899  -0.0526999747  1.0000000000  
0.1624973267  -0.0498990121  1.0000000000  
0.1943461083  -0.0471898660  1.0000000000  
0.2286182143  -0.0445747672  1.0000000000  
0.2649899772  -0.0420553248  1.0000000000  
0.3031098172  -0.0396325718  1.0000000000  
0.3426106463  -0.0373070098  1.0000000000  
0.3831211163  -0.0350786531  1.0000000000  
0.4242754378  -0.0329470724  1.0000000000  
0.4657216242  -0.0309114370  1.0000000000  
0.5071281197  -0.0289705560  1.0000000000  
0.5481888518  -0.0271229174  1.0000000000  
0.5886268070  -0.0253667266  1.0000000000  
0.6281962707  -0.0236999422  1.0000000000  
0.6666838935  -0.0221203106  1.0000000000  
0.7039087604  -0.0206253983  1.0000000000  
0.7397216393  -0.0192126225  1.0000000000  
0.7740035785  -0.0178792794  1.0000000000  
0.8066640117  -0.0166225707  1.0000000000  
0.8376385128  -0.0154260420  1.0000000000  
0.8668863279  -0.0143017206  1.0000000000  
0.8943877898  -0.0132465339  1.0000000000  
0.9201417067  -0.0122574123  1.0000000000  
0.9441627973  -0.0113313048  1.0000000000  
0.9664792286  -0.0104651931  1.0000000000  
0.9871302999  -0.0096561043  1.0000000000  
1.0061643023  -0.0089011212  1.0000000000  
1.0236365730  -0.0081973922  1.0000000000  
1.0396077548  -0.0075421389  1.0000000000  
1.0541422628  -0.0069326629  1.0000000000  
1.0673069544  -0.0063663513  1.0000000000  
1.0791699954  -0.0058406812  1.0000000000  
1.0897999089  -0.0053532228  1.0000000000  
1.0992647944  -0.0049016421  1.0000000000  
1.1076317001  -0.0044837020  1.0000000000  
1.1149661326  -0.0040972639  1.0000000000  
1.1213316870  -0.0037402872  1.0000000000  
1.1267893012  -0.0034108289  1.0000000000  
1.1313863866  -0.0031070427  1.0000000000  
1.1351256453  -0.0028271779  1.0000000000  
1.1379337060  -0.0025695768  1.0000000000  
1.1396457960  -0.0023326730  1.0000000000  
1.1400093172  -0.0021149889  1.0000000000  
1.1387026796  -0.0019151327  1.0000000000  
1.1353635409  -0.0017317957  1.0000000000  
1.1296206692  -0.0015637491  1.0000000000  
1.1211247471  -0.0014098412  1.0000000000  
1.1095748692  -0.0012689935  1.0000000000  
1.0947388611  -0.0011401980  1.0000000000  
1.0764666928  -0.0010225137  1.0000000000  
1.0546971178  -0.0009150634  1.0000000000  
1.0294582399  -0.0008170300  1.0000000000  
1.0008630453  -0.0007276540  1.0000000000  
0.9691010785  -0.0006462299  1.0000000000  
0.9344274405  -0.0005721032  1.0000000000  
0.8971502031  -0.0005046673  1.0000000000  
0.8576171807  -0.0004433610  1.0000000000  
0.8162028338  -0.0003876653  1.0000000000  
0.7732958975  -0.0003371009  1.0000000000  
0.7292881620  -0.0002912258  1.0000000000  
0.6845646780  -0.0002496324  1.0000000000  
0.6394955351  -0.0002119457  1.0000000000  
0.5944292543  -0.0001778205  1.0000000000  
0.5496877553  -0.0001469398  1.0000000000  
0.5055627997  -0.0001190127  1.0000000000  
0.4623137723  -0.0000937721  1.0000000000  
0.4201666354  -0.0000709736  1.0000000000  
0.3793138819  -0.0000503932  1.0000000000  
0.3399153118  -0.0000318262  1.0000000000  
0.3020994608  -0.0000150855  1.0000000000  
0.2659655236  0.0000000000  1.0000000000  
0.2315856298  0.0000000000  1.0000000000  
0.1990073449  0.0000000000  1.0000000000  
0.1682562900  0.0000000000  1.0000000000  
0.1393387896  0.0000000000  1.0000000000  
0.1122444752  0.0000000000  1.0000000000  
0.0869487865  0.0000000000  1.0000000000  
0.0634153285  0.0000000000  1.0000000000  
0.0415980533  0.0000000000  1.0000000000  
0.0214432479  0.0000000000  1.0000000000  
0.0028913174  0.0000000000  1.0000000000  
-0.0141216392  0.0000000000  1.0000000000  
-0.0296624572  0.0000000000  1.0000000000  
-0.0437997301  0.0000000000  1.0000000000  
-0.0566028176  0.0000000000  1.0000000000  
-0.0681410252  0.0000000000  1.0000000000  
-0.0784829372  0.0000000000  1.0000000000  
-0.0876958889  0.0000000000  1.0000000000  
-0.0958455613  0.0000000000  1.0000000000  
-0.1029956804  0.0000000000  1.0000000000  
-0.1092078077  0.0000000000  1.0000000000  
-0.1145412055  0.0000000000  1.0000000000  
-0.1190527641  0.0000000000  1.0000000000  
-0.1227969791  0.0000000000  1.0000000000  
-0.1258259672  0.0000000000  1.0000000000  
-0.1281895109  0.0000000000  1.0000000000  
-0.1299351244  0.0000000000  1.0000000000  
-0.1311081331  0.0000000000  1.0000000000  
-0.1317517617  0.0000000000  1.0000000000  
-0.1319072248  0.0000000000  1.0000000000  
-0.1316138183  0.0000000000  1.0000000000  
-0.1309090065  0.0000000000  1.0000000000  
-0.1298285057  0.0000000000  1.0000000000  
-0.1284063598  0.0000000000  1.0000000000  
-0.1266750099  0.0000000000  1.0000000000  
-0.1246653559  0.0000000000  1.0000000000  
-0.1224068110  0.0000000000  1.0000000000  
-0.1199273497  0.0000000000  1.0000000000  
-0.1172535486  0.0000000000  1.0000000000  
-0.1144106225  0.0000000000  1.0000000000  
-0.1114224554  0.0000000000  1.0000000000  
-0.1083116279  0.0000000000  1.0000000000  
-0.1050994422  0.0000004799  1.0000000000  
-0.1018059440  0.0000130918  1.0000000000  
-0.0984499449  0.0000917382  1.0000000000  
-0.0950490427  0.0003638933  1.0000000000  
-0.0916196434  0.0010459344  1.0000000000  
-0.0881769835  0.0024396071  1.0000000000  
-0.0847351535  0.0049132597  1.0000000000  
-0.0813071232  0.0088736905  1.0000000000  
-0.0779047690  0.0147343844  1.0000000000  
-0.0745389038  0.0228848134  1.0000000000  
-0.0712193077  0.0336640468  1.0000000000  
-0.0679547628  0.0473405367  1.0000000000  
-0.0647530884  0.0640988044  1.0000000000  
-0.0616211796  0.0840328956  1.0000000000  
-0.0585650464  0.1071458986  1.0000000000  
-0.0555898560  0.1333544899  1.0000000000  
-0.0526999747  0.1624973267  1.0000000000  
-0.0498990121  0.1943461083  1.0000000000  
-0.0471898660  0.2286182143  1.0000000000  
-0.0445747672  0.2649899772  1.0000000000  
-0.0420553248  0.3031098172  1.0000000000  
-0.0396325718  0.3426106463  1.0000000000  
-0.0373070098  0.3831211163  1.0000000000  
-0.0350786531  0.4242754378  1.0000000000  
-0.0329470724  0.4657216242  1.0000000000  
-0.0309114370  0.5071281197  1.0000000000  
-0.0289705560  0.5481888518  1.0000000000  
-0.0271229174  0.5886268070  1.0000000000  
-0.0253667266  0.6281962707  1.0000000000  
-0.0236999422  0.6666838935  1.0000000000  
-0.0221203106  0.7039087604  1.0000000000  
-0.0206253983  0.7397216393  1.0000000000  
-0.0192126225  0.7740035785  1.0000000000  
-0.0178792794  0.8066640117  1.0000000000  
-0.0166225707  0.8376385128  1.0000000000  
-0.0154260420  0.8668863279  1.0000000000  
-0.0143017206  0.8943877898  1.0000000000  
-0.0132465339  0.9201417067  1.0000000000  
-0.0122574123  0.9441627973  1.0000000000  
-0.0113313048  0.9664792286  1.0000000000  
-0.0104651931  0.9871302999  1.0000000000  
-0.0096561043  1.0061643023  1.0000000000  
-0.0089011212  1.0236365730  1.0000000000  
-0.0081973922  1.0396077548  1.0000000000  
-0.0075421389  1.0541422628  1.0000000000  
-0.0069326629  1.0673069544  1.0000000000  
-0.0063663513  1.0791699954  1.0000000000  
-0.0058406812  1.0897999089  1.0000000000  
-0.0053532228  1.0992647944  1.0000000000  
-0.0049016421  1.1076317001  1.0000000000  
-0.0044837020  1.1149661326  1.0000000000  
-0.0040972639  1.1213316870  1.0000000000  
-0.0037402872  1.1267893012  1.0000000000  
-0.0034108289  1.1313863866  1.0000000000  
-0.0031070427  1.1351256453  1.0000000000  
-0.0028271779  1.1379337060  1.0000000000  
-0.0025695768  1.1396457960  1.0000000000  
-0.0023326730  1.1400093172  1.0000000000  
-0.0021149889  1.1387026796  1.0000000000  
-0.0019151327  1.1353635409  1.0000000000  
-0.0017317957  1.1296206692  1.0000000000  
-0.0015637491  1.1211247471  1.0000000000  
-0.0014098412  1.1095748692  1.0000000000  
-0.0012689935  1.0947388611  1.0000000000  
-0.0011401980  1.0764666928  1.0000000000  
-0.0010225137  1.0546971178  1.0000000000  
-0.0009150634  1.0294582399  1.0000000000  
-0.0008170300  1.0008630453  1.0000000000  
-0.0007276540  0.9691010785  1.0000000000  
-0.0006462299  0.9344274405  1.0000000000  
-0.0005721032  0.8971502031  1.0000000000  
-0.0005046673  0.8576171807  1.0000000000  
-0.0004433610  0.8162028338  1.0000000000  
-0.0003876653  0.7732958975  1.0000000000  
-0.0003371009  0.7292881620  1.0000000000  
-0.0002912258  0.6845646780  1.0000000000  
-0.0002496324  0.6394955351  1.0000000000  
-0.0002119457  0.5944292543  1.0000000000  
-0.0001778205  0.5496877553  1.0000000000  
-0.0001469398  0.5055627997  1.0000000000  
-0.0001190127  0.4623137723  1.0000000000  
-0.0000937721  0.4201666354  1.0000000000  
-0.0000709736  0.3793138819  1.0000000000  
-0.0000503932  0.3399153118  1.0000000000  
-0.0000318262  0.3020994608  1.0000000000  
-0.0000150855  0.2659655236  1.0000000000  
0.0000000000  0.2315856298  1.0000000000  
0.0000000000  0.1990073449  1.0000000000  
0.0000000000  0.1682562900  1.0000000000  
0.0000000000  0.1393387896  1.0000000000  
0.0000000000  0.1122444752  1.0000000000  
0.0000000000  0.0869487865  1.0000000000  
0.0000000000  0.0634153285  1.0000000000  
0.0000000000  0.0415980533  1.0000000000  
0.0000000000  0.0214432479  1.0000000000  
0.0000000000  0.0028913174  1.0000000000  
0.0000000000  -0.0141216392  1.0000000000  
0.0000000000  -0.0296624572  1.0000000000  
0.0000000000  -0.0437997301  1.0000000000  
0.0000000000  -0.0566028176  1.0000000000  
0.0000000000  -0.0681410252  1.0000000000  
0.0000000000  -0.0784829372  1.0000000000  
0.0000000000  -0.0876958889  1.0000000000  
0.0000000000  -0.0958455613  1.0000000000  
0.0000000000  -0.1029956804  1.0000000000  
0.0000000000  -0.1092078077  1.0000000000  
0.0000000000  -0.1145412055  1.0000000000  
0.0000000000  -0.1190527641  1.0000000000  
0.0000000000  -0.1227969791  1.0000000000  
0.0000000000  -0.1258259672  1.0000000000  
0.0000000000  -0.1281895109  1.0000000000  
0.0000000000  -0.1299351244  1.0000000000  
0.0000000000  -0.1311081331  1.0000000000  
0.0000000000  -0.1317517617  1.0000000000  
0.0000000000  -0.1319072248  1.0000000000  
0.0000000000  -0.1316138183  1.0000000000  
0.0000000000  -0.1309090065  1.0000000000  
0.0000000000  -0.1298285057  1.0000000000  
0.0000000000  -0.1284063598  1.0000000000  
0.0000000000  -0.1266750099  1.0000000000  
0.0000000000  -0.1246653559  1.0000000000  
0.0000000000  -0.1224068110  1.0000000000  
0.0000000000  -0.1199273497  1.0000000000  
0.0000000000  -0.1172535486  1.0000000000  
0.0000000000  -0.1144106225  1.0000000000  
0.0000000000  -0.1114224554  1.0000000000  
